D1,D2,responses,weight,s-weight
0,19009,False,0.0002084623049936,0.619845986366272
0,21897,False,0.0002084623049936,0.0
0,9462,False,0.0002553131389194,0.0
1,17828,False,0.0005646924393157,0.7381578087806702
1,1643,False,0.0019920476822239,0.0
1,16447,True,0.0002716428657578,0.8553825616836548
2,11472,False,0.0020690147215059,0.0
2,3384,False,0.0020690147215059,0.0
2,18028,False,3.965332746895559e-05,0.774563729763031
3,10299,False,0.000668153104781,0.0
3,4378,Answer: False,5.302802418897309e-05,0.8530861735343933
3,21424,False,0.0004980119205559,0.8342201709747314
4,11725,False,7.939749312153186e-05,0.7298694849014282
5,6047,Answer: False,8.495802634210858e-05,0.0
5,20932,Answer: True,0.0046664899508666,0.8716970086097717
5,10422,Answer: True,0.002538365412834,0.745769202709198
6,9015,Answer: True,6.7630088842497705e-06,0.9673612713813782
7,1303,Answer: False,0.0081104362433904,0.834133505821228
7,7226,False,0.0026650089544451,0.0
7,21840,False,0.0002577020039126,0.5442949533462524
8,2263,Answer: False,9.555497043061452e-05,0.5938400030136108
8,18908,False,2.963033849010234e-05,0.7976323366165161
8,10780,False,0.0004990968529306,0.0
9,2456,False,0.0001130677821102,0.8457511067390442
9,476,False,5.747805179575947e-05,0.0
10,15905,False,7.977983064442326e-05,0.5270434617996216
10,12841,False,7.977983064442326e-05,0.0
10,14740,False,7.977983064442326e-05,0.0
11,7783,False,0.0001180562672201,0.0
11,7666,False,0.0003935208907339,0.0
11,3541,False,0.0004250511420422,0.0
12,6062,False,0.0005249506569572,0.0
12,401,False,2.413914714999916e-05,0.0
13,9360,False,0.0001077806500506,0.5593277812004089
13,12285,False,0.0002240064457438,0.7328238487243652
14,1699,False,6.375808599442058e-05,0.8769415616989136
15,17810,Answer: True,5.456538672786972e-05,0.9182237982749939
15,17364,Answer: True,5.456538672786972e-05,0.9467528462409973
15,4282,True,5.456538672786972e-05,0.9089162349700928
16,7991,False,0.00010314036906,0.0
16,3241,False,6.969414512538304e-05,0.0
17,11721,False,9.126808071427712e-05,0.0
17,1761,False,0.0002414726442081,0.0
18,2734,False,9.908588852794144e-05,0.0
18,11026,False,0.0016929013265361,0.0
19,19596,False,0.0010101525445522,0.768129289150238
19,17429,Answer: True,3.3354093452195634e-05,0.8409780263900757
19,13057,Answer: False,5.747126436781609e-05,0.726723313331604
20,16161,False,0.0005510833927217,0.0
20,11936,False,8.73402751347792e-05,0.0
20,16837,Answer: True,0.0005510833927217,0.8289142847061157
21,14835,False,2.9488370717337368e-05,0.7614927291870117
21,7853,Answer: False,3.699492029507539e-05,0.843660831451416
22,21284,Answer: False,4.280307392170385e-05,0.7883743643760681
22,17882,False,3.720238095238095e-05,0.9220693707466125
22,17391,True,3.720238095238095e-05,0.9121303558349609
23,20955,False,0.0001722704647072,0.0
23,643,False,0.0002224002136181,0.0
23,8253,False,0.0002731117123407,0.0
24,13450,False,0.0002674618086463,0.45652997493743896
24,12804,False,0.0001614923142973,0.710309624671936
24,10757,False,0.0001614923142973,0.5387718677520752
25,6984,Answer: False,0.0032224549634855,0.8927911520004272
25,2544,False,0.0001039501601124,0.6970430016517639
25,21826,False,5.120601579687593e-05,0.814153790473938
26,15322,False,0.0003741305720563,0.6035081148147583
26,18788,False,0.0003741305720563,0.6277440786361694
26,537,Answer: False,0.0006415002990995,0.8587775230407715
27,18635,False,0.0001332149726057,0.0
27,9821,False,0.0027086816944298,0.5376449823379517
27,10473,False,0.0001226980010842,0.5956419110298157
28,1894,False,0.0025515518153991,0.0
28,17011,False,0.0002422735413131,0.572593092918396
28,14112,False,0.0018042195912175,0.792576253414154
29,6031,Answer: True,0.0001621872800336,0.7924346923828125
29,22010,False,0.0001701034543599,0.527424693107605
29,8070,False,0.0001793047845466,0.821463406085968
30,11088,False,0.0003123475237772,0.9503656029701233
30,15046,False,0.0003123475237772,0.8771897554397583
30,13118,True,0.0003478266129707,0.7274549007415771
31,18643,False,0.0004009376869372,0.7478753328323364
31,18620,False,0.0004009376869372,0.7092255353927612
31,16173,False,0.002105469021954,0.6978060007095337
32,11384,False,0.0002215438596186,0.0
32,13381,False,0.0002215438596186,0.0
32,21567,False,4.029114820126902e-05,0.9146518707275391
33,12551,False,0.0004415107856883,0.5021287202835083
33,6432,False,0.0010814761408717,0.6489909291267395
33,10517,False,0.0004159523618737,0.0
34,5118,False,4.115602724364557e-05,0.8118762373924255
34,21044,False,4.115602724364557e-05,0.6703713536262512
34,13062,False,0.002179068168202,0.7964657545089722
35,16020,False,0.0001667000100033,0.5816142559051514
35,8092,False,0.0002538839853786,0.580223560333252
35,7381,Answer: False,0.0002538839853786,0.5381749868392944
36,21331,False,0.000216742865178,0.8707647919654846
36,599,False,0.0003556512517892,0.5082643628120422
36,2136,False,0.0005517372590682,0.5285768508911133
37,15178,False,3.752383520543744e-05,0.0
37,2440,False,2.3271294702378147e-05,0.6738613843917847
37,6357,False,3.357892479981934e-05,0.5269166827201843
38,19129,False,0.0005811439793215,0.7337568998336792
38,21628,False,0.0005811439793215,0.7244640588760376
39,1494,False,0.000395284707521,0.0
39,10872,Answer: False,0.0003258314422493,0.8848687410354614
39,21079,False,0.0022727272727272,0.0
41,21700,False,6.548127159682682e-05,0.8635185360908508
41,6816,True,2.1843252763688463e-05,0.8346580266952515
41,10802,Answer: False,2.144964840292623e-05,0.8499158024787903
42,13828,False,0.0004766900245457,0.0
42,18839,False,4.996541092525741e-05,0.7160096168518066
42,172,Answer: True,0.0003563483225498,0.817795991897583
43,902,False,5.334856332118192e-05,0.0
43,130,False,5.334856332118192e-05,0.0
43,45,False,0.0002242293377847,0.8498580455780029
44,6041,False,0.0001867544702084,0.0
44,13045,False,0.0001524843863982,0.0
45,21787,False,0.0001595462574706,0.0
46,7695,False,0.0001855674047563,0.0
46,15637,False,0.0002032789070454,0.0
46,19698,False,0.0005249506569572,0.576623260974884
47,15950,False,0.000149859198499,0.0
47,14934,False,3.381696242084797e-05,0.0
47,1149,False,0.0001535853709946,0.0
48,5920,False,3.685696375860923e-05,0.6577231287956238
49,8095,Answer: False,0.0025552941974534,0.8178821802139282
49,8096,False,0.0003945671245713,0.9308568239212036
49,6064,False,0.0003945671245713,0.8934089541435242
50,16665,True,6.065244974811362e-05,0.6808102130889893
50,16936,True,6.065244974811362e-05,0.7316684722900391
50,2013,True,2.63452601038207e-05,0.7808613777160645
51,11090,False,8.948854897251792e-05,0.0
51,20622,False,0.0002706838288542,0.0
51,9388,False,0.0009030265705903,0.0
53,17892,Answer: False,7.797892632905463e-05,0.9560840129852295
54,19790,False,0.0001758360161168,0.7063292264938354
54,649,False,0.0002632107609328,0.949926495552063
54,6572,Answer: False,6.280178111190444e-05,0.9720132946968079
55,1559,False,0.0004030947485593,0.0
55,12913,True,4.721994293123729e-05,0.7926572561264038
55,8902,Answer: False,4.721994293123729e-05,0.7521533966064453
56,11153,False,8.844640966251329e-05,0.7560412883758545
56,209,False,6.0934277456342416e-05,0.8483844995498657
56,16349,False,1.540508036163895e-05,0.7985946536064148
57,12060,False,8.891562467748218e-05,0.9250239133834839
57,19357,False,9.922788537271736e-05,0.7185966968536377
57,13302,Answer: False,8.891562467748218e-05,0.9666963219642639
58,9328,Answer: False,0.0001168619894199,0.9245166778564453
58,20807,False,0.0008858246903877,0.8368197083473206
58,21239,Answer: False,0.0002939752713698,0.6706002950668335
59,2162,False,2.5276145636533594e-05,0.7813034057617188
61,433,False,0.0001071373910888,0.0
61,2378,False,0.0002815505451474,0.0
61,20722,False,0.0003888078956798,0.5763844847679138
62,17073,False,0.0001710964777072,0.7257895469665527
62,1671,False,0.0001280368799328,0.65753173828125
62,13600,False,4.2117394714768415e-05,0.7582880854606628
63,16321,False,0.0001155292199489,0.0
63,12675,Answer: True,0.0001556432015911,0.6859194040298462
63,17509,False,0.0001155292199489,0.0
64,8391,False,0.0068376068376068,0.9628901481628418
64,18372,False,0.0068376068376068,0.8542591333389282
65,12292,False,0.0002043051205455,0.0
65,11129,False,7.341122971727173e-05,0.9887787103652954
65,8836,False,6.41817324223507e-05,0.8736987113952637
66,7661,False,6.323037973282974e-05,0.7481871843338013
66,13626,False,6.323037973282974e-05,0.803554356098175
66,3668,Answer: False,8.35471161470236e-05,0.7878013849258423
67,14617,False,0.0004247059928646,0.855583906173706
67,4646,True,0.0074158201385768,0.5641075372695923
67,14615,False,0.0004234977230113,0.8490794897079468
68,1303,False,0.0030264047614689,0.6634637713432312
68,15251,False,8.894600837060251e-05,0.6708555817604065
69,20427,False,0.0001485759453488,0.8795742988586426
69,14641,False,0.0001485759453488,0.8373349905014038
69,21809,Answer: True,0.0002269535053368,0.8398295640945435
70,16952,False,0.0030687810963666,0.0
70,3747,False,4.613001537453146e-05,0.731444239616394
70,20306,Answer: False,7.45177171434739e-05,0.7947164177894592
71,19038,False,0.0001500223549964,0.0
71,21679,Answer: False,9.860475355393464e-05,0.0
71,5915,False,6.594831313689337e-05,0.6356791853904724
72,1711,False,0.0007084185700703,0.566138505935669
72,6043,False,8.347838711296823e-05,0.8756014108657837
72,1989,False,7.773014091960623e-05,0.0
73,21547,False,0.0008537347209531,0.0
73,19782,True,0.0003149703941743,0.907146155834198
73,7202,False,0.0030860669992418,0.7534950971603394
74,12054,False,5.129001011282152e-05,0.0
74,14623,False,9.799175712329137e-05,0.0
74,10382,False,1.3065567616438851e-05,0.688467800617218
75,21613,False,0.0010944462578335,0.0
75,13886,False,2.9381788206775963e-05,0.7233183979988098
75,15871,False,3.392716666090935e-05,0.7108911275863647
76,19387,False,0.0002508954127128,0.0
76,20515,False,0.0002508954127128,0.0
76,14467,False,0.0002508954127128,0.0
77,9009,False,0.0002098248944576,0.0
77,13395,False,0.0002098248944576,0.0
77,2516,False,0.0002098248944576,0.0
78,8603,False,4.994379491259738e-05,0.0
78,15544,False,4.994379491259738e-05,0.0
79,18187,Answer: False,0.000159557095532,0.860483705997467
79,17238,Answer: False,0.000159557095532,0.8473118543624878
79,18495,Answer: False,0.000159557095532,0.8710611462593079
80,6751,False,0.0012634967392981,0.0
80,6526,Answer: True,9.926967915164768e-05,0.9162331819534302
80,17375,Answer: True,5.290272247880212e-05,0.8228527307510376
81,17194,Answer: True,9.839896712925347e-06,0.9603098034858704
82,21003,False,0.0008298826628866,0.796228289604187
82,19292,False,0.0008298826628866,0.7557483315467834
82,7743,False,0.0009822226065674,0.9351820349693298
83,7220,False,0.000924500327042,0.0
83,21078,False,0.000118613447263,0.0
83,20992,False,0.000118613447263,0.0
84,14769,False,0.000533001790889,0.0
84,9262,Answer: True,0.0001415546218674,0.8013970851898193
84,19088,False,0.0030772872744833,0.0
85,9496,True,0.0001077069173101,0.7090332508087158
85,9262,Answer: False,0.0001077069173101,0.7649286985397339
85,19088,False,0.0023414645289542,0.0
86,11617,Answer: False,5.465634052333926e-05,0.7898263931274414
86,7610,True,5.465634052333926e-05,0.8185817003250122
86,9636,True,0.001753672564675,0.5062263607978821
88,19477,False,0.0001114036201756,0.6067155599594116
88,18980,Answer: True,9.096067497635309e-05,0.7843060493469238
88,3269,Answer: False,7.877425527490126e-05,0.8516591191291809
89,14042,False,0.0094868329805051,0.6449359655380249
89,10105,Answer: False,0.0002264902541641,0.6689997911453247
89,2097,False,0.0002264902541641,0.6481789350509644
90,21309,False,0.0001181534647522,0.8503855466842651
90,4403,False,0.0013942108840769,0.6731064915657043
90,20354,False,0.0013081589639322,0.6575042605400085
91,20811,False,5.338718616752841e-05,0.6792662143707275
91,13412,True,0.0001191236149819,0.7940192818641663
91,17687,Answer: False,8.186689358017897e-05,0.9413028955459595
92,8088,False,0.0004089988102241,0.0
92,10206,False,0.0004888470791636,0.0
93,3294,False,0.0001242259987499,0.5741981863975525
93,8348,False,0.0002084033688334,0.6352179050445557
93,8350,False,0.0001285478723645,0.7943357229232788
94,21060,False,4.060966025821151e-05,0.6452673673629761
94,6087,False,0.0001230658549296,0.0
94,19078,False,0.0011396057645963,0.6409498453140259
95,14940,False,0.0001000999496495,0.5560721158981323
95,9682,False,0.0003925464331383,0.0
95,10966,True,0.001855674047563,0.8812771439552307
97,12286,False,0.0002465118838848,0.0
97,15904,Answer: True,0.0002475368857441,0.7417738437652588
98,751,False,0.0001434438276373,0.0
98,2775,False,0.0003381003441389,0.6577388048171997
99,6551,True,0.0001669088602318,0.893781304359436
99,4520,Answer: False,2.0706502148838262e-05,0.8386653661727905
99,10545,Answer: False,0.0001669088602318,0.8926787972450256
100,15194,False,0.0001755128905239,0.8285296559333801
100,15195,Answer: False,0.0001058060668098,0.7219756245613098
100,17359,False,0.000140193038523,0.8438454866409302
101,10615,False,0.0003354420651349,0.8401850461959839
101,13100,False,0.0005934744229311,0.7768737077713013
101,21551,False,0.000188118870893,0.78508460521698
102,11759,Answer: False,4.050592557540724e-05,0.8781698346138
102,15715,False,4.285851435154637e-05,0.8653000593185425
102,5737,False,7.919815299072162e-05,0.8101211786270142
104,11791,False,0.0001808463155506,0.8171402215957642
104,3768,False,9.946039917214345e-05,0.5883183479309082
104,5756,False,9.483176972207204e-05,0.6280547380447388
105,7836,Answer: False,0.000179445030782,0.6937700510025024
105,13687,False,7.289241593909911e-05,0.6861307621002197
105,4773,Answer: False,0.0005307448924342,0.7168952226638794
106,9223,False,0.0001971248105086,0.0
106,17912,False,7.926000818180817e-05,0.0
107,12090,True,9.93225468547891e-05,0.8778771758079529
107,4082,False,9.93225468547891e-05,0.8514211773872375
107,13383,False,4.519812906470129e-05,0.8004627823829651
108,19395,False,0.0019641855032959,0.7269657254219055
108,21709,True,0.0019641855032959,0.8776615262031555
108,21711,False,0.0005773502691896,0.7190643548965454
109,4670,False,0.0002569819633773,0.6112012267112732
109,20132,False,0.0001197832447033,0.6220399141311646
109,5970,False,0.0003925464331383,0.6444286108016968
110,20707,False,7.062146892655367e-05,0.5762669444084167
110,18068,False,5.933390186559363e-05,0.6218823194503784
110,20857,False,0.0004959497505363,0.0
111,879,False,0.0001817136889467,0.0
111,8850,False,0.0003901673638465,0.0
111,11163,Answer: False,0.0002461687261354,0.6950443983078003
112,5761,False,0.0005681818181818,0.0
112,4233,False,0.0001644167630514,0.0
112,9830,False,0.0005081972676135,0.0
114,9223,False,0.0004692509085791,0.9564387202262878
114,19066,False,0.0004063832075784,0.8297085762023926
114,3497,False,0.0007173547055515,0.0
115,4230,False,0.0004320632061376,0.0
115,3866,False,0.0044901325506693,0.0
115,4229,False,0.0005760842748502,0.0
116,10192,False,0.0002412364465863,0.0
116,6122,False,0.0001125167662473,0.0
116,15862,False,0.0001232559419424,0.0
117,15292,False,1.071551041403416e-05,0.9104835987091064
117,7323,False,9.58424387975492e-06,0.9055821299552917
117,15295,False,6.651006463883271e-05,0.9082163572311401
118,17041,False,0.0007042952122737,0.6649854183197021
118,16887,False,0.0008451542547285,0.5182182192802429
118,17815,False,0.0008451542547285,0.503154993057251
119,20772,False,8.094048852977201e-05,0.7782768607139587
119,21976,False,7.23953737938449e-05,0.8043662905693054
119,3290,False,7.852380790525758e-05,0.7761064767837524
120,14795,Answer: False,0.0009898564515274,0.8633171319961548
120,5332,False,0.0003763496340538,0.0
120,2669,False,0.0022777946753899,0.0
121,13730,False,7.74114391383756e-05,0.0
121,21110,False,6.861790686955178e-05,0.0
121,1501,False,0.0008804509063256,0.0
122,14490,False,3.515329608003846e-05,0.0
122,15661,Answer: False,5.759161040725767e-05,0.8833793997764587
122,8859,False,0.0002577482243423,0.0
123,20131,False,4.2616965944167575e-05,0.6838208436965942
123,12868,False,8.333984451303881e-05,0.6867506504058838
123,4194,False,3.8970525090494944e-05,0.6689816117286682
124,10929,Answer: False,0.0002085180404893,0.797141969203949
124,10931,False,0.0002726304047511,0.808883011341095
124,8974,False,0.0002085180404893,0.7815523743629456
125,9215,False,0.0002362673526284,0.5939358472824097
125,6164,False,0.0009157370929912,0.5520009398460388
125,12735,False,0.0006608763214317,0.5455316305160522
126,21436,False,4.946338884045233e-05,0.0
126,2803,False,5.446623093681917e-05,0.0
126,1555,False,0.0001233654421345,0.9090931415557861
127,17577,False,0.0001672016388516,0.675343930721283
127,7904,False,4.8756988017091486e-05,0.6466981172561646
127,8483,False,6.797713280392387e-05,0.6134320497512817
128,10640,Answer: True,0.0004761904761904,0.8053390979766846
128,5324,False,0.0006085806194501,0.0
128,2701,True,0.0544331053951817,0.8273293375968933
129,10654,Answer: False,0.0002726101431179,0.7465041875839233
129,8121,Answer: True,0.0002726101431179,0.7846832871437073
129,8638,False,0.0024845199749997,0.6344927549362183
130,9890,False,3.3529420489317475e-05,0.8347246646881104
130,6836,False,3.916379136665291e-05,0.8111124038696289
130,14783,False,3.916379136665291e-05,0.8029454350471497
131,15334,False,7.776157913597391e-05,0.5693025588989258
131,3370,False,0.0001818482418633,0.0
131,5595,True,0.0091549147796981,0.7972722053527832
132,21615,False,7.348113108670854e-05,0.553686261177063
133,18758,False,0.1,0.6172589063644409
134,9520,Answer: False,2.24836275869666e-05,0.7256168723106384
134,15451,False,1.8027006694767416e-05,0.7281192541122437
134,3740,Answer: False,0.0002191986497404,0.8239195942878723
135,15301,False,9.98451603735541e-06,0.7393175363540649
136,2576,Answer: False,9.188630773666188e-05,0.9182851910591125
136,12581,False,8.595177052156611e-05,0.8815529942512512
136,613,False,8.595177052156611e-05,0.9092954993247986
137,12747,False,7.845099227470517e-05,0.0
137,19728,False,0.0001182300737164,0.8254627585411072
137,20841,False,7.258484383632367e-05,0.0
138,11468,Answer: True,0.0004051273272201,0.8498383164405823
139,14020,False,0.0003651483716701,0.0
139,21687,False,0.0006520506636966,0.6582426428794861
139,2069,False,0.0004098395075351,0.0
140,13715,False,4.887303005186094e-05,0.8462120294570923
140,11756,False,0.0001090583226456,0.7327443361282349
140,11757,False,0.0004657775545761,0.8498868942260742
141,7856,False,6.73162766761233e-05,0.0
141,8172,False,0.000197199153705,0.0
141,2644,False,4.382203415668513e-05,0.7640775442123413
143,15610,False,1.3008136271967971e-05,0.5908434391021729
143,18949,False,0.0001892189081521,0.48659396171569824
143,16495,False,8.835715203600887e-05,0.0
145,4537,False,5.650633839176398e-05,0.664467990398407
145,8602,False,5.650633839176398e-05,0.9201010465621948
145,10613,False,0.0002176635540529,0.7991372346878052
146,12097,False,7.895048708110793e-05,0.8402777314186096
146,20544,False,4.089527047396948e-05,0.0
146,20185,False,7.457289502378049e-05,0.6590555906295776
147,2234,Answer: False,0.0001894184009942,0.4683818817138672
147,14094,False,0.0001574975020602,0.0
147,21192,Answer: True,0.0003125244169238,0.874894380569458
148,16398,False,6.044363054017286e-05,0.8444756865501404
148,16350,Answer: False,0.0001046914390895,0.8511385321617126
148,18936,False,7.402802651236472e-05,0.8281828761100769
149,21823,False,9.626471766899404e-05,0.624868631362915
149,19030,False,9.626471766899404e-05,0.7995561957359314
149,21714,False,0.0010583343916682,0.6488655805587769
150,21709,False,0.0004695301415158,0.0
150,1288,False,0.0004695301415158,0.0
150,5836,False,0.0004695301415158,0.0
151,14577,False,0.0003736340620576,0.7547236680984497
151,6619,False,0.000189869576864,0.799239993095398
151,691,Answer: False,0.0001444097902527,0.7668150067329407
152,13126,False,0.0001799970768712,0.0
153,3766,False,0.0035032528947199,0.0
153,17500,False,0.0002485747808025,0.0
154,14666,False,0.0011601572731508,0.0
154,16767,False,0.0002314814814814,0.6410516500473022
154,16442,"False, as although both records refer to Kimberly-Clark Professional products, they are not the same product",0.0011179555217251,0.7605395913124084
155,3446,False,0.0002706838288542,0.9028557538986206
155,14647,False,5.6902451616643535e-05,0.0
157,18569,False,0.0010924558755741,0.0
157,16205,Answer: True,0.0005203254508787,0.911911129951477
157,17960,False,0.0003311330892662,0.5246599912643433
158,20459,False,8.796398295590467e-05,0.6164979934692383
158,12675,False,0.0001078829630005,0.0
158,12342,False,9.834672273051786e-05,0.5883908867835999
159,20821,False,0.0029274477569782,0.8730453252792358
159,18358,False,0.0004327261157407,0.0
159,9709,False,0.0005119985685703,0.7230294942855835
160,985,False,0.000112248504836,0.8534848093986511
160,17734,False,0.0003679256547402,0.0
160,8085,False,5.514801294965426e-05,0.0
162,18348,Answer: True,6.662522386112826e-05,0.8896434307098389
162,18406,False,2.3742611172958787e-05,0.0
162,9494,False,0.0001184448424197,0.0
163,9824,Answer: True,9.417548661400144e-05,0.8257655501365662
163,123,Answer: True,0.000112561235899,0.8264177441596985
163,12528,False,0.000255264889247,0.0
164,18937,False,0.0002043029886252,0.9299709796905518
164,15897,False,0.0001099031169458,0.0
164,15832,False,5.234571954475062e-05,0.0
165,16852,False,0.0001975570984869,0.0
165,5411,False,8.71144920553098e-05,0.0
165,16256,False,7.761505257063328e-05,0.0
166,12781,False,2.3520678993923453e-05,0.9899130463600159
166,14680,False,2.3520678993923453e-05,0.9636163711547852
167,8976,False,7.3373041828734e-05,0.701289713382721
167,10939,False,7.3373041828734e-05,0.6976527571678162
167,4930,False,7.3373041828734e-05,0.655057430267334
168,12248,False,0.0003650996949556,0.5759566426277161
168,20286,False,0.0001058334391668,0.7103137969970703
168,18983,False,0.0002048389145164,0.5591550469398499
169,20035,Answer: False,0.0001722704647072,0.6698363423347473
170,4112,False,9.884453938585624e-05,0.7022036910057068
170,8074,False,6.344508452633251e-05,0.6342664957046509
170,8126,False,0.0002668802563418,0.7130293846130371
171,12028,False,0.0001002344217343,0.0
172,1152,Answer: False,5.9047191900123205e-05,0.7626945972442627
172,9213,False,3.679181840927752e-05,0.7736530303955078
173,16412,False,0.0001241340816092,0.5385908484458923
173,1249,Answer: False,0.0001265680832093,0.8400111794471741
173,20474,False,0.0001720052290384,0.0
174,12978,False,5.425144616616833e-05,0.0
174,12474,False,0.0009124173364575,0.0
174,10138,False,6.1804744373609e-05,0.0
175,20939,False,0.0016597653257732,0.48097020387649536
175,5431,False,0.0016597653257732,0.7302151322364807
175,6876,False,0.0037267799624996,0.0
176,4854,Answer: False,9.481488823200114e-05,0.8148810863494873
176,20341,False,0.0012028130608117,0.0
176,475,False,0.0013176156917368,0.0
177,13618,False,0.0007649707894309,0.6073096394538879
177,6961,False,0.0008552633429846,0.815183162689209
177,10949,False,0.0008552633429846,0.7196429371833801
178,16537,False,7.705141285294194e-05,0.6592469215393066
178,19149,Answer: False,6.598288790738579e-05,0.8213314414024353
178,16536,False,7.705141285294194e-05,0.665224552154541
179,8545,False,0.0002526412760795,0.7113136053085327
179,6482,False,0.0004375875262587,0.6719344258308411
179,12525,False,0.0003572887190468,0.6886758804321289
180,4670,False,0.0001305469679427,0.7282034158706665
180,20132,False,6.084994915928021e-05,0.6282680630683899
180,5970,False,0.0001994137874481,0.6961616277694702
181,12012,False,0.0001397542485937,0.9158297777175903
181,8829,False,0.0004392052305789,0.0
181,3981,False,0.0001141088661469,0.8244580030441284
182,7399,False,6.712072196072493e-05,0.7798070907592773
182,7401,False,3.3124512136461653e-05,0.6963141560554504
182,11385,Answer: False,3.73694895723775e-05,0.7336265444755554
183,2534,False,6.97312261004747e-05,0.6142177581787109
183,1402,False,0.0001032273773242,0.6981703042984009
184,2959,Answer: True,0.0026709401709401,0.9752034544944763
184,18874,False,0.0026709401709401,0.852251410484314
184,17736,False,0.0001935989590908,0.6524689197540283
185,19387,False,0.0001583436479985,0.0
185,20515,False,0.0001583436479985,0.0
185,14467,False,0.0001583436479985,0.0
186,1928,True,0.0001012079395091,0.8079745769500732
186,9898,False,0.000362033796998,0.0
186,10172,False,0.0003077287274483,0.5347766876220703
187,14759,False,1.7821082555920756e-05,0.8488020896911621
188,2592,Answer: True,9.928455189329976e-05,0.6231793165206909
188,17020,Answer: True,7.661418285927093e-05,0.6572376489639282
188,9978,Answer: False,9.928455189329976e-05,0.6657826900482178
189,148,False,0.0004287464628562,0.5506772398948669
189,3337,False,7.907275763750851e-05,0.849439263343811
189,17487,False,0.0005856571869219,0.5954235196113586
190,7523,False,6.265099710579756e-05,0.551013708114624
190,19649,False,0.0001696797838282,0.0
191,5169,False,7.460090362383802e-05,0.9126330614089966
191,1243,False,4.692509085791528e-05,0.9170478582382202
191,11197,False,3.762377417861938e-05,0.8157527446746826
192,20900,False,0.0088388347648318,0.0
192,11131,False,0.0005028618849697,0.831223726272583
193,20900,False,0.0088388347648318,0.0
193,19880,False,0.0001244659422145,0.8865709900856018
194,20939,False,0.0010713739108887,0.6992067694664001
194,5431,False,0.0010713739108887,0.0
194,6876,True,0.0024056261216234,0.8837648630142212
195,1647,False,8.867255528736964e-05,0.7832293510437012
195,13143,False,4.272872238556869e-05,0.8657451272010803
195,11254,False,4.4920094434988506e-05,0.8059839010238647
196,13208,False,5.692195463528495e-05,0.0
196,21969,False,5.692195463528495e-05,0.0
196,19594,False,5.692195463528495e-05,0.0
197,19804,False,0.0008403361344537,0.0
197,19053,False,0.0002747252747252,0.0
197,12956,False,0.0002801120448179,0.0
201,20923,False,0.0007887966148203,0.0
201,1232,False,0.0007887966148203,0.0
201,21085,False,0.0005973635182411,0.8529078960418701
202,2447,Answer: False,5.939742750337364e-05,0.8763129115104675
202,7497,False,6.228393807278177e-05,0.7036163806915283
202,11491,False,0.0001233159059167,0.6160861253738403
203,3336,False,2.706058299080915e-05,0.485126793384552
203,18053,False,3.335041311839484e-05,0.0
203,9398,False,4.297644485355196e-05,0.6920339465141296
204,2306,False,3.403471732637707e-05,0.8332618474960327
204,285,False,0.0001295515046616,0.0
205,10648,False,0.0002414726442081,0.0
205,714,False,7.076164485758828e-05,0.0
205,10517,Answer: True,0.0009930726528736,0.9589196443557739
206,10680,False,0.0006640158940746,0.7495729923248291
206,15467,Answer: False,0.0001432464838522,0.0
208,6711,False,8.062502852110889e-05,0.850921094417572
208,12738,False,0.0004629629629629,0.8332586288452148
208,6710,False,0.0004910463758239,0.8010410070419312
209,18713,False,8.7274822124409e-05,0.8520581722259521
209,2398,False,0.0013222201845616,0.7146071791648865
209,20929,False,6.580944400142979e-05,0.738700270652771
210,21483,False,0.0003967254533917,0.6155333518981934
210,11658,False,0.0002486823656509,0.0
210,19634,False,0.00018384838084,0.0
211,16586,False,0.0003739787960033,0.0
211,16307,False,0.0006232979933389,0.0
211,400,False,3.2252017410255816e-05,0.8740875124931335
213,7531,False,0.0003791034945959,0.9023340940475464
214,14298,False,5.6045289262257786e-05,0.0
214,6315,False,5.6045289262257786e-05,0.0
214,15296,False,4.576078705973888e-05,0.0
215,10600,False,0.0001719843682944,0.9358633756637573
215,6601,False,0.0002938940066077,0.995690643787384
215,10598,False,0.000104944794668,0.9076570272445679
216,17033,False,0.0002971456593002,0.0
216,1952,False,0.0002224002136181,0.0
216,15764,False,0.000542290828223,0.0
217,5274,Answer: True,2.2972929863110704e-05,0.8478937745094299
218,5046,Answer: True,1.4896778454477174e-05,0.872901201248169
218,20085,False,1.6805832636062707e-05,0.8265556693077087
218,20398,True,1.6805832636062707e-05,0.8388134241104126
219,8696,True,6.625268818489541e-05,0.918574333190918
219,730,False,0.0003253620039345,0.8951953053474426
219,2725,Answer: False,0.0013803940759355,0.9053815007209778
220,1071,False,3.7422225050418536e-05,0.5629124641418457
220,14095,False,0.0007207499701564,0.4642530679702759
220,9038,False,6.77708383992037e-05,0.5315365195274353
221,9431,False,0.0001156842680656,0.6112349033355713
221,9446,False,0.0001552067323932,0.0
221,16624,Answer: True,0.0001552067323932,0.8912567496299744
222,13315,False,9.53143772649328e-05,0.5905998945236206
222,1354,True,0.0001400758071275,0.9196664094924927
222,17534,False,7.86303495933747e-05,0.6836633086204529
223,13955,False,3.438978245480069e-05,0.7761499881744385
223,13956,False,3.438978245480069e-05,0.7495085000991821
223,11996,False,3.438978245480069e-05,0.81315016746521
224,21724,Answer: False,0.0001395885854526,0.674065351486206
224,19816,Answer: False,0.0001015958018946,0.0
224,19489,False,0.0001050568553456,0.0
225,12627,Answer: False,0.0001318770120876,0.9488497972488403
225,10571,False,0.0001726675400903,0.8273081183433533
225,107,False,0.0001318770120876,0.9278848171234131
226,18874,False,0.0026709401709401,0.7692346572875977
226,18373,False,0.0012820512820512,0.6843991875648499
226,15314,False,0.0026709401709401,0.8418867588043213
228,20215,False,3.480722907495637e-05,0.0
228,21920,False,2.3421156351523652e-05,0.5917367339134216
229,13258,Answer: True,0.0118962375495892,0.9188096523284912
229,11249,Answer: False,0.0001209127083516,0.8968037962913513
229,3282,False,0.0037851664930511,0.882793128490448
230,11598,False,0.0002396985911478,0.0
231,10817,False,1.7055910938350297e-05,0.0
231,10436,False,3.88971612718596e-05,0.8492833375930786
232,16219,False,0.0001121375056797,0.0
232,7483,False,7.251725046109198e-05,0.0
234,16289,False,0.0002043200132175,0.7078108787536621
234,17805,False,5.129891760425772e-05,0.7547170519828796
234,4268,False,0.0003230583066615,0.6565555334091187
235,5958,False,0.0007856742013183,0.7605591416358948
235,5959,False,0.0007856742013183,0.750322163105011
235,21783,Answer: True,0.0001076826230634,0.935287594795227
236,19949,False,0.0001675890830288,0.7299961447715759
236,20342,Answer: False,1.709604041379621e-05,0.8527431488037109
236,18823,False,0.0001675890830288,0.7268474102020264
237,20349,Answer: False,2.6016272543935943e-05,0.7822570204734802
237,20342,False,2.6016272543935943e-05,0.8008841872215271
237,11722,False,0.0004663537964023,0.6798646450042725
238,14451,False,0.0001161094878795,0.8710356950759888
238,4451,False,0.0001161094878795,0.8775641322135925
238,12532,False,0.0001161094878795,0.8750888109207153
239,10616,False,4.774471338688601e-05,0.7129757404327393
239,10617,False,4.774471338688601e-05,0.9493396878242493
239,8651,False,0.0003416333590378,0.7353839874267578
240,11881,False,0.0003301786882293,0.0
240,15549,False,0.0003336003204272,0.0
240,3594,False,0.0004669431789004,0.0
241,6970,False,0.0035856858280031,0.6487927436828613
241,13813,False,4.207716825258257e-05,0.6871073842048645
241,7882,False,0.0010865714630312,0.0
242,11691,False,7.213190061668986e-05,0.6549490094184875
242,10180,False,0.000374902772201,0.6271847486495972
243,10719,False,0.0003528374160166,0.0
243,13747,False,5.330453297501824e-05,0.909468412399292
243,14982,False,0.004583492485141,0.0
244,15690,False,0.0002181597220648,0.3287851810455322
244,14848,False,0.0001234601772804,0.0
244,8414,False,0.0001662515560179,0.0
245,5240,False,5.7108890950103295e-05,0.0
245,4172,False,0.0002775722448027,0.0
246,9922,False,0.0002587168419021,0.6093120574951172
246,13589,Answer: False,4.573510832903764e-05,0.8986032009124756
246,19031,Answer: False,4.573510832903764e-05,0.89035564661026
247,18804,False,0.0025844546095999,0.5271620750427246
247,6659,False,0.0002129588549999,0.6328308582305908
247,18574,False,0.0001097441641031,0.5457691550254822
248,1688,False,0.000837531512716,0.9133321046829224
248,9675,False,0.0002637540241752,0.8891112804412842
248,11662,False,0.000837531512716,0.8727085590362549
249,18655,False,0.0004109974682633,0.6075496077537537
250,19805,False,0.0010781042034373,0.0
250,17125,False,0.0003001825665175,0.0
250,15919,False,0.0001163004574319,0.0
251,15557,False,3.098642908144782e-05,0.5382730960845947
251,10027,False,0.0001324922918226,0.0
251,15256,False,4.608069861286984e-05,0.0
252,11610,False,6.620484352491312e-05,0.0
252,11620,False,0.0002510218561694,0.0
252,7594,False,6.5359477124183e-05,0.0
253,3742,False,0.000107515083139,0.8117290139198303
253,5856,False,0.0001469876356849,0.0
253,9229,False,0.0001697267020604,0.6810846328735352
254,19933,False,0.00134987311789,0.0
254,11876,False,0.0002645502645502,0.4921671748161316
254,19233,False,0.0017857142857142,0.0
255,1856,False,0.00023248019818,0.0
255,20792,False,0.00023248019818,0.0
255,2964,False,0.0001107279173859,0.7927538156509399
256,14186,False,0.0001683587574253,0.0
256,970,False,0.0001519342813656,0.7921561598777771
256,11611,False,5.267186425494079e-05,0.0
257,13274,False,6.429306248420496e-05,0.0
257,16548,False,6.0140653040586014e-05,0.0
257,9990,False,3.471499068570263e-05,0.898025631904602
258,19803,False,0.0001709604041379,0.0
258,17866,False,9.46857622917944e-05,0.6111443638801575
258,10646,Answer: False,8.766198189202919e-05,0.9082232117652893
259,21797,False,0.000173671581309,0.6774808764457703
259,20112,False,0.000173671581309,0.7646817564964294
259,10734,False,0.0001332149726057,0.8617818355560303
260,13745,False,0.0005992430349038,0.6033111810684204
260,13123,False,0.0006324555320336,0.0
260,3777,Answer: False,0.0041666666666666,0.612816333770752
261,3238,False,0.0009316949906249,0.7145880460739136
261,5192,False,0.0008606629658238,0.881893515586853
261,154,False,0.0004303314829119,0.7756751775741577
262,21787,False,0.0001767905075946,0.0
262,2910,Answer: False,0.0006250488338477,0.0
262,19167,False,0.0001657411008699,0.0
263,18566,False,0.0001028635664465,0.0
263,2836,False,3.2009629945249194e-05,0.0
264,11975,False,0.0001792310420863,0.46953117847442627
264,13163,False,0.0010259783520851,0.0
264,16640,Answer: True,0.0002849939866903,0.8687097430229187
265,3518,False,0.0002114836150877,0.8524141907691956
265,20891,False,0.0003156726701725,0.8397847414016724
265,11511,False,0.0045456864504849,0.6072417497634888
266,9654,False,0.0001550136107925,0.6945185661315918
266,14829,False,0.0005613019342329,0.94188392162323
266,2949,Answer: False,0.0005595388840593,0.8585772514343262
267,16259,False,0.0031943828249996,0.6589980125427246
267,11315,False,0.0031943828249996,0.6167349219322205
267,7078,False,0.0002,0.0
268,14761,False,4.777923028845704e-05,0.0
268,10824,False,0.0010540925533894,0.0
268,6812,False,4.777923028845704e-05,0.0
269,7727,False,3.633575081672065e-05,0.0
269,4946,False,0.000120492509968,0.574222207069397
269,3764,False,6.719774594371271e-05,0.45798027515411377
270,21190,False,0.000461069445977,0.0
270,12436,False,8.593145815674942e-05,0.0
270,16168,False,7.166884543268558e-05,0.0
271,5454,False,0.0002224002136181,0.0
271,4007,False,0.000343114252771,0.0
271,3244,False,7.015745778867425e-05,0.0
272,12312,False,9.181687441590371e-05,0.6562001705169678
272,3965,Answer: True,8.715484755765829e-05,0.9730138778686523
274,15492,False,8.77815292828746e-05,0.0
274,4332,False,6.326458605382394e-05,0.0
274,68,False,0.0001225382542576,0.8740938901901245
275,16581,Answer: False,0.0001548410659864,0.7408914566040039
275,20623,False,0.0003010300811511,0.9203373789787292
276,16049,False,0.0013642382304556,0.0
276,15426,Answer: True,0.0013642382304556,0.9318763613700867
276,16047,False,0.0015409690921283,0.8098171353340149
277,2738,False,8.922996297569778e-05,0.8247759342193604
277,747,False,8.922996297569778e-05,0.8188062906265259
277,2739,False,8.922996297569778e-05,0.8297516107559204
278,19779,False,0.0001268188230971,0.8884637951850891
278,20067,False,9.47567713253799e-05,0.8442099094390869
279,21299,False,3.4471119921948195e-05,0.6079734563827515
279,5008,False,0.0003375797890278,0.5102248191833496
279,20375,"False, as the first record describes both an entertainment tablet and e-reader (Archos 10",0.0001202069822919,0.0
280,15466,False,7.240486142559965e-05,0.0
280,2041,False,0.0004353755841914,0.0
280,1397,False,0.000319275428407,0.0
281,7824,False,0.0336787657027281,0.9668303728103638
281,60,False,0.0009803921568627,0.8811178207397461
281,20258,False,0.0336787657027281,0.922806978225708
282,21380,False,0.000175829764416,0.6354265213012695
282,20586,False,0.000175829764416,0.7408785820007324
282,9774,False,0.0001899178517071,0.5130594968795776
283,14281,False,0.0009164289987136,0.0
283,14068,False,5.091272215076065e-05,0.6743367314338684
283,1445,False,0.0009164289987136,0.5877746343612671
284,14570,False,5.5875077812647896e-05,0.9089866280555725
284,19549,False,5.5875077812647896e-05,0.8734762668609619
284,2682,False,0.0003476671508342,0.6004678010940552
285,22038,False,0.0001928218085468,0.0
285,5539,False,0.0002942194707236,0.0
285,18175,False,0.0001375767614669,0.0
286,18626,Answer: True,8.708211590967334e-05,0.8521417379379272
286,21414,False,0.0,0.0
286,18428,False,0.0001347708894878,0.0
287,13772,False,0.000111076891964,0.0
287,3925,False,4.8696042539156025e-05,0.8636268973350525
287,19434,Answer: False,0.0002253075293482,0.8862296342849731
288,17747,False,4.084185003067654e-05,0.0
288,17855,False,5.924711265195266e-05,0.7160379886627197
289,18559,Answer: True,0.0001159334773502,0.8250858783721924
289,16071,False,0.0001251365515554,0.0
290,20220,Answer: True,0.0001568298546173,0.8666142821311951
290,15478,Answer: False,7.461323740975742e-05,0.8738473653793335
290,12717,False,0.0003798685881987,0.0
292,14489,False,2.4101695567264307e-05,0.8623930215835571
292,1040,False,8.835715203600887e-05,0.0
292,4497,False,2.4101695567264307e-05,0.876458466053009
293,6336,False,0.000314819712027,0.0
293,1140,False,0.000314819712027,0.0
294,19911,Answer: False,3.366768069019433e-05,0.9621504545211792
295,8144,False,9.770089094229711e-05,0.0
295,8986,False,0.0001062120662473,0.0
296,16419,False,0.0001091297337139,0.0
296,15437,False,0.0001260121622727,0.0
296,9501,False,0.0001260121622727,0.0
297,21190,False,0.0005414986025563,0.0
297,3706,False,0.0001030877437344,0.832186222076416
297,15653,Answer: False,0.0001457880853036,0.9752265810966492
298,15565,False,0.0002589040691671,0.0
298,3764,False,0.0001053839662213,0.45663559436798096
298,4946,False,0.0001889643532245,0.4569796323776245
299,12296,False,7.82472613458529e-05,0.0
299,10218,False,5.1760832812495126e-05,0.7612117528915405
299,4644,False,7.087643931664287e-05,0.8025065064430237
300,18627,False,0.0003595076104432,0.0
300,394,False,0.0003405026123034,0.0
300,18015,False,0.0001669130452468,0.0
301,19298,False,0.000109577477365,0.0
301,14971,False,0.0003561268014363,0.0
302,982,False,5.274503705637598e-05,0.0
302,16641,Answer: True,3.1498651889697864e-05,0.8823539614677429
302,16807,Answer: True,3.1498651889697864e-05,0.8625103831291199
303,12936,Answer: False,9.683623496564604e-05,0.7623814344406128
303,19299,Answer: True,9.683623496564604e-05,0.9799046516418457
303,14840,False,9.683623496564604e-05,0.0
304,20180,False,0.0005208333333333,0.7417014241218567
304,19884,Answer: True,0.0005345835825829,0.8391858339309692
304,18391,Answer: False,0.0006547285010986,0.7171640396118164
305,5266,False,1.0309300264238965e-05,0.8838793039321899
305,13308,False,6.872866842825976e-05,0.8808646202087402
305,9323,False,1.0309300264238965e-05,0.8859188556671143
306,21886,False,0.0003463877256438,0.8547495603561401
306,19168,False,0.0003463877256438,0.8530991077423096
307,10209,Answer: False,6.159616298407286e-05,0.8782724142074585
307,20104,False,0.0003121952705272,0.6033349633216858
307,2229,Answer: False,0.0016501750013582,0.7094204425811768
308,8239,False,8.088208947134766e-05,0.8097286224365234
308,2272,False,2.2460654533041385e-05,0.0
309,14785,False,7.702797933280434e-05,0.0
309,19291,Answer: False,2.8994351232872028e-05,0.7487948536872864
310,18273,False,0.001334401281709,0.0
310,17058,False,0.0004358136336404,0.0
310,5057,False,0.0001867772715601,0.0
311,19429,False,5.4401199381231777e-05,0.0
311,6539,False,8.130806866220365e-05,0.0
311,8237,False,0.000125786163522,0.0
312,11287,False,0.0005494837278298,0.7148990631103516
312,13298,False,9.069702534121504e-05,0.948906421661377
312,13299,Answer: False,0.0001063516892573,0.9726848602294922
313,20886,False,0.0008709823339573,0.0
313,11259,False,0.0002287545054358,0.0
313,8870,Answer: False,0.0002370513659082,0.7566036581993103
314,2614,False,0.0001556432015911,0.0
314,11944,False,8.948854897251792e-05,0.0
314,13899,False,0.0003386349639713,0.5075801610946655
315,1727,False,0.0001993843310219,0.8967875242233276
315,7705,True,0.0001752881366267,0.9279127717018127
315,13661,False,8.055660497876423e-05,0.8546892404556274
316,11648,False,0.0001446770524405,0.5179568529129028
316,2851,False,0.0001181283186563,0.49867284297943115
317,5550,False,0.000567540911597,0.73166823387146
317,3528,False,7.981702645701157e-05,0.5954219102859497
317,1082,Answer: True,0.0001467418177209,0.5955659747123718
318,16540,Answer: False,4.885506249733638e-05,0.6652324795722961
318,8299,False,0.0005959141182784,0.7055928707122803
318,18108,False,4.885506249733638e-05,0.7285131216049194
319,21483,Answer: True,0.0003397353812462,0.9699579477310181
319,1792,False,0.0001408171388267,0.7425776720046997
319,11658,False,0.0002129588549999,0.5308809280395508
320,13393,False,0.0002914325016305,0.8683068156242371
320,17356,False,0.001909008870803,0.7316246628761292
320,8390,False,0.0002914325016305,0.7942482829093933
321,14288,False,0.0002202921071439,0.0
321,20697,False,0.0001401638407639,0.682120680809021
321,4116,False,0.0002002757693185,0.0
322,13274,False,7.042952122737639e-05,0.0
322,17651,False,1.6731627831578728e-05,0.0
322,9990,Answer: False,3.802836696428213e-05,0.8922971487045288
323,18470,False,0.0001099270194936,0.0
323,1244,True,7.767532111814812e-05,0.811319887638092
324,8519,False,0.0012385432071838,0.9353162050247192
324,21543,False,4.026469723126772e-05,0.9731661677360535
324,556,False,0.0012385432071838,0.9298308491706848
325,7854,False,0.0006350006350009,0.6536811590194702
325,6893,False,0.0023971163032336,0.694203794002533
325,12927,False,0.0012220592918446,0.5697799324989319
326,14980,False,0.0001782098068012,0.0
326,18071,False,0.0002357494149944,0.0
326,16656,False,0.0001782098068012,0.0
327,13966,False,0.0005195664053237,0.0
327,17367,False,9.579255982524173e-05,0.0
327,5077,False,0.0004810250212153,0.0
328,14369,False,2.716733385024381e-05,0.7474544644355774
328,8728,False,9.720197391996736e-05,0.0
328,14351,False,0.0002329237476562,0.7290525436401367
329,20518,False,8.634303780002905e-05,0.663727879524231
329,7314,Answer: False,4.188252528073153e-05,0.8559883832931519
329,20422,False,0.000111692753168,0.6379681825637817
330,1599,False,0.0001256297269074,0.7706578969955444
330,13536,Answer: False,0.0001473139127471,0.907685399055481
330,16952,Answer: False,0.0052797306328595,0.7196615934371948
331,10967,False,8.747363204088004e-05,0.0
331,4516,False,0.0001284341664792,0.0
331,1045,False,0.0001162759255177,0.0
332,18497,Answer: False,0.0002618914004394,0.0
332,866,False,0.0007162250709892,0.0
332,5332,False,0.0002346952313778,0.0
333,3710,Answer: False,0.0001727324405023,0.8141503930091858
333,13940,False,3.4856114659606414e-05,0.0
333,13495,False,8.999810106010123e-05,0.0
334,14161,False,0.0002788817176582,0.5972369909286499
334,22036,False,0.0002788817176582,0.5821255445480347
334,10661,Answer: False,9.513245117314668e-05,0.8079729676246643
335,9511,False,0.0005270462766947,0.0
335,13304,False,0.0002402291918882,0.0
335,997,False,3.378501773684166e-05,0.0
336,20174,False,0.01410659919415,0.8542596101760864
336,5332,False,0.0001952782363476,0.6453017592430115
336,7237,True,6.509274544922242e-05,0.8316398859024048
337,21228,False,6.484114937156207e-05,0.0
337,6115,Answer: True,1.5253812895366854e-05,0.809360921382904
337,20538,False,5.892556509887896e-05,0.7013896703720093
338,14693,False,0.0001055839653749,0.0
338,2092,False,7.465913790117134e-05,0.0
338,21394,False,0.0001990910344031,0.6567053198814392
339,13561,True,4.5600777785172806e-05,0.8737203478813171
339,15540,Answer: False,4.5600777785172806e-05,0.8799089193344116
339,16077,Answer: False,4.5600777785172806e-05,0.8858845233917236
340,12267,False,0.0043058755641446,0.8476696014404297
340,20607,False,0.0043058755641446,0.8529192209243774
340,18622,"record 1: MSI GL70 2PEAP Desktop Computer Intel Core i7-7700 Quad CPU 32GB RAM 512GB SSD 1 TB HDD NVIDIA Geforce GT730 DDR5 Graphics Card 256-Bit PCIe MSI GL70 2PEAP, record 2: MSI Computer Corp Desktop PC Intel Core i7-8700 Quad CPU 32GB RAM 512GB SSD 1 TB HDD NVIDIA GeForce GT730 DDR5 Graphics Card 256 Bit PCIe MSI GS75 Stealth Thin 013",0.003851292185633,0.8817847967147827
341,16061,False,0.0016265001215808,0.0
341,19655,False,0.0004879500364742,0.587812066078186
341,14069,False,6.024074524373661e-05,0.0
342,13307,False,1.12932726136353e-05,0.9352725148200989
342,21065,False,1.0388299888982858e-05,0.9453643560409546
342,9325,False,1.12932726136353e-05,0.936926007270813
343,20319,False,0.0004944923575807,0.6551885604858398
343,9820,False,0.0004944923575807,0.6724473834037781
344,12306,False,0.000581552631499,0.6914436221122742
344,20879,False,7.598240183909427e-05,0.6910998821258545
344,7174,False,0.0001061449121681,0.0
345,9839,Answer: True,0.0009820927516479,0.6976649165153503
345,18387,False,0.0179849190997562,0.0
345,8386,Answer: True,0.000418765756358,0.8865189552307129
346,8304,Answer: True,0.0001436470279601,0.9519314169883728
346,379,Answer: False,0.0001704767810922,0.9091679453849792
347,8615,False,1.7251357881133597e-05,0.0
347,14458,False,0.0001336573551009,0.8158549070358276
347,1852,False,0.0001526922216448,0.0
348,19614,False,0.0002219177735718,0.9232955574989319
348,11140,Answer: False,0.000338984998483,0.9157811403274536
348,1189,False,0.0002219177735718,0.9345148205757141
349,4880,"False, as while both computers have an Intel Atom D510 processor and SATA storage, the Lenovo IdeaCentre Q150 is a complete desktop PC with no specified monitor included, whereas the Intel Desktop Board D510MO is just the motherboard",5.0240587902111454e-05,0.5930997133255005
350,14093,False,3.729228071971552e-05,0.0
350,17758,False,0.0005997796963936,0.0
350,20880,False,4.749899778172009e-05,0.6020680665969849
351,10048,False,0.0001437636581963,0.7730982899665833
352,2353,False,0.0001151175662893,0.5694100856781006
352,8746,False,0.0001673823614958,0.0
352,17173,False,5.2033615749416856e-05,0.8544203042984009
353,14169,True,0.0011059348880095,0.7220543026924133
353,14170,False,0.0001324975251763,0.5991730690002441
353,17904,False,0.0014839722819753,0.7585316896438599
354,18425,Answer: False,0.000251462904545,0.8171260356903076
354,16760,False,0.0002192780459706,0.7419109344482422
355,16170,False,0.0004554119379023,0.0
355,19958,False,9.706789199182351e-05,0.5666148066520691
355,2378,False,0.0002198540389873,0.0
356,21591,False,3.759022644642118e-05,0.8970100283622742
356,15093,False,0.000221403721385,0.5749971270561218
356,19794,False,5.813511360763012e-05,0.0
357,9681,False,0.0005137468353292,0.8104737997055054
357,7658,False,0.0005137468353292,0.7062907218933105
357,20629,False,0.0004194725345087,0.8616273403167725
358,9399,False,5.292751011755261e-05,0.6822811961174011
358,21637,Answer: False,2.80292166256335e-05,0.7003177404403687
358,9398,False,4.856961430223966e-05,0.6725736260414124
359,4632,False,0.000192569948332,0.0
359,1705,False,4.415472815528355e-05,0.0
359,8354,False,0.003125,0.0
360,19150,Answer: False,8.21044980627573e-05,0.8623394966125488
360,11566,False,4.8580336444090746e-05,0.9274212121963501
362,16307,False,0.000872373204317,0.7701879143714905
362,21921,False,0.0002111679307498,0.534375011920929
362,3235,False,3.275368186715068e-05,0.7396467924118042
363,6319,False,0.0004082482904638,0.0
363,4641,False,0.0151554445662276,0.5990426540374756
363,7131,False,0.017779763971635,0.586475670337677
364,18906,False,0.0002820136827333,0.6949436664581299
364,20463,False,0.0006665777955516,0.5942418575286865
364,21859,False,8.525995059381005e-05,0.7017886638641357
365,10783,False,0.0005399177659883,0.42375531792640686
366,9375,False,0.0003508966337777,0.7343919277191162
366,11336,False,0.0003508966337777,0.7057980298995972
366,21608,False,0.0001458649914978,0.7319372892379761
367,4878,False,0.000192238012921,0.0
367,11569,False,5.6183321871936846e-05,0.0
367,9591,False,0.000192238012921,0.0
368,4851,False,5.1805044080804365e-05,0.0
368,8037,False,3.74147540583587e-05,0.0
368,9390,False,0.0002207467868993,0.0
370,13846,Answer: False,3.2382214175206734e-05,0.8072401285171509
370,15071,Answer: True,0.000185478008527,0.9099999070167542
370,21042,False,3.2382214175206734e-05,0.8506930470466614
371,20390,False,6.924702985084654e-05,0.6251952648162842
371,20415,False,6.924702985084654e-05,0.5969411134719849
371,20962,False,6.924702985084654e-05,0.0
372,10409,False,0.0002043797798283,0.6022675037384033
372,8437,Answer: True,0.0001082149688068,0.6089978814125061
372,10438,"False, as although both records refer to a hard drive product from CMS, they are not the same product",0.0005518884821104,0.5797048211097717
373,11514,False,0.0001340599411166,0.0
373,5931,False,3.97421469123241e-05,0.0
373,14208,False,4.329018931892618e-05,0.0
374,16259,False,0.0018442777839082,0.5221775770187378
374,11315,False,0.0018442777839082,0.4797517657279968
374,16335,False,0.0014344382763731,0.4652397036552429
375,19868,Answer: True,0.0001533929977694,0.6469671726226807
375,9081,Answer: False,0.000114332390095,0.6968632936477661
375,5041,Answer: False,0.000866198660844,0.8126340508460999
376,3374,False,9.005632803670135e-05,0.8475942611694336
376,10872,False,0.000211427358443,0.0
376,9389,False,9.005632803670135e-05,0.8992490768432617
377,17170,False,3.864786901889429e-05,0.699295699596405
377,8328,False,0.0001480560530247,0.775601863861084
377,17476,False,4.40653504877936e-05,0.6693466901779175
378,16907,Answer: False,0.0001492264748195,0.8429479598999023
378,6529,False,3.883437456386347e-05,0.0
378,21690,False,5.210178083309248e-05,0.9704107046127319
379,20295,False,0.000522259081474,0.0
379,68,False,0.0001069932462591,0.5917408466339111
379,11966,False,4.595879916971409e-05,0.0
380,19877,False,7.553400104057195e-05,0.0
380,13876,False,0.0003080030189371,0.0
380,14231,False,0.0001407786204998,0.0
381,320,False,0.0002766275542955,0.7265291810035706
381,18533,Answer: False,0.0005048452865893,0.5792217254638672
381,17623,Answer: False,0.0005048452865893,0.7339977025985718
382,4487,Answer: False,0.0002496094942254,0.7793683409690857
382,19784,Answer: False,0.0002496094942254,0.7821266651153564
382,12582,Answer: True,0.0002496094942254,0.8113174438476562
383,14066,False,0.003780803631509,0.0
383,17627,False,0.000171203764267,0.0
383,17013,False,0.000171203764267,0.0
384,8615,False,1.12936647615811e-05,0.0
384,4961,False,3.226451806516151e-05,0.0
384,3294,False,7.63915414190176e-05,0.0
385,11728,Answer: False,2.5622959484770427e-05,0.8182351589202881
385,18965,Answer: True,2.958684511193416e-05,0.9322797060012817
386,4058,False,2.518152051469652e-05,0.7824235558509827
387,9568,False,0.0002405626121623,0.0
387,1160,Answer: False,0.0001359820733051,0.8691067695617676
387,3169,Answer: False,8.614609845078959e-05,0.8655930757522583
388,12664,False,0.0001917412472118,0.0
388,1450,Answer: True,9.058922432069509e-05,0.6956194043159485
389,10543,True,9.213307316759158e-05,0.7434395551681519
389,20948,False,8.477078852172192e-05,0.46148043870925903
389,14516,Answer: False,0.0017589938618257,0.6714456081390381
390,11602,False,2.9879245317358237e-05,0.9596884250640869
390,12725,False,8.643026209599867e-05,0.0
390,14520,False,8.643026209599867e-05,0.0
391,7161,False,0.0002085869786717,0.7815675735473633
391,9978,False,0.000275608664814,0.0
391,14728,False,0.0001904129890339,0.8146458268165588
393,14114,False,8.413146031955275e-05,0.6917527318000793
393,20952,False,6.433908862928995e-05,0.6038836240768433
393,21257,False,0.0003602440110651,0.0
394,13698,False,0.0003790490217894,0.5825108289718628
394,2188,False,0.0018569533817705,0.0
394,21004,False,0.0001641330410746,0.0
395,7903,False,0.0003811079669833,0.0
395,11929,False,0.0003528374160166,0.0
395,99,Answer: False,0.0003061968498675,0.8246334195137024
396,7144,False,2.219480637408016e-05,0.8635904788970947
396,5125,False,3.081300246614321e-05,0.8478314876556396
396,17848,Answer: True,6.264823075202179e-05,0.7984017133712769
397,14829,False,0.0003549985134468,0.8424614071846008
397,4859,False,0.0002405626121623,0.8967993259429932
397,7006,False,0.0003207501495497,0.6523158550262451
398,16514,Answer: True,1.633148318315974e-05,0.8757464289665222
398,17563,Answer: True,1.4968051579545573e-05,0.9067009687423706
398,18047,Answer: True,1.4968051579545573e-05,0.8987164497375488
399,22063,False,6.0288239830204974e-05,0.8033143281936646
399,21559,False,6.0288239830204974e-05,0.7851376533508301
399,713,False,7.152109784121124e-05,0.9234390258789062
400,15833,False,0.0001923304546552,0.0
400,1279,False,0.000338413835485,0.0
400,13517,False,0.000418765756358,0.0
401,10634,False,0.0001115017070832,0.0
401,17117,False,7.154327863761628e-05,0.0
401,4593,False,0.0010798355319767,0.0
402,9134,False,0.0001282051282051,0.0
403,12661,False,0.0009820927516479,0.0
403,188,False,0.0003682847818679,0.0
404,11570,False,8.605851979345956e-05,0.6429768204689026
404,18174,False,9.295382527836862e-05,0.6684476137161255
404,5865,False,0.0001383770608975,0.5551626682281494
406,21267,False,0.0023751694226307,0.0
406,7885,False,0.000115553282174,0.0
406,17744,False,0.0001948374019964,0.0
407,5944,False,4.433376787732218e-05,0.0
407,14479,False,6.502285955340587e-05,0.0
408,7234,False,0.0002056699074397,0.6124487519264221
408,8795,False,0.0078086880944303,0.0
409,18669,False,0.0133630620956212,0.0
409,16541,False,0.0008351913809763,0.43479830026626587
409,1882,False,0.0008351913809763,0.0
410,3319,False,1.0309300264238965e-05,0.8555036783218384
410,9322,Answer: False,1.0309300264238965e-05,0.8945813179016113
410,9323,False,1.0309300264238965e-05,0.8485321998596191
411,20452,False,0.002333919208445,0.9008157849311829
411,19309,False,0.0002785558547499,0.7758604288101196
411,19599,False,0.003300660198066,0.8885151147842407
412,7785,False,0.0003798357034142,0.5448137521743774
412,7786,False,0.0009615384615384,0.636660099029541
412,1813,False,0.0002268046058132,0.5304457545280457
413,16531,Answer: False,0.0001405726107725,0.8428661227226257
413,284,False,0.0001987996926527,0.8616676926612854
413,1677,"False, as the product codes (56211 and RED56211) are different, indicating that they may be two separate products from National Products Ltd",0.0004304989317289,0.6429269313812256
414,9528,False,6.291324231343937e-05,0.8644388318061829
414,1529,False,5.211557624841132e-05,0.8553571701049805
414,19932,False,6.291324231343937e-05,0.8757526874542236
415,17243,Answer: True,8.745876472211002e-05,0.8560270667076111
415,20385,Answer: True,8.272770933808147e-05,0.8433499932289124
415,1901,False,0.0014187608845979,0.0
416,19475,True,0.0005664654183701,0.7414736747741699
416,12289,False,0.0002943290491991,0.6659108400344849
416,12290,False,0.0005664654183701,0.6163681149482727
417,10125,False,0.0026958193300859,0.0
418,17130,False,0.0007893735767804,0.0
418,21134,False,0.0005385692630876,0.0
418,20334,False,0.0001178747074972,0.0
419,5215,False,0.000450598364507,0.9598256349563599
419,13251,False,0.0022548179557246,0.9600871205329895
419,13252,Answer: False,0.000450598364507,0.9523894786834717
420,7203,False,0.0001442624501612,0.0
420,1539,False,4.830917874396135e-05,0.0
420,6549,False,0.0001442624501612,0.0
422,20227,False,0.0002163124326543,0.0
422,21373,False,0.0002163124326543,0.0
422,21746,False,0.0002163124326543,0.0
423,17305,Answer: False,0.0007022084070579,0.6444982290267944
423,21896,False,0.0008068715304598,0.7389788031578064
423,4010,Answer: False,0.0001660039735186,0.6074708700180054
424,11346,False,0.0006070536639732,0.0
424,18884,False,0.0022893427324781,0.0
424,8534,False,0.0001888218061233,0.8676397204399109
425,18,False,0.0006700703342736,0.0
425,14429,False,5.307487796226707e-05,0.0
426,14868,Answer: False,0.0004472072273398,0.7843348979949951
426,1282,False,0.0001069167165165,0.7451844811439514
426,4914,False,0.0001212321612422,0.7734947204589844
427,8561,False,0.0001781309061637,0.7580785751342773
428,3102,False,6.162945732790757e-05,0.7788218855857849
428,6990,Answer: False,6.86029207881722e-05,0.9440879821777344
429,3273,Answer: False,2.583455424670347e-05,0.880984902381897
430,7455,False,0.0003112864031823,0.0
430,6779,False,7.060118996879846e-05,0.0
430,17229,False,0.0003828047418807,0.0
431,19898,False,0.0001582278481012,0.6031053066253662
431,3860,False,0.0003901015332362,0.0
431,18464,Answer: True,0.0009820927516479,0.8650544881820679
432,438,False,4.766829787512894e-05,0.9246212840080261
432,12352,False,4.766829787512894e-05,0.9356026649475098
432,21909,False,4.766829787512894e-05,0.9205678701400757
433,20873,False,0.0001069695540372,0.0
433,6324,False,0.0001388888888888,0.8614706993103027
433,12366,False,0.0001334401281709,0.769220769405365
434,15411,False,1.4337215947014145e-05,0.7818846106529236
435,20900,False,0.0013176156917368,0.0
435,21045,False,5.01494171054289e-05,0.7415744662284851
435,21138,False,5.01494171054289e-05,0.737450122833252
436,15219,False,0.0001223624544184,0.0
436,3381,False,0.0012745318548364,0.651262640953064
436,3477,False,0.0001851090242997,0.0
437,10335,False,7.003790356379156e-05,0.0
437,11847,False,0.0001779201708945,0.0
437,21899,False,9.098190557107225e-05,0.0
438,902,False,5.334856332118192e-05,0.0
438,130,False,5.334856332118192e-05,0.0
438,45,False,0.0002242293377847,0.8453387022018433
439,18295,False,3.401360544217687e-05,0.7340185642242432
440,16969,False,0.0002234521107051,0.0
440,544,False,8.708211590967334e-05,0.0
441,1550,False,0.0001359311840425,0.0
441,1311,False,0.0001359311840425,0.0
441,7127,False,0.0001132041216786,0.0
442,7672,False,0.0001251714458301,0.0
442,3188,False,7.596266932767524e-05,0.0
442,5660,False,0.0001332551798794,0.0
443,12658,False,0.0001378163717657,0.0
443,6897,False,0.0007004147683506,0.0
443,7228,False,0.0001066731146586,0.0
444,1123,False,0.0002205233850104,0.0
445,10080,False,0.0002861725286482,0.0
445,13317,False,0.0002861725286482,0.0
445,9348,False,0.0002861725286482,0.0
446,5774,False,0.15,0.9772056341171265
447,13173,"False, as the size range of the TVs supported by the mount kits is different",3.391223914590049e-05,0.8872047662734985
447,13174,Answer: True,6.1591676410901794e-06,0.9596046209335327
448,11313,False,0.0002743445508163,0.0
448,13173,Answer: True,3.876034501767681e-05,0.9552620649337769
448,13174,False,7.039684456200977e-06,0.906479001045227
452,16645,Answer: True,5.090145555668794e-05,0.9404677152633667
453,14019,False,0.000117076917253,0.0
453,10899,False,0.0001295919663267,0.8679389953613281
453,4892,Answer: True,0.0001295919663267,0.8496537804603577
454,1891,True,8.643587980297976e-05,0.948132336139679
454,17711,False,6.775963568181181e-05,0.0
454,15496,False,5.071609517263789e-05,0.0
455,3390,False,0.0144337567297406,0.6614202260971069
455,18772,False,0.0144337567297406,0.8956793546676636
455,19347,Answer: True,0.0433012701892219,0.9641776084899902
456,7200,Answer: False,0.0001408297059882,0.5786927938461304
456,2936,False,0.000191684877595,0.49004822969436646
456,6870,False,7.860624762130128e-05,0.6311124563217163
457,15946,False,0.0005471101369155,0.7687023282051086
457,8017,False,0.0007991055024756,0.7700204849243164
457,5973,Answer: False,0.0005065255615456,0.7396571040153503
458,1337,Answer: False,8.855232125879698e-06,0.895257830619812
458,9323,False,9.248988308500371e-06,0.8620649576187134
458,9324,False,9.248988308500371e-06,0.8938510417938232
459,20827,Answer: True,0.001855674047563,0.8827217817306519
459,820,Answer: False,0.0002521332470871,0.0
460,4338,False,0.000120730162559,0.7364630103111267
461,17522,False,7.076327477873896e-05,0.81992506980896
461,7121,Answer: False,0.0002234521107051,0.8114542961120605
461,18389,Answer: True,4.25863481042039e-05,0.844288170337677
462,13213,False,5.156453487539476e-05,0.0
462,20327,False,0.0001148197195643,0.0
463,11440,Answer: True,1.4953386925398231e-05,0.9451659321784973
463,17174,False,0.0001288510019563,0.0
464,1801,False,0.0002104484467817,0.0
464,5083,False,4.147631244178346e-05,0.0
464,11773,False,0.0002173502212322,0.0
465,7304,True,1.4163011425112507e-05,0.9601699113845825
465,5243,True,1.6148317572311603e-05,0.9581006169319153
465,15278,Answer: True,6.019977574758426e-05,0.9159168004989624
466,10740,False,5.917369022386832e-05,0.7255688309669495
466,16317,False,6.96294925714152e-05,0.9533339738845825
466,16910,False,7.569523887080225e-05,0.9560596942901611
467,342,False,0.0002288155789685,0.0
467,21605,Answer: True,9.544831302122804e-05,0.8187996745109558
467,2058,False,0.0003494816226644,0.0
468,8479,False,0.0103566890820541,0.8716981410980225
468,8480,False,0.0013041013273932,0.7952587008476257
468,20645,False,0.0103566890820541,0.9478274583816528
469,12825,False,0.0003683647308067,0.0
469,2720,Answer: False,0.0001837726154733,0.9213145971298218
469,19257,Answer: False,0.0001837726154733,0.929761528968811
470,21172,False,0.0001236094887472,0.0
470,10874,Answer: True,6.065496075261137e-05,0.7154895067214966
470,7467,False,6.095810403972395e-05,0.0
471,13831,False,0.0001204120324604,0.0
471,14167,False,6.361624358069119e-05,0.0
471,21761,False,0.0002464699504162,0.0
472,13371,False,0.0005062723328375,0.7220167517662048
472,5362,False,0.0001201145959441,0.750521719455719
472,15367,False,6.828938106680025e-05,0.8429721593856812
473,19898,False,8.383116183955973e-05,0.0
473,3860,False,0.0002066808413248,0.8829765319824219
473,18464,False,0.0005203254508787,0.5269936323165894
474,18529,Answer: True,7.618199126749897e-05,0.7617698311805725
474,11180,False,0.0002864442871657,0.0
474,19889,False,0.0002864442871657,0.0
475,12746,Answer: False,0.0001630464641343,0.7906907796859741
475,6443,False,0.0005480311656459,0.0
475,20392,Answer: True,0.0001630464641343,0.8493480682373047
476,21079,False,0.0008667841720414,0.0
476,13455,False,0.0004333920860207,0.0
476,2717,Answer: False,8.148955258858476e-05,0.7903147339820862
477,9684,False,9.278370237815069e-05,0.0
477,4172,False,0.0003846153846153,0.0
478,12486,False,0.001443375672974,0.0
478,14382,False,0.0001656346649999,0.40107274055480957
478,20274,False,0.001443375672974,0.4115709960460663
479,6623,False,0.0033210674422655,0.0
479,21522,False,0.0003014674979484,0.0
479,19088,False,0.0051031036307982,0.0
480,376,Answer: True,1.3333760020481092e-05,0.9077064990997314
480,18071,False,0.0003023812547623,0.0
480,16656,False,0.0002285787432082,0.0
481,10613,False,0.0001914023709403,0.0
481,986,False,4.569185305230441e-05,0.6702519655227661
481,17197,False,2.5921339712365004e-05,0.8386449813842773
482,1161,False,2.042838043452985e-05,0.0
482,19294,False,2.0959076093987543e-05,0.0
483,11114,False,0.0002910126232373,0.818268895149231
483,9130,Answer: True,0.0003756956811114,0.8596594929695129
483,1149,False,0.0003253620039345,0.8029341101646423
484,14225,False,9.06976595067138e-06,0.6674323678016663
484,21338,False,8.483989191410085e-06,0.7043158411979675
484,3685,False,5.154324195359935e-05,0.7820259928703308
485,12267,False,0.0033593988931417,0.7963436245918274
485,20607,False,0.0033593988931417,0.8043186068534851
485,363,False,0.0085722592445686,0.7959539890289307
486,12661,False,0.0017282528245507,0.0
486,188,False,0.0006480948092065,0.0
486,693,False,0.0017960530202677,0.0
488,19298,False,0.0001231123845508,0.0
488,4959,False,0.0007157479178923,0.0
488,14971,False,0.0004001152497902,0.0
489,20323,Answer: False,0.0001565704641003,0.0
489,12161,False,0.0001565704641003,0.0
489,8555,False,7.828523205017014e-05,0.0
490,10505,False,3.60507601356956e-05,0.8570988774299622
490,5529,False,0.0002582523856784,0.8685301542282104
490,581,False,0.0002287527242598,0.8722043037414551
491,19957,Answer: False,0.0004303314829119,0.9490091800689697
491,20430,False,0.0001573915395129,0.0
491,19834,False,0.0001865042052276,0.0
492,17490,False,0.000115189028246,0.5482012629508972
492,14430,False,5.699413134287013e-05,0.8924745321273804
492,12886,False,0.000163703178992,0.0
493,16109,False,0.000405420212842,0.0
494,20451,False,0.0003077287274483,0.0
494,6410,False,0.0010768262306348,0.0
494,18022,False,0.0008792249355666,0.0
496,20861,False,0.0027277236279499,0.0
496,20374,False,9.71300523607895e-05,0.6613155603408813
496,19391,False,0.0003857583749052,0.0
497,12677,False,0.0001570185732553,0.0
497,1127,False,0.0006378879538497,0.0
497,14950,Answer: False,0.0003682847818679,0.8216749429702759
498,21654,False,0.0012782749814122,0.0
498,9627,False,0.00031629103055,0.5333061814308167
498,5577,False,0.0002983711880383,0.7326900362968445
499,18882,False,9.009374626955592e-05,0.0
499,20887,False,8.433661058322614e-05,0.0
499,4075,False,9.009374626955592e-05,0.6667927503585815
500,12544,False,0.000858079210666,0.9080847501754761
500,14516,False,0.0020690147215059,0.0
500,587,False,0.0007508193093327,0.7076651453971863
501,14722,False,4.7536593504711e-05,0.7951439023017883
501,3619,False,9.157509157509158e-05,0.0
501,4756,False,4.517539514526257e-05,0.7761566638946533
502,15634,False,0.0002380952380952,0.6969976425170898
502,11435,Answer: False,6.833356293449052e-05,0.7815196514129639
502,19297,False,6.082238993697688e-05,0.6491519212722778
503,20588,False,9.78882995204823e-06,0.8640356063842773
503,7821,Answer: True,9.06269552286183e-06,0.7816424369812012
503,10206,False,0.0004699654963998,0.8955910205841064
504,13489,False,9.869235370762834e-05,0.6497958898544312
504,15445,"False, as the first record describes a specific lens (SAL-30M28) for a camera (not specified), while the second record describes both a camera (DSLR-SLT-A55) and its accompanying lens (SAL-30M28)",0.0012198750911856,0.6979178190231323
504,11511,False,0.0082158383625774,0.6352638602256775
505,5528,False,0.0004504915855996,0.0
505,17550,False,0.0004504915855996,0.0
505,3837,False,0.0004504915855996,0.0
506,2158,False,6.547512359112772e-05,0.7277815341949463
506,21165,False,5.7008216140154935e-05,0.0
506,2042,False,3.062474734687658e-05,0.6185881495475769
507,21635,False,0.0001048155840863,0.5547806024551392
507,4031,False,0.000121030611375,0.6425720453262329
507,9261,False,0.000121030611375,0.6679931879043579
508,20366,False,0.0001103140100777,0.0
508,18606,False,0.0001021309278164,0.0
508,21242,False,0.0001245099284315,0.0
509,13728,Answer: False,1.0025819906981254e-05,0.8494256734848022
509,11769,Answer: False,1.0025819906981254e-05,0.857955813407898
509,19410,False,8.65732402948042e-05,0.846889078617096
510,20868,False,0.0001052754650535,0.0
510,15039,False,0.0001052754650535,0.0
510,3343,False,1.3854296334828234e-05,0.6181599497795105
511,18794,False,5.3121271525973054e-05,0.7450001239776611
511,19090,False,5.3121271525973054e-05,0.7224647402763367
511,1392,False,4.796565262055835e-05,0.795722484588623
512,9060,False,0.0144337567297406,0.9011130332946777
512,3723,False,0.0003536971092426,0.9123098850250244
512,13063,False,0.0003319091792389,0.8098291754722595
513,10570,False,5.344722457948205e-05,0.8438526391983032
513,9084,False,0.0001552795031055,0.0
513,2644,False,5.668934240362812e-05,0.7412814497947693
514,11089,False,0.0001317615691736,0.0
514,14877,False,4.7455334703722446e-05,0.8296139240264893
514,10917,False,8.452508603474786e-05,0.7667418718338013
515,20699,False,0.000146703914629,0.0
515,9906,False,6.735144510541535e-05,0.0
515,10963,False,6.735144510541535e-05,0.0
517,13379,False,0.0003688555567816,0.0
517,7406,False,0.000182574185835,0.8321713209152222
517,15376,False,0.000127821232548,0.7536430358886719
518,12120,Answer: False,0.0011736911946539,0.787388026714325
518,2138,True,0.0015746719775034,0.8582430481910706
518,16070,False,0.0014421416182569,0.0
519,8344,False,0.0001564841756043,0.8117692470550537
519,9081,False,0.0001283000598199,0.0
519,14264,False,0.0002346952313778,0.8836512565612793
520,11457,False,7.099465674563732e-05,0.0
520,9034,False,0.0003048212856391,0.0
520,15080,False,0.0001065848560533,0.0
521,12233,False,0.0002443388887126,0.0
521,8004,False,0.0010180787029692,0.0
521,10501,False,0.0001851052187216,0.0
522,13297,False,0.0005200158087208,0.0
522,14014,Answer: False,0.0035136418446315,0.9043038487434387
522,13295,False,0.0035136418446315,0.0
523,14107,False,2.7514090822675743e-05,0.6655146479606628
523,14091,False,0.0001035677350352,0.7688254714012146
523,2084,False,0.000113665723245,0.5731160640716553
524,13867,False,0.0003152801965773,0.5686627626419067
524,5425,False,0.0003861378038093,0.49796783924102783
524,18491,False,0.0012160807582267,0.48194465041160583
525,15657,False,0.0002604166666666,0.6647679805755615
525,7716,False,3.2536696383465394e-05,0.6732984781265259
525,11502,False,4.049062203267523e-05,0.7678369879722595
526,5591,False,0.0017568209223157,0.7837908267974854
526,3672,False,0.0036514837167011,0.6160321235656738
526,6892,False,0.0014344382763731,0.836298406124115
527,18482,False,0.0008989331499509,0.0
527,3843,False,0.0001010101010101,0.0
527,485,False,4.756220108079176e-05,0.9497473835945129
528,21347,Answer: True,3.903910832366904e-05,0.9276632070541382
528,76,Answer: False,3.903910832366904e-05,0.9104342460632324
529,17079,False,0.0001540833878403,0.0
529,7923,False,0.0003440104580768,0.0
529,17879,Answer: True,0.0004347826086956,0.9033843278884888
530,17705,False,0.0004800153607373,0.0
530,6615,Answer: True,6.842913665627286e-05,0.919249415397644
530,18531,Answer: True,9.354442813894526e-05,0.8915088176727295
531,13041,False,0.0005136112928011,0.0
531,729,False,0.0065372045046061,0.8439757227897644
531,19817,Answer: True,0.0005333655732934,0.932030439376831
533,17305,False,0.0010771385261753,0.6226674914360046
533,20804,False,0.0002037107771173,0.4817425012588501
533,21896,False,0.0012376844287208,0.7363746762275696
534,2941,False,0.0001000876150114,0.7464996576309204
534,6081,False,0.0007106690545187,0.7182552814483643
534,4853,False,0.0001000876150114,0.7769496440887451
535,4311,False,0.0003121830998833,0.0
535,8378,False,0.0029537583099287,0.0
535,9024,False,9.554838382146317e-05,0.0
536,15737,Answer: False,6.805499410417017e-05,0.7711150050163269
536,12747,False,7.902573250243201e-05,0.0
536,20841,False,7.311660804307743e-05,0.0
537,790,Answer: True,0.0003807155649207,0.8874751329421997
537,10080,False,0.0004772522177007,0.7885162234306335
537,13317,False,0.0004772522177007,0.7214710712432861
538,20264,False,0.0017960530202677,0.5574430227279663
538,17174,False,0.0003988275748963,0.7873925566673279
538,18480,False,0.0017960530202677,0.5456291437149048
539,1564,False,2.918464218986362e-05,0.877376914024353
539,11542,True,0.0001162633510691,0.8861879110336304
540,9383,False,4.639952116535145e-05,0.9779784679412842
540,9381,False,4.600437062282362e-05,0.7192412614822388
540,20202,False,4.639952116535145e-05,0.8793570399284363
541,4924,False,4.068747618370404e-05,0.8926234245300293
541,1231,False,5.3333583646206654e-05,0.8418474197387695
541,9189,Answer: True,5.3333583646206654e-05,0.7993379235267639
542,15021,False,5.493251894509868e-05,0.7738043069839478
542,13159,False,2.4380279176282217e-05,0.8542548418045044
542,5885,False,0.0004583492485141,0.822888970375061
543,1494,False,0.0001863389981249,0.0
543,3392,False,0.000123517801637,0.0
543,12362,False,0.0002863367219766,0.0
544,15690,False,0.0001590840725669,0.0
544,13588,False,0.0001012353189062,0.0
544,13664,False,4.701050659318746e-05,0.8736698627471924
545,6720,False,0.0001130734199627,0.0
545,7622,False,1.419904585617662e-05,0.8988351225852966
546,7776,False,0.0125988157669742,0.0
546,19559,Answer: False,0.0024296476537493,0.0
546,20551,False,0.0004196497889153,0.0
547,9295,True,3.071012070157583e-05,0.9229892492294312
547,7306,False,2.950532958644836e-05,0.8907164931297302
547,7307,False,2.950532958644836e-05,0.8827211260795593
548,3414,False,0.1,0.956504225730896
549,9395,False,0.0001057215363458,0.0
549,15125,Answer: True,3.4929290581945533e-05,0.7863709926605225
549,6822,False,4.983390629448966e-05,0.7057923078536987
550,19539,Answer: True,0.0001387027923893,0.9310232400894165
550,18805,False,0.0004667600280093,0.0
550,2555,True,0.0001667000100033,0.8898769617080688
551,1848,False,0.0001515402015527,0.41367292404174805
551,15256,False,6.71491885135072e-05,0.0
552,12103,False,0.000408329964625,0.0
552,19175,False,0.0003536241224916,0.0
553,2284,False,6.140217642152266e-05,0.0
553,13341,False,7.61386987626881e-05,0.0
553,11333,False,7.61386987626881e-05,0.0
555,16177,False,0.0018518518518518,0.0
555,19009,Answer: True,0.0007246376811594,0.8372648358345032
555,18712,False,0.0006275546404235,0.7507309913635254
556,12755,False,0.0004535718821435,0.0
556,12756,False,0.0004535718821435,0.612876296043396
556,16158,False,0.0004535718821435,0.624506413936615
557,11935,False,2.583403698404325e-05,0.863789439201355
557,3921,False,2.888333141478218e-05,0.8991812467575073
557,12534,Answer: False,2.775020721113727e-05,0.8694262504577637
558,12735,"record 1: Samsung QN55A Series 6 55"" Smart LED TV UN55J513AFXZA Samsung 54",0.0010499013139145,0.8166947364807129
558,5883,Answer: True,0.0005567942539842,0.886151909828186
558,8742,False,0.0005154913117764,0.7034635543823242
559,21310,Answer: True,0.0075005860061734,0.8361522555351257
559,19584,False,4.932888288496349e-05,0.0
559,20713,True,0.0015911145683514,0.8454501628875732
560,1998,False,0.0001709134541451,0.3695569336414337
560,12048,False,0.0009323207513178,0.47544988989830017
560,21769,False,0.0001709134541451,0.39978259801864624
561,13047,False,5.472084231171327e-05,0.0
561,21058,False,6.840105288964158e-05,0.0
561,18152,True,0.0003175741062154,0.9604257345199585
562,10922,False,6.651349248724875e-05,0.7556571960449219
562,4652,False,0.0005074050656235,0.0
562,8221,False,0.0005696549391872,0.0
563,17363,False,0.0006217059141274,0.6861521005630493
563,18915,Answer: True,0.0283389045975016,0.8568977117538452
563,21149,False,0.0006217059141274,0.6845716238021851
564,17057,False,0.0002907763157495,0.8049297332763672
564,17673,False,0.0003561268014363,0.831059455871582
564,21533,Answer: True,0.0002692065576587,0.7983688712120056
565,20075,False,0.0001019410893635,0.829977810382843
565,7124,False,0.0002368896848395,0.0
566,18275,False,0.000701378863464,0.0
566,17980,Answer: False,0.000701378863464,0.5645430088043213
566,18686,Answer: True,8.39921051131616e-05,0.6189517974853516
567,15657,False,0.0002870720076091,0.7199747562408447
567,12173,Answer: False,4.3106816127433866e-05,0.7355867624282837
567,14120,Answer: False,4.089471649223104e-05,0.8146072030067444
568,21908,False,0.0010020939661338,0.0
568,1656,False,4.224516175280275e-05,0.0
568,12005,False,5.97436806954588e-05,0.741637110710144
570,239,False,0.000133481847768,0.0
570,18763,False,0.0001155986711112,0.0
570,8870,False,0.000133481847768,0.557299792766571
571,3320,False,9.946039917214346e-06,0.851772129535675
571,7322,False,1.0388299888982858e-05,0.8449869155883789
571,9324,False,1.0388299888982858e-05,0.8461494445800781
572,4643,True,4.3215615294011575e-05,0.9223421812057495
572,16152,False,4.875378929176135e-05,0.7576797008514404
573,17889,Answer: True,5.76456302189528e-05,0.8395253419876099
573,16964,False,5.610813633658173e-05,0.8542208671569824
573,17558,False,6.536400074097384e-05,0.8578218221664429
574,20580,False,0.0001597109929377,0.7739176750183105
574,7219,False,0.0012830005981991,0.6178282499313354
574,16055,False,0.0001987615979999,0.7420625686645508
575,1128,Answer: True,0.0013746434980705,0.8968554139137268
575,16492,False,0.0006185580158543,0.0
575,5075,True,0.0006775963568181,0.7978196740150452
576,10759,False,0.0004493032216809,0.0
576,7762,False,0.0105654108759074,0.0
576,4964,False,4.946457486396258e-05,0.0
577,19367,False,0.0002024706378124,0.8801242709159851
577,21736,True,0.0002024706378124,0.8641372919082642
577,15887,False,5.315435564330292e-05,0.0
578,62,False,0.0008094048852977,0.0
578,11384,False,0.0002670343590914,0.822378396987915
578,13381,False,0.0002670343590914,0.7244699001312256
579,3128,False,0.0002630928433546,0.7798843383789062
579,15014,False,0.0002630928433546,0.8260140419006348
579,15015,Answer: True,0.0002841727495647,0.9591585397720337
580,10635,False,9.252408160090156e-05,0.0
580,12661,False,0.0008505172717997,0.0
580,693,False,0.0008838834764831,0.0
581,17697,False,2.494266658206034e-05,0.912692666053772
581,17696,False,6.885181324455427e-05,0.7473453283309937
582,14874,False,8.631485764168257e-05,0.7707598209381104
582,15804,False,8.631485764168257e-05,0.7882665395736694
582,12973,False,0.0003475995967735,0.0
583,2183,False,0.0007365695637359,0.5408052802085876
583,6169,False,0.0009720197391996,0.0
583,8916,False,0.0003419208082759,0.0
584,13361,False,0.0002777777777777,0.0
584,14457,False,1.5304560759106214e-05,0.0
584,965,False,8.184106263733189e-05,0.96006178855896
585,13589,Answer: False,3.954824982302079e-05,0.8303664326667786
585,19031,Answer: False,3.954824982302079e-05,0.8234365582466125
586,3417,False,0.0001673823614958,0.0
586,15740,False,0.0001253735427635,0.6587193608283997
586,3410,False,5.207248602855396e-05,0.7024869322776794
587,10648,False,0.0001048890140306,0.5960240364074707
587,17127,False,9.250341546259658e-05,0.5994521975517273
587,14455,False,9.250341546259658e-05,0.8398351669311523
588,16835,False,0.00029463805616,0.8604050874710083
588,3389,Answer: False,0.00029463805616,0.7711365222930908
588,18144,Answer: False,0.0033612278224367,0.8718088865280151
589,16953,Answer: False,0.0008747731351357,0.8933086395263672
589,14999,False,0.0001841423909339,0.7950985431671143
589,15495,False,0.0008747731351357,0.9074885249137878
590,3686,False,0.0001185203550292,0.0
590,7672,False,0.0001185203550292,0.0
590,5660,False,0.0001261745530224,0.0
591,1480,False,1.864322375594512e-05,0.6600250005722046
591,5594,False,0.0001479451823812,0.824651837348938
592,12495,False,3.970775896673933e-05,0.8793138265609741
592,2520,False,2.9235267310234312e-05,0.9038071632385254
592,4421,False,3.970775896673933e-05,0.9276861548423767
593,3678,False,0.0005595067771787,0.6738021373748779
593,7075,False,0.0005076207532276,0.7310188412666321
593,9766,False,5.169356724435949e-05,0.5984954237937927
594,20843,False,3.3834033839199856e-05,0.8251686096191406
594,9347,False,4.346087999304835e-05,0.6678533554077148
594,8078,False,3.48338818692091e-05,0.6717612743377686
595,11880,False,5.783168661395955e-05,0.0
595,14315,False,7.11118134534778e-05,0.49197277426719666
595,14869,True,9.91606862181216e-05,0.8666257858276367
596,18158,False,3.512670573716462e-05,0.0
596,12627,Answer: True,0.0001078588631536,0.889162540435791
596,107,True,0.0001078588631536,0.8896833658218384
597,10321,False,5.26905202076414e-05,0.5742191076278687
597,22043,Answer: True,0.0001665353761213,0.8575960397720337
598,14107,False,2.9115468457028517e-05,0.737185001373291
598,14091,False,0.0001095955938365,0.6906843185424805
598,2084,False,0.0001202813060811,0.6077516078948975
599,19773,False,4.662556476489876e-05,0.9441525936126709
599,21543,False,4.662556476489876e-05,0.9271776676177979
599,556,False,0.0014342036695071,0.9760570526123047
600,12881,Answer: False,3.674583716210942e-05,0.8850235939025879
600,903,False,0.0002054154744615,0.7548447847366333
600,4691,False,3.674583716210942e-05,0.7833516597747803
601,18202,True,0.0001649024857139,0.6685564517974854
601,8682,False,0.0051031036307982,0.0
601,9198,False,0.001359820733051,0.0
602,17332,False,4.66896862064645e-05,0.6496503949165344
602,17645,False,5.631059111985696e-05,0.6403210163116455
602,274,False,3.94599869493328e-05,0.6698235273361206
603,21731,Answer: False,5.464510245587734e-06,0.7827856540679932
603,9714,False,0.0004055535528269,0.0
603,19358,"False, as the part numbers and lengths of the cables are different, indicating that they may refer to different products",5.464510245587734e-06,0.7610682249069214
604,11069,False,0.0002417745221606,0.0
604,15829,False,0.0002791771709053,0.8902115821838379
604,11067,False,0.0002791771709053,0.0
605,10783,False,0.0006313453403451,0.4612277150154114
605,12328,False,0.000595238095238,0.0
605,21418,False,0.000595238095238,0.0
606,1494,False,9.920947376656814e-05,0.0
606,8137,False,3.8185744256859485e-05,0.768060564994812
606,12362,False,0.0001524496524785,0.0
607,19298,False,0.0001221155067309,0.0
607,4959,False,0.0007099522928088,0.0
607,14971,False,0.0003968753968755,0.0
608,19334,Answer: True,0.0002222519255089,0.8156805038452148
608,11421,False,0.000129212555367,0.6654981374740601
609,15319,False,5.040102351405716e-05,0.0
609,14207,False,5.532551085910769e-05,0.0
609,19490,False,5.388096055209689e-05,0.0
610,15811,False,0.0002130941958811,0.6375774145126343
610,1115,False,3.490734187928942e-05,0.0
610,4944,False,3.70681690670402e-05,0.0
611,10439,"False, as while both cables are from the same brand (Accell) and have similar model names (ProUltra), they differ in length (2m vs",0.001296189618413,0.8537675142288208
611,2439,False,1.763890652780424e-05,0.9021257162094116
611,8429,Answer: False,0.0001740626239236,0.8932687044143677
612,184,False,0.0001701403811929,0.0
612,2829,True,4.788252928175574e-05,0.8974635004997253
612,4733,Answer: True,4.788252928175574e-05,0.9054406881332397
613,11975,False,9.1438396246977e-05,0.4594414234161377
613,13163,False,0.0005234239225902,0.0
613,16640,Answer: False,0.0001453955340528,0.0
614,22045,False,0.0026992363943219,0.8386654853820801
614,20409,False,0.0020908195205371,0.7851577997207642
614,11998,False,0.0002164299376137,0.8160057067871094
615,5863,False,0.0006326310677286,0.0
615,1393,False,0.0004343804386977,0.0
615,17519,Answer: True,0.0033733663978834,0.7839827537536621
616,12447,False,0.0001320553523013,0.0
616,1703,False,0.000310086836473,0.0
616,11665,False,0.0006520506636966,0.8263261318206787
617,19540,True,4.172683726344341e-05,0.8815999031066895
617,11502,False,3.9672545339179415e-05,0.7148839235305786
618,8423,False,0.0034079703389665,0.7277460098266602
618,8028,False,0.0034079703389665,0.76874840259552
618,14335,False,0.0034079703389665,0.7789117097854614
619,16121,False,0.0001269705381208,0.6978384256362915
619,1103,False,0.0001150984254843,0.5899807810783386
619,16124,False,0.0004508348173337,0.7712976932525635
620,3741,False,0.0004195906791483,0.0
620,12019,False,0.0009324237314407,0.0
620,20130,False,0.0001498538139815,0.7672734260559082
621,7079,False,0.0001668126916858,0.7589849233627319
621,9205,False,0.0003932013446879,0.8085233569145203
621,15384,False,7.503347239469735e-05,0.8325343728065491
622,20755,False,0.000937655678417,0.0
622,3159,False,0.0001199327030533,0.0
622,15060,False,0.0001153164010036,0.0
623,4744,False,4.695301415158425e-05,0.7356758117675781
623,8820,False,4.949282257637489e-05,0.8740480542182922
623,14735,False,6.0616080621109e-05,0.8664706349372864
624,4039,True,7.554559628061405e-05,0.9162670373916626
624,19036,False,0.0001811594202898,0.0
625,18443,Answer: True,6.167174060949182e-05,0.9562775492668152
625,21566,False,5.942837625931245e-05,0.9287734627723694
625,13261,False,0.0001590840725669,0.0
626,21676,False,0.000405420212842,0.0
626,14707,False,5.079074547718542e-05,0.9230543971061707
626,16608,False,0.0009221388919541,0.8971734642982483
628,8601,False,0.0002305347229885,0.0
628,11531,False,0.0001956052195054,0.0
628,14647,False,4.8171434654321104e-05,0.0
629,2738,False,9.0510228722584e-05,0.828635573387146
629,747,False,9.0510228722584e-05,0.8210999369621277
629,2739,True,9.0510228722584e-05,0.8514000177383423
630,12817,Answer: True,0.0001069044967649,0.8860635757446289
630,12819,False,0.000326598632371,0.8783942461013794
630,6771,False,0.000326598632371,0.8576050996780396
631,4378,False,3.272960709691756e-05,0.775431215763092
631,21424,False,0.0003073796306513,0.7909749150276184
631,14381,False,4.839973977272272e-05,0.7177456617355347
632,14186,"False, the records refer to different entities",0.000137464349807,0.0
632,13149,Answer: False,8.69400884928835e-05,0.8667694926261902
633,5320,False,0.0007936507936507,0.5580631494522095
633,2010,False,0.0015432886097325,0.0
633,18607,False,0.0003011693009684,0.5687936544418335
634,12897,False,6.083580461840564e-05,0.7950313687324524
634,928,False,5.8123230288101386e-05,0.8852193355560303
634,8531,False,5.8123230288101386e-05,0.8548744916915894
635,21119,Answer: False,9.203210809656488e-06,0.7879175543785095
635,13762,Answer: False,9.838646202282567e-06,0.791267991065979
635,12796,False,0.0016476552823374,0.0
636,9151,Answer: False,0.0033931918306316,0.9453731775283813
636,14627,False,0.0033931918306316,0.918530285358429
636,8689,False,0.0036980013081681,0.871081531047821
637,3955,False,0.0002767546517312,0.915344774723053
637,15919,False,6.514128572214963e-05,0.9017173051834106
637,15920,True,6.141579315912324e-05,0.910915732383728
638,4328,False,0.0005783571744161,0.7896655797958374
638,4329,False,0.0005537348367513,0.802826464176178
638,20333,False,0.000596815832059,0.8192793130874634
639,10128,Answer: False,0.0002249788529816,0.9243426322937012
639,7371,Answer: False,0.0017634668567096,0.9135606288909912
639,12389,True,0.0002032067059189,0.9135059714317322
640,2390,False,0.0005,0.695831298828125
640,10358,False,0.00625,0.6215768456459045
640,6573,False,0.0225,0.7569288015365601
641,11665,False,0.0002109986397383,0.0
641,2034,False,0.0008089810021132,0.0
642,5608,False,0.0002132007163556,0.0
642,6155,False,4.6819434893280696e-05,0.0
642,14654,False,0.0002383656473113,0.0
644,9985,False,4.41864418733179e-05,0.7805346846580505
644,12588,False,5.6355211246604605e-05,0.8022826910018921
644,7972,False,2.743735149576371e-05,0.8011506795883179
645,6760,False,0.0001381827200953,0.7859159708023071
645,6985,False,1.673320046374871e-05,0.727294921875
646,12881,False,9.431759035593746e-05,0.6775721311569214
646,903,False,0.0005272513587746,0.6275893449783325
646,10836,False,0.0010088152067206,0.6941994428634644
647,7618,False,0.0011811389781538,0.0
647,15653,False,7.418430286639034e-05,0.0
647,10958,False,0.0002727723627949,0.0
648,4759,Answer: True,8.18701859027726e-05,0.8754231333732605
648,8812,False,4.271788288583805e-05,0.8784506320953369
648,4756,False,5.403432269582993e-05,0.8158852458000183
649,20118,False,0.0002083333333333,0.0
649,1427,Answer: True,0.0001900824680608,0.8047080039978027
649,12734,False,0.0002083333333333,0.0
650,6041,False,0.0001867544702084,0.0
650,13045,False,0.0001524843863982,0.0
650,6180,False,0.0012198750911856,0.0
651,9648,False,0.0001439407776742,0.0
651,6905,False,0.0001439407776742,0.0
651,10947,False,0.0001175271528271,0.0
652,19074,False,0.0010039229643167,0.0
652,6708,True,0.0001022514130322,0.9626399278640747
652,7445,Answer: False,7.668855977419898e-05,0.8619524240493774
654,14489,True,2.1011371069137463e-05,0.8803237676620483
654,6535,False,2.2691669112072346e-05,0.8266251087188721
654,12590,False,2.2691669112072346e-05,0.8587723970413208
655,14266,Answer: False,4.72103752158906e-05,0.8701346516609192
655,21590,False,0.0008211077318035,0.0
655,16405,False,0.0004951465925185,0.5425816774368286
656,4512,False,0.0015701857325533,0.0
656,4530,False,0.000405420212842,0.0
656,10558,Answer: True,0.0500867303340471,0.8380416035652161
657,20812,False,0.0012036423012141,0.7072577476501465
657,18820,True,0.0012036423012141,0.6734374761581421
657,8422,False,0.000255264889247,0.7155265808105469
658,10831,Answer: False,6.41025641025641e-05,0.8739904165267944
658,21942,Answer: True,0.0001016394535227,0.9282259941101074
658,12878,Answer: True,0.0001016394535227,0.7945904731750488
659,6278,False,9.926733143494574e-05,0.0
659,499,False,0.0001265291721076,0.0
660,10273,True,9.678973050396892e-05,0.8909202814102173
660,4243,False,9.678973050396892e-05,0.0
660,8285,False,9.678973050396892e-05,0.8457423448562622
661,13002,False,7.702564858126502e-05,0.0
661,10956,False,5.446535843710447e-05,0.7680053114891052
662,17258,Answer: True,2.518152051469652e-05,0.8890409469604492
663,8127,False,0.0001129327261363,0.0
663,840,False,0.0001290994448735,0.0
663,7135,False,0.0018257418583505,0.9794250726699829
664,18569,False,0.0012880994780963,0.0
664,11618,Answer: True,0.0002123683193747,0.6827229261398315
664,5378,Answer: False,0.0002123683193747,0.8007141351699829
665,19987,False,0.0003249220280687,0.0
665,9377,False,0.0003249220280687,0.0
665,14902,False,0.0002966118736726,0.0
666,2526,False,0.0010758287072798,0.7851399183273315
666,14433,False,0.0010758287072798,0.8400736451148987
666,12514,Answer: True,0.0002484519974999,0.8160640597343445
667,7079,Answer: True,0.0001348467149969,0.8986779451370239
667,6298,Answer: False,4.312088473913138e-05,0.8973383903503418
667,13511,Answer: False,0.0002031111159255,0.0
669,4415,False,0.0001433164917687,0.7653838396072388
669,12490,False,6.057371875819052e-05,0.8046637773513794
669,6227,False,0.0001433164917687,0.6879894733428955
670,14473,False,0.0017820361885327,0.652673602104187
670,20372,False,0.0017820361885327,0.6842935681343079
670,15515,False,0.0017820361885327,0.8171126842498779
671,16444,False,0.0002945664638722,0.8599849939346313
671,4090,False,0.0002551020408163,0.6415368318557739
672,15769,False,0.0001354610691928,0.0
672,2944,Answer: True,9.07783442122053e-05,0.8110681772232056
672,16016,False,0.0004002434220233,0.0
673,8664,False,5.307389123112075e-05,0.754096269607544
673,18693,False,5.003854452464363e-05,0.7675734758377075
673,20186,False,5.504818825631803e-05,0.8087024688720703
674,766,False,5.218279967274553e-05,0.0
674,19884,False,0.0002390730460621,0.0
674,18391,False,0.0002928034870526,0.0
675,4663,False,0.0009631426606617,0.5532666444778442
675,18212,False,0.0002724178826415,0.5615955591201782
675,20889,False,0.0004558944110345,0.0
676,12474,False,0.000663494812641,0.0
677,15977,False,0.000219298245614,0.7531141042709351
677,2905,False,0.0003711961693228,0.5502031445503235
677,17839,False,0.0090063849093741,0.8665758967399597
678,20733,False,0.0004291692859611,0.8581711053848267
678,14868,False,0.0004442553321937,0.7768324613571167
678,8962,Answer: False,0.0003716715041663,0.838620662689209
679,510,False,0.0009838022268349,0.0
679,14223,False,0.0004880430059018,0.0
679,17992,False,0.0002408601582342,0.0
680,10770,False,0.0001781945275276,0.0
680,843,Answer: True,0.0001419725699999,0.7668531537055969
680,19224,False,0.0004199605255658,0.5734795928001404
681,20251,Answer: False,0.0001380688766572,0.9838588237762451
681,5618,Answer: True,0.0003379094323505,0.7319750189781189
681,1165,False,6.122767749226269e-05,0.7506349682807922
682,11832,False,0.0001193180652966,0.0
682,20511,False,0.0004493032216809,0.0
682,18774,False,0.0001193180652966,0.0
683,4760,False,6.243905410544627e-05,0.0
683,1850,False,4.599070684253624e-05,0.8038339018821716
683,12821,False,6.243905410544627e-05,0.0
684,15210,Answer: False,5.848853386196637e-05,0.8679666519165039
684,17572,Answer: True,9.02497670927266e-05,0.9416631460189819
684,17573,Answer: True,9.02497670927266e-05,0.94840407371521
686,19933,False,0.0007142857142857,0.0
686,11517,False,0.0007142857142857,0.0
686,18655,False,0.0005,0.7028239965438843
687,20212,False,8.274381510201379e-05,0.8944849371910095
687,21913,False,0.0010963152290074,0.6419063210487366
687,19433,False,0.000133008832931,0.0
688,6799,False,5.581038463553517e-05,0.8693772554397583
688,4783,Answer: False,6.707573450226321e-05,0.903850793838501
688,8839,False,7.935196008581542e-05,0.8462483286857605
689,13841,False,0.0001773350715092,0.0
689,138,False,0.0001773350715092,0.0
690,12896,Answer: True,6.0314332988678446e-05,0.8440574407577515
690,19149,False,5.3946779432097215e-05,0.0
691,17289,Answer: True,0.0001030767902604,0.8415217399597168
691,17947,Answer: False,0.000139198563496,0.8272042274475098
691,16716,Answer: False,0.0002182178902359,0.7585557699203491
692,11840,False,0.0004546206046583,0.0
692,16085,False,0.0010327955589886,0.0
692,18704,False,0.0081649658092772,0.7776484489440918
693,9143,False,0.0002618914004394,0.0
693,104,Answer: True,9.898564515274976e-05,0.780704915523529
693,2611,Answer: True,0.0001069167165165,0.800093948841095
694,20006,False,0.0001722921969015,0.9048315286636353
694,2043,False,0.0001649572197684,0.8622785806655884
694,11973,False,0.0001399868418552,0.0
695,8127,False,6.789556287094255e-05,0.7319570779800415
695,12569,True,7.437586267785091e-05,0.9755855202674866
695,15531,False,6.285907679128957e-05,0.6952826976776123
697,1943,False,0.0001130838305218,0.705226480960846
697,1129,False,9.356670109007024e-05,0.0
697,17454,False,7.098163530970848e-05,0.0
698,20133,False,0.0001196776872351,0.0
698,13510,False,0.0002205233850104,0.0
698,16032,False,0.0002663261144198,0.0
699,14265,Answer: True,2.9171161194934065e-05,0.9264963269233704
699,3856,Answer: False,3.036230721222004e-05,0.8759058117866516
699,4283,True,2.0884337444973824e-05,0.9250037670135498
700,17704,False,0.0001657772266157,0.0
701,6753,False,6.101191557042251e-05,0.7610750198364258
701,6754,False,6.101191557042251e-05,0.7938790321350098
701,9931,False,0.0001057476014568,0.0
702,17434,False,8.116872421483554e-05,0.0
702,2811,Answer: True,8.990239650393608e-05,0.8473802804946899
702,10709,False,0.0001711515998038,0.0
703,17210,False,0.0004051273272201,0.8512284159660339
703,4737,False,0.0001595629112081,0.0
703,18759,False,0.0011484280255078,0.857062578201294
704,18206,True,0.1,0.835567831993103
705,19997,False,0.0005025189076296,0.0
705,9780,False,0.0006460627768351,0.0
705,12895,Answer: True,0.0001611830147737,0.902355432510376
707,8042,Answer: True,2.9117048200848727e-05,0.0
707,11829,Answer: False,2.5907083509052447e-05,0.7188873887062073
707,17384,False,2.600376156015034e-05,0.0
708,3128,False,0.0003134840473979,0.890387773513794
708,13094,False,2.840471834402213e-05,0.8559087514877319
708,1101,False,2.840471834402213e-05,0.8642857074737549
709,3126,False,2.214546129433066e-05,0.8162491321563721
709,15003,True,2.214546129433066e-05,0.7093064188957214
709,1096,Answer: True,2.214546129433066e-05,0.9063236713409424
710,8907,False,0.0007022084070579,0.8330953121185303
710,2945,Answer: False,0.0009622504486493,0.8066570162773132
710,10867,False,0.003491526928112,0.8051732182502747
711,7671,False,8.643587980297975e-05,0.6877890825271606
711,7681,False,0.0001115882409972,0.7891152501106262
711,20541,False,0.0001115882409972,0.8116199970245361
712,4334,"False, as the StarTech adapter cable does not have an antenna, while the Alfa antenna is a separate product for wireless networking devices",0.0003962144258751,0.5203913450241089
712,21337,False,0.0002604484616324,0.5706156492233276
712,7350,"False, as the first record describes a specific brand and model (StarTech",4.541051672135588e-05,0.6197506189346313
713,18498,Answer: False,0.0010531568296778,0.48224586248397827
713,18892,False,0.0067022490232631,0.7362319231033325
713,9651,False,0.0002835422233748,0.48995184898376465
714,3513,False,0.0001411042280927,0.0
714,10363,False,0.0001252318937038,0.0
714,16478,Answer: True,0.0002695623225357,0.8770604133605957
715,7850,False,3.844145861241648e-05,0.8414201736450195
715,11900,False,0.0001028688999747,0.7714743614196777
715,10860,False,4.708097928436912e-05,0.5598276853561401
716,5898,False,7.836030490910694e-05,0.6627177596092224
716,6117,False,0.0001207613402146,0.5697684288024902
717,11791,False,0.0001573759461568,0.0
717,12188,False,9.28399860972354e-05,0.0
717,20106,Answer: True,0.0001241398204539,0.9463457465171814
718,9640,False,0.0001485562705416,0.0
718,7425,False,5.8453750312138826e-05,0.0
718,10033,"False, the two records are referring to different products",2.3844749220156243e-05,0.0
719,15628,True,0.0001312525850861,0.6922569274902344
719,15581,False,6.509274544922242e-05,0.0
719,6972,Answer: True,0.0060048057676907,0.0
720,2693,False,0.0001082509766474,0.5515314340591431
720,13398,Answer: False,0.0017566309854621,0.9785696864128113
720,21218,Answer: True,0.0002033806227921,0.8685332536697388
722,3998,False,6.399913821900655e-05,0.6292475461959839
722,12995,Answer: False,7.3899839357295e-05,0.9876925349235535
722,8523,Answer: False,7.3899839357295e-05,0.7762891054153442
723,1687,False,0.0002637540241752,0.8094205856323242
723,9675,False,0.0002637540241752,0.8956446647644043
723,5636,False,0.0002637540241752,0.8557896614074707
725,12440,False,0.0001202562553038,0.0
725,16277,Answer: True,4.8985190464156165e-05,0.8645803928375244
725,16800,Answer: True,5.526274792244376e-05,0.8894801139831543
726,1064,False,0.0001403885265886,0.0
726,10507,Answer: False,0.0010118987041001,0.7972603440284729
726,10508,Answer: False,0.0013063556096763,0.8485010266304016
727,21724,False,7.521255014915033e-05,0.0
728,12673,False,4.023793344908074e-05,0.0
728,2699,False,3.484707256269152e-05,0.0
728,14590,False,4.023793344908074e-05,0.0
729,14465,False,5.715056482449505e-05,0.0
729,601,False,5.562627506553214e-05,0.0
729,20656,Answer: False,5.562627506553214e-05,0.0
730,2782,False,8.951435925492912e-05,0.0
730,559,False,0.0003079387573174,0.0
730,6466,False,0.0002903274446524,0.0
731,4770,False,7.577871533131545e-05,0.0
731,5450,False,0.0001320714752917,0.0
732,16393,False,0.0001817136889467,0.8653619885444641
732,9995,False,0.0001880603141453,0.6726014614105225
732,7755,False,0.0002050006888034,0.8831489086151123
733,12243,False,0.0003673889284811,0.7144128680229187
733,132,False,0.0002104484467817,0.0
733,14192,False,0.0017568209223157,0.4846912622451782
734,5991,False,0.000652689235107,0.8039554357528687
734,4003,False,0.0002761377533145,0.7525872588157654
734,10454,False,0.0005482353974666,0.0
735,12273,Answer: False,0.0001095664269781,0.9124573469161987
735,10273,False,0.0001183100609933,0.879763126373291
735,8285,False,0.0001183100609933,0.8429391980171204
736,13018,False,2.280358512215749e-05,0.5821896195411682
736,3337,False,6.096328053561775e-05,0.0
736,10971,False,2.280358512215749e-05,0.6326318979263306
737,6759,True,1.5204787534181896e-05,0.8711501955986023
737,7066,False,0.0002956148561502,0.0
737,12044,False,0.0002560099751622,0.0
738,2855,False,0.0004441155916843,0.7287507057189941
738,18197,Answer: True,0.0027242219148871,0.8797924518585205
738,17670,False,0.0002795084971874,0.5729597210884094
739,18445,False,0.0011909826683508,0.0
739,3315,False,0.0001620722127754,0.0
740,17812,Answer: True,6.907443024002324e-05,0.8622959852218628
740,2036,False,4.317151890001453e-05,0.0
740,17808,Answer: False,2.6567088553855097e-05,0.9238400459289551
741,15355,False,0.0002263904014822,0.0
741,21551,False,0.0002263904014822,0.0
741,20506,False,0.0002263904014822,0.0
742,10729,False,0.0004956572410738,0.8750818967819214
742,8235,Answer: False,0.0006070536639732,0.9793161153793335
742,12766,False,0.0004956572410738,0.9076052904129028
743,13660,False,6.226796123186807e-05,0.7430849075317383
743,17324,Answer: False,0.0003262334552859,0.5603504180908203
743,19200,False,0.0009284766908852,0.0
744,17780,False,0.0020437977982832,0.0
744,6490,False,0.0009558988911273,0.0
745,11810,True,9.73787852965064e-05,0.9361205101013184
745,11811,False,4.194002201814827e-05,0.9325578212738037
745,15384,False,5.346324766776227e-05,0.8585492968559265
746,15436,False,0.0004457184889504,0.0
746,18839,False,4.099225539250444e-05,0.0
746,13828,False,0.0003910825282407,0.0
747,19676,False,0.0026028960314767,0.0
747,13170,False,0.000199551513077,0.8115032911300659
747,6385,False,0.0003339517165434,0.5450286269187927
749,9276,False,0.0007968190728895,0.5779746770858765
749,15430,False,0.0001927788079571,0.8496540784835815
749,9277,False,0.0002155332596067,0.5918691158294678
750,15890,False,8.059150738689715e-05,0.6777170896530151
750,10530,False,0.0001026671859996,0.8957022428512573
750,14477,False,6.979429272633417e-05,0.6314221024513245
751,3527,False,0.0001149425287356,0.9100260734558105
751,19933,False,0.0007142857142857,0.0
751,10836,False,0.0008318903308077,0.0
752,3678,False,0.0007912620725258,0.7478213906288147
752,7075,False,0.0007178841537565,0.8768162727355957
752,9766,False,7.310574388441878e-05,0.6191919445991516
753,10375,False,0.0001052689901333,0.5380286574363708
753,10376,False,0.0001052689901333,0.0
753,2410,False,6.657795516141343e-05,0.7618184089660645
754,8527,False,0.0001050420168067,0.0
754,5479,Answer: False,4.9801192055599736e-05,0.8389382362365723
754,7490,False,0.0001073762707412,0.764328122138977
755,11851,False,0.0031673001900633,0.797360360622406
755,15790,False,0.0031673001900633,0.7400678396224976
755,17464,False,0.0031673001900633,0.8017274141311646
756,19114,False,0.000129506736481,0.0
756,12637,False,4.1206688880334935e-05,0.0
756,21154,False,3.714320741253486e-05,0.0
757,2409,False,2.480415069366484e-05,0.7600870728492737
757,12380,False,5.316742625738919e-05,0.8330328464508057
757,12382,False,4.89069189404212e-05,0.8503245115280151
758,5931,False,4.61702217288127e-05,0.0
758,17688,False,0.0001642534433303,0.0
759,6310,Answer: False,0.0001309978222055,0.8520932793617249
759,4311,Answer: False,0.0003465876598468,0.868382453918457
759,8381,True,0.0003465876598468,0.8606467247009277
761,11832,False,0.000120730162559,0.5411046147346497
761,18774,False,0.000120730162559,0.5786432027816772
761,21777,False,5.710710297274025e-05,0.8073567748069763
763,6062,False,0.000612575384911,0.0
763,17761,False,7.597134973848674e-05,0.0
763,13078,False,8.154100913168027e-05,0.0
764,5098,False,0.0001349504316885,0.0
764,2901,False,0.0001337184024706,0.516048014163971
764,17112,False,6.070346496981094e-05,0.0
765,15415,Answer: True,2.714876541251228e-05,0.9542806148529053
766,4192,False,0.0005105297784941,0.6428874135017395
766,11514,False,0.0003458427531734,0.0
766,5931,False,0.00010252528377,0.0
767,21563,False,0.0002760788151871,0.6544320583343506
767,6247,False,0.0001363352173763,0.7191163301467896
767,8739,False,0.0052057920629535,0.6231502890586853
768,4345,False,0.0001395942975509,0.6194453239440918
768,20632,False,0.0001529178913354,0.5948711633682251
768,10397,False,0.0001027286000275,0.851600706577301
769,10439,Answer: True,0.0017010345435994,0.8620938658714294
769,4343,Answer: False,2.314814814814815e-05,0.9006245136260986
769,6362,Answer: False,0.0002284284118909,0.9011979103088379
770,11223,False,3.3662547067328115e-05,0.8583649396896362
770,1111,Answer: False,3.515938372187297e-05,0.8833997249603271
771,13509,False,8.480083658269643e-05,0.856063187122345
771,11539,False,0.0002883081703465,0.8690893650054932
771,5517,False,0.0001332268908396,0.8740233778953552
772,8624,False,7.224901708183807e-05,0.0
772,1521,False,1.564633152195771e-05,0.0
772,18440,False,0.0002036765486407,0.8599446415901184
773,14273,False,0.0077151674981045,0.0
773,4320,False,0.0012459517043681,0.699390709400177
773,7502,False,0.0013638618139749,0.0
774,10931,False,0.0002104284106624,0.5352356433868408
774,14885,False,0.0002977456670877,0.6531283855438232
774,18664,False,0.0002977456670877,0.7224100828170776
775,20812,True,0.0010061723832388,0.7128195762634277
775,18820,False,0.0010061723832388,0.6371656060218811
775,8422,False,0.0002133860547372,0.72271329164505
776,150,False,0.0001129400724926,0.0
776,16196,False,0.0004448004272363,0.8725883960723877
776,19317,False,0.0007263560560673,0.7126854062080383
777,14037,False,9.516277166989811e-05,0.0
777,16022,False,0.0001197832447033,0.0
777,6059,False,9.516277166989811e-05,0.0
778,10705,False,0.0028639064585952,0.0
778,16756,False,0.0003059262909226,0.0
778,17996,False,0.0002861678415597,0.0
779,8792,False,0.0004695301415158,0.0
779,1083,False,0.0005750546327852,0.0
779,5027,False,0.0005750546327852,0.0
780,4064,False,0.0001683501683501,0.0
780,5808,False,0.0005434765615429,0.0
780,14278,False,8.058229640253803e-05,0.7900164127349854
781,10696,False,0.0005309243901765,0.0
781,17483,Answer: True,2.4604836322638763e-05,0.8327394127845764
781,508,False,6.092574969239068e-05,0.0
782,11066,False,0.0008896008544727,0.0
782,323,False,7.3373041828734e-05,0.0
782,21987,False,8.98632566781425e-05,0.7483435869216919
783,19235,False,0.0001768120612458,0.0
783,16942,False,0.0004950737714883,0.6839855909347534
783,1085,False,0.0003031695312954,0.5232778787612915
784,4647,False,0.0004347004424644,0.0
784,21196,Answer: False,0.0074535599249993,0.9030118584632874
784,12733,Answer: False,8.894424920585503e-05,0.9736737608909607
785,15863,False,0.0010647942749998,0.0
785,14802,False,0.0022184871241845,0.5503087639808655
785,10845,Answer: False,0.0003286647591384,0.7601786255836487
786,17465,False,6.937756159694744e-05,0.0
787,8779,False,3.371943588738269e-05,0.7847839593887329
787,4739,False,3.039428876791972e-05,0.8888859748840332
787,8781,False,3.371943588738269e-05,0.7892707586288452
788,20677,Answer: False,0.0001668001602136,0.8708490133285522
788,18156,True,0.0048841526711655,0.8997128009796143
788,14901,Answer: True,0.014129155941586,0.8413612842559814
789,2161,False,0.0001763539524947,0.0
789,13030,False,3.816021249839091e-05,0.8682770729064941
790,13777,False,0.0018099071372223,0.8571344614028931
790,7832,False,0.000443373701071,0.6392667293548584
790,7485,False,0.0001311003378574,0.0
791,3258,False,0.0004249271363281,0.0
791,16614,False,0.0054554472558998,0.0
791,19465,False,5.417655479028952e-05,0.0
793,12058,Answer: True,0.0002037983283518,0.8911848068237305
793,4044,False,0.0003987679826189,0.8822892308235168
793,10077,False,0.0001874671961107,0.9265323877334595
794,19963,False,0.0002022394600507,0.8677018284797668
794,19964,False,0.0002022394600507,0.8487298488616943
794,13704,False,0.0002022394600507,0.8682582974433899
795,20803,False,5.499202508486098e-05,0.0
795,3849,False,5.155445821113435e-05,0.0
795,21892,False,0.0001713213089182,0.0
796,15873,False,9.161405141160212e-05,0.0
796,19972,False,0.0017190354104313,0.6728204488754272
796,11289,False,0.0008103610638771,0.0
797,16252,False,0.0032285575048732,0.5243494510650635
797,10346,False,0.0002532238022761,0.6119780540466309
797,6508,Answer: True,0.0006547285010986,0.663351833820343
798,21293,False,3.5037673489612146e-05,0.6905186772346497
798,8209,False,3.97599385305464e-05,0.7081059813499451
798,6373,Answer: False,3.000447099929316e-05,0.8688767552375793
800,14756,False,9.15167832277223e-05,0.0
800,14662,False,0.0005283098613411,0.0
800,2971,False,0.0005112030854511,0.0
801,2161,False,0.0002177290669661,0.0
801,8931,Answer: False,5.693357749418717e-05,0.8390600681304932
801,13029,False,5.693357749418717e-05,0.8736257553100586
802,20115,False,9.911892504721872e-05,0.8622088432312012
802,5197,False,0.0003820803599504,0.6039904356002808
803,4121,True,0.15,0.8661223649978638
804,2879,False,9.638940397858012e-05,0.9171314239501953
804,4250,False,0.0002624753284786,0.7039259672164917
804,11124,False,0.0004499577059633,0.5191439390182495
805,8378,Answer: False,0.0029262808912226,0.8635066151618958
805,8379,Answer: False,0.0003571246369629,0.8517387509346008
805,14294,Answer: False,0.0003571246369629,0.8478204011917114
806,5375,False,6.522758930691126e-05,0.7117317914962769
806,20383,False,0.000433554984762,0.49147340655326843
807,14882,False,0.0008304547985373,0.0
807,5825,False,0.0001299745196932,0.0
807,10731,True,0.0003075758513101,0.8244684934616089
809,14213,False,8.082144082814533e-05,0.6707698702812195
809,18917,False,8.082144082814533e-05,0.0
809,20809,False,0.0001212321612422,0.6333668231964111
810,1480,Answer: True,8.452508603474787e-06,0.9172818064689636
811,4336,False,8.689989919339461e-05,0.42659151554107666
811,19486,False,8.689989919339461e-05,0.7473788261413574
811,14325,Answer: False,8.689989919339461e-05,0.5373676419258118
812,12030,False,0.0002253000954095,0.9246814250946045
812,5995,False,0.0003562307292736,0.8946954011917114
812,4005,False,0.0003562307292736,0.917054295539856
813,11783,False,0.0002016534812846,0.0
813,19598,False,0.000201172225899,0.0
814,17506,False,0.0001107022945489,0.8679369688034058
814,16316,False,0.0001189133395751,0.9407301545143127
816,22045,False,0.0020178006747024,0.8149909377098083
816,417,False,0.000675600486925,0.6444905996322632
816,11998,False,0.0001617911180589,0.82952481508255
817,3008,False,0.0006420951071078,0.0
817,19557,False,0.0002594996480538,0.7327154278755188
818,20109,False,5.858963771247027e-05,0.0
818,979,Answer: False,7.50692363806564e-05,0.8791055083274841
818,8789,False,3.678061789603123e-05,0.0
819,12108,False,0.0002914399275768,0.7361935377120972
819,9517,False,0.0002914399275768,0.0
819,9510,False,0.0002914399275768,0.7031275033950806
820,7079,True,0.0001145346887906,0.9147616624832153
820,6298,True,3.662556491706995e-05,0.923670768737793
820,13511,False,0.0001725163898355,0.0
821,14473,False,0.0006033967206458,0.0
821,20372,False,0.0006033967206458,0.0
821,15515,False,0.0006033967206458,0.0
822,6624,False,0.0001091354526613,0.0
822,4592,False,9.51535518612565e-05,0.0
822,693,False,0.0010425720702853,0.0
823,10932,False,0.0001135074511006,0.0
824,5682,False,0.0022359282363517,0.0
824,2531,False,0.0003726547060586,0.7219008803367615
824,564,False,0.0001181671632263,0.7015233635902405
825,18185,False,9.164289987136917e-05,0.5364481210708618
825,17587,False,9.164289987136917e-05,0.5571326017379761
825,18860,False,0.0013693063937629,0.6032724976539612
826,17033,False,0.0003306331670242,0.0
826,4128,False,0.0016299811923115,0.0
826,15764,False,0.0006034055298192,0.0
827,5070,False,5.8018150080869965e-05,0.7162599563598633
827,20893,False,0.0001083060722147,0.0
827,4123,False,0.0001163865992232,0.7732391953468323
828,10887,False,5.396881201599807e-05,0.9529221653938293
828,6908,False,5.396881201599807e-05,0.9413914084434509
828,4885,False,5.396881201599807e-05,0.9446876049041748
829,13530,Answer: False,0.0010061792555081,0.6429068446159363
829,14811,False,0.0010061792555081,0.679835319519043
829,10852,False,0.0010061792555081,0.6592623591423035
830,10536,False,5.4582111751014326e-05,0.6362920999526978
831,15401,False,0.00051969268225,0.0
831,4924,False,4.167278780693007e-05,0.0
831,9189,False,5.462514077394888e-05,0.0
832,19556,Answer: False,0.0012856486930664,0.7931275367736816
832,16764,False,0.0008131156281817,0.607811689376831
832,4597,Answer: True,0.0012856486930664,0.8405585289001465
833,18899,Answer: False,3.4468672787440345e-05,0.6679509878158569
833,851,False,0.0031622776601683,0.0
833,3539,False,0.000395284707521,0.0
834,7989,False,9.223145876577426e-05,0.0
834,7685,False,0.0001220107514754,0.0
834,21642,False,0.0001553371937107,0.0
835,5518,False,0.0023824722996395,0.0
835,15482,False,0.0005956180749098,0.0
835,9556,False,0.0004863201217026,0.0
836,21563,False,0.00125,0.9123445749282837
836,6247,False,0.0006172839506172,0.0
836,8739,False,0.0235702260395515,0.9609864354133606
837,11461,False,0.0001100963765126,0.0
837,19871,False,0.0007901653816696,0.7161575555801392
837,3124,False,6.41101515517358e-05,0.0
838,3126,False,2.6403934479377984e-05,0.0
838,15003,False,2.6403934479377984e-05,0.0
838,715,False,0.0001118257662652,0.7675237655639648
839,569,False,0.0011952617247312,0.0
839,13463,False,0.0002966118736726,0.0
839,20001,False,6.683769291761888e-05,0.0
840,16063,False,5.94217659819643e-05,0.8245823383331299
840,21161,False,5.94217659819643e-05,0.8162178993225098
841,18906,False,0.0002820136827333,0.7047652006149292
841,20463,False,0.0006665777955516,0.5821539163589478
841,21859,False,8.525995059381005e-05,0.700284481048584
842,10759,False,0.0006014065304058,0.0
842,21192,False,0.0005670115145331,0.0
842,4964,False,6.620989325569103e-05,0.0
843,11791,False,0.0002193911131549,0.5000157952308655
843,18211,False,0.0008011030772743,0.0
843,20106,False,0.0001730580438837,0.6607192754745483
844,21014,False,0.0001631710054436,0.0
844,11346,False,0.0003708692681855,0.0
845,18858,False,0.0002005123621586,0.0
845,21364,False,0.0002005123621586,0.6121034622192383
845,20516,False,0.0002005123621586,0.676161527633667
846,10050,False,0.0001163100542632,0.6282760500907898
846,20632,False,0.0001602916112903,0.580521821975708
846,4345,False,0.0001463255521375,0.6130257844924927
847,18702,False,7.814541663088858e-05,0.0
847,14303,False,0.0001246003622267,0.0
847,13135,False,0.0008075026385191,0.5726101398468018
848,3153,Answer: True,8.358236184238151e-05,0.8437221050262451
848,602,Answer: False,0.0009720197391996,0.9254544973373413
848,14544,False,0.0007936507936507,0.0
849,17122,False,0.0027464458039879,0.5886978507041931
849,21093,False,0.0063738270545379,0.5559820532798767
849,21130,False,0.0004415107856883,0.0
850,162,False,0.0003096821319729,0.0
850,484,True,6.951991935471568e-05,0.8770931959152222
850,8443,Answer: True,7.373700960489207e-05,0.8346573114395142
851,17473,Answer: False,3.415619287178717e-05,0.6348009705543518
851,17171,False,3.8533382411672544e-05,0.6440889835357666
851,18430,False,0.0001335171795457,0.6404982209205627
852,16011,False,7.095347057437075e-05,0.0
852,12781,False,2.6640683713438915e-05,0.9705361127853394
853,17842,Answer is False,6.351799449722549e-05,0.0
853,6528,False,0.0001897649366924,0.0
853,7686,False,7.859799196328122e-05,0.8106627464294434
854,4766,False,0.0001439780709302,0.0
854,19574,False,0.0001439780709302,0.0
854,2852,False,0.0001439780709302,0.0
856,12627,False,0.0001449037984234,0.0
856,107,False,0.0001449037984234,0.0
856,18158,False,4.719123620064718e-05,0.0
857,15324,False,7.932746320190058e-05,0.7481166124343872
857,7347,False,6.869959835062115e-05,0.8940459489822388
857,3346,False,7.932746320190058e-05,0.762732982635498
858,6383,False,0.0001804219591217,0.0
858,16207,False,4.75619213402894e-05,0.0
859,13586,False,0.0003402069087198,0.0
859,2223,False,0.0004811252243246,0.6073592901229858
859,15078,False,0.0010540925533894,0.6056715846061707
860,4521,False,0.0001911797782254,0.0
861,11887,False,0.0001278776560784,0.0
861,18769,False,0.0003978415966885,0.0
861,20927,False,0.0003769025652839,0.0
862,5782,True,8.741258741258741e-05,0.8111156225204468
862,11818,"True, as both records refer to Nokia Travel Chargers with similar specifications and are compatible with various Nokia phone models as well as the official Nokia AC-3U charger",8.741258741258741e-05,0.7065786123275757
862,2329,False,0.000123620066641,0.5316882133483887
863,558,False,0.0002641107046026,0.5970158576965332
863,12796,False,0.0023301364463972,0.0
864,7113,False,0.0020248096768351,0.8343900442123413
864,5880,False,0.0001328031788149,0.8808423280715942
864,11894,False,0.0053994924715603,0.8544522523880005
865,18734,False,0.0001337706757303,0.0
865,19601,False,0.0001337706757303,0.5491530895233154
865,21761,False,0.0001337706757303,0.6563419699668884
868,20332,False,5.891770992786507e-05,0.0
868,3080,False,0.0012700012700019,0.0
868,6709,False,0.0005333504008192,0.7405726909637451
869,19950,False,0.0024868236565099,0.0
869,10114,True,0.0004734288114589,0.8926265239715576
869,6203,False,0.002749286996141,0.0
870,14930,False,0.0003152707951908,0.0
870,6271,False,0.0001201258617381,0.0
871,20883,False,3.640602441400393e-05,0.7331432700157166
871,20288,False,9.012301173931252e-05,0.8898756504058838
871,18873,False,0.000104279879032,0.7874773144721985
872,15268,Answer: False,5.780611434358966e-05,0.9434103965759277
872,4194,False,7.877645507705795e-05,0.0
872,11789,False,0.0005158203838251,0.0
873,4775,False,0.0006124949469375,0.7108190059661865
873,18877,False,0.0004630026596801,0.0
873,21074,False,0.0007072482449833,0.0
874,14211,False,0.0003516899742266,0.0
874,19662,False,0.0069418030879276,0.8260147571563721
874,5644,False,0.0030772872744833,0.9158556461334229
875,13933,False,0.0043570904527452,0.8962811231613159
875,4226,Answer: True,0.0091939079352413,0.8187389373779297
875,3948,False,0.0043570904527452,0.86698979139328
876,21894,False,0.0003153648469202,0.0
876,20327,False,0.0001410354470854,0.0
876,8316,False,0.00020425823371,0.0
877,9960,False,0.0003578739589461,0.8255015015602112
877,176,False,0.0001396581303204,0.0
877,2333,False,6.720193372314298e-05,0.0
878,3256,Answer: False,4.330538439617368e-05,0.683462381362915
878,9557,False,4.841689165080152e-05,0.8761744499206543
878,21066,Answer: False,4.330538439617368e-05,0.6456460952758789
879,21646,False,0.0001880922474096,0.0
879,19182,False,0.0001880922474096,0.0
879,16637,False,0.0001880922474096,0.0
880,13969,False,0.0001146877983264,0.7164995074272156
880,3983,False,0.0001146877983264,0.6841065883636475
880,5986,False,0.0019611613513818,0.7713755965232849
881,6327,False,0.0001016260162601,0.0
881,20925,False,0.0001113257230701,0.6847980618476868
881,6284,False,0.0003285900874465,0.6173985004425049
882,6715,Answer: False,9.922510099731269e-05,0.5062644481658936
882,18870,False,5.611958580845614e-05,0.6016654372215271
882,21201,False,5.611958580845614e-05,0.6118398904800415
883,8991,False,9.714416721017433e-05,0.8705189824104309
883,6183,False,0.0003636964837266,0.8740357756614685
883,15019,False,0.0001509950519279,0.7973027229309082
884,20899,False,0.0003654408413779,0.0
884,14585,False,0.0002214905974807,0.0
884,17167,True,4.482083774135128e-05,0.8662252426147461
885,14968,False,0.0020833333333333,0.0
885,14967,False,0.0020833333333333,0.0
885,3084,False,0.0020833333333333,0.0
887,16909,False,0.0001036671462063,0.8515623807907104
888,866,False,0.0002012418718162,0.0
888,17174,False,0.0001470613678657,0.44891130924224854
889,19565,Answer: False,0.0007850928662766,0.8136789798736572
889,10725,False,0.0025,0.6582891941070557
889,17904,False,0.002241363163331,0.8256358504295349
890,13697,False,3.905177558206228e-05,0.6069074869155884
890,5703,Answer: False,0.0001221271628667,0.5327804684638977
890,3669,False,5.239523761466512e-05,0.7797002792358398
891,11624,Answer: False,0.0001289463046184,0.6160308718681335
891,13583,False,0.0001969687338329,0.5660750865936279
891,3613,False,0.0001823576128092,0.5888829231262207
892,4518,False,0.000141363550364,0.587563693523407
892,5659,False,0.000141363550364,0.5685156583786011
892,21096,True,0.0002025902659692,0.8721625804901123
893,1774,False,0.0004159051918161,0.0
893,11620,False,0.000209670792248,0.8783018589019775
893,10805,False,5.529885805304535e-05,0.8047420382499695
894,21393,False,0.0002532457254658,0.7422627210617065
895,8479,False,0.0080222568673287,0.8513911962509155
895,8480,False,0.0010101525445522,0.8936244249343872
895,20645,False,0.0080222568673287,0.810147225856781
896,1632,Answer: False,0.001515847656477,0.900835394859314
896,17526,False,0.0001636961601836,0.0
896,13197,False,0.0025905181554518,0.0
897,7786,False,0.0007401926528072,0.0
897,20886,False,0.0007401926528072,0.0
897,1813,False,0.0001745942669596,0.0
898,7383,False,5.051473458376214e-05,0.8490779399871826
898,6988,False,0.0,0.0
898,15335,False,4.203079977881734e-05,0.9775378704071045
899,4342,False,0.0001227882436022,0.0
899,20206,False,0.0001063377382456,0.0
900,12985,False,0.0002072878348236,0.5370287299156189
900,8970,Answer: False,0.0004763849587291,0.9555532932281494
900,14887,False,0.0011001639366407,0.9128150939941406
901,21814,False,3.968253968253968e-05,0.6791561245918274
901,3850,False,2.8715366150263204e-05,0.782692551612854
901,17520,False,3.5996616477069255e-05,0.7184427976608276
902,1740,False,5.747805179575947e-05,0.671622633934021
902,20697,False,0.0001036067515442,0.8678478598594666
902,20513,False,0.0002398529863916,0.0
903,16989,Answer: True,0.0015971914124998,0.9701066613197327
903,15526,False,0.0010163945352271,0.7990213632583618
903,1604,False,0.0021339839902798,0.8839184045791626
904,20181,False,8.01150815459784e-05,0.9080607891082764
904,18760,False,8.497487615471185e-05,0.9110568761825562
904,3885,False,8.776167471819646e-05,0.9204016923904419
905,19636,Answer: False,7.108011752990011e-05,0.9706357717514038
905,2193,False,8.207624997983611e-05,0.0
905,13444,False,8.207624997983611e-05,0.0
906,20051,False,0.003969942227836,0.0
906,13584,False,0.00193534683607,0.6834315061569214
906,3469,True,0.0002306328020072,0.8589779138565063
907,19340,False,0.0008625819491779,0.6073206067085266
907,13994,Answer: True,3.5387977402172014e-05,0.8849138021469116
907,1252,False,0.0008625819491779,0.6164107322692871
908,3047,False,6.7630088842497705e-06,0.9300313591957092
908,13023,Answer: True,2.1323144328201455e-05,0.9724958539009094
909,19227,False,8.993387614419113e-05,0.8766562938690186
909,11490,False,8.97954097400609e-05,0.0
909,10426,Answer: False,0.0002207467868993,0.8152276277542114
910,8105,Answer: False,0.0004359875665094,0.6784588694572449
910,7426,False,0.0012458858671342,0.6522302031517029
910,14046,True,0.0003559823573819,0.7479232549667358
911,2923,Answer: True,0.0004297350425935,0.7850242853164673
911,19841,False,0.0002074706657216,0.9532017707824707
911,19024,Answer: True,0.0001855674047563,0.8380014300346375
912,21109,False,0.000197535268061,0.8752447366714478
912,2211,Answer: False,0.0002163890444397,0.8586186170578003
912,15063,False,0.0001763560757243,0.8442569971084595
913,14983,False,8.33393525039365e-05,0.0
914,12713,False,0.000406840346815,0.0
914,10410,False,0.000406840346815,0.0
914,14351,False,0.0003638890685872,0.0
915,20002,False,0.0026759099063982,0.7777382135391235
916,7514,False,0.0006944444444444,0.0
916,8910,Answer: False,0.0589255650988789,0.9625383019447327
917,17317,Answer: True,7.579085901101e-05,0.9336271286010742
918,4286,False,6.588078458684124e-05,0.0
918,20490,False,6.588078458684124e-05,0.0
919,17371,Answer: True,0.0002630668208823,0.8658742904663086
919,17533,False,4.32900432900433e-05,0.6001492142677307
919,3333,False,4.32900432900433e-05,0.6007897853851318
920,15513,False,4.4939957857768415e-05,0.745878279209137
920,10373,False,0.0001044310250174,0.0
920,3246,Answer: False,6.100147100720801e-05,0.9847719669342041
921,20638,False,0.0005273099976402,0.9062285423278809
921,19077,False,0.0041099746826339,0.0
921,21915,Answer: False,0.0005273099976402,0.9004727005958557
922,13506,False,6.305415903816478e-05,0.9454309940338135
922,15477,False,6.907237049944221e-05,0.8155841827392578
922,21743,False,6.907237049944221e-05,0.5833917260169983
923,18323,False,0.0014937023831607,0.0
924,10244,False,0.0002637540241752,0.9247103333473206
924,387,False,0.0003045569137149,0.9422528743743896
924,2316,False,0.0003045569137149,0.9371873140335083
925,21757,Answer: True,0.0002469896006196,0.9485653638839722
925,7796,False,5.82642163226787e-05,0.7876117825508118
925,18687,False,0.0006263716900023,0.0
926,17947,Answer: True,0.0001367775342288,0.7977145314216614
926,4426,Answer: True,0.0101159547764378,0.8668041229248047
926,8142,Answer: True,0.0001012840136705,0.7769864201545715
927,7497,False,0.0001138529844755,0.8351618647575378
927,1747,False,0.0071166983470456,0.639106810092926
927,2667,Answer: False,0.0009016696346674,0.8078823685646057
928,21443,False,0.0013050998536118,0.0
928,14892,False,0.000294772413821,0.0
928,16247,False,0.0008676320104922,0.0
929,15201,False,4.553887043774911e-05,0.0
929,21729,False,4.320196579637888e-05,0.6710576415061951
930,8087,False,0.0002261448159568,0.0
930,15250,False,0.0001774025891479,0.0
930,8579,False,0.0002022700724954,0.0
931,12483,False,0.0144004914213772,0.8383276462554932
931,6451,Answer: False,0.0181143981849183,0.9307156801223755
931,6450,False,0.0057347089731148,0.7573590278625488
932,17506,False,0.0001144559753596,0.8692559599876404
932,16316,False,0.0001229454395666,0.9512033462524414
932,16597,Answer: False,0.0003932640911348,0.8758149147033691
933,14624,False,0.0012171612389003,0.5779626965522766
933,9637,False,0.0027277236279499,0.0
933,21971,Answer: False,0.0012171612389003,0.5948759317398071
934,7128,Answer: True,6.69724615626422e-05,0.8261629343032837
934,13148,Answer: True,8.049088140271585e-05,0.9204188585281372
935,19579,False,6.954472877240567e-05,0.8795433044433594
935,6855,False,0.0040032038451271,0.862142026424408
935,14800,False,6.954472877240567e-05,0.9383881092071533
936,22062,False,0.0001028776640008,0.0
936,14004,False,2.626658571083945e-05,0.7859439849853516
936,13875,False,0.0001990910344031,0.0
937,12560,False,0.0020424859727085,0.0
937,18924,False,0.0013032150878567,0.5873024463653564
937,19775,True,8.191219786383175e-05,0.6615486145019531
938,8425,False,0.000152028011735,0.7674925327301025
938,19414,False,0.000152028011735,0.6820666193962097
938,15252,False,9.309776384016692e-05,0.8782894015312195
939,20051,False,0.0136082763487954,0.6613054275512695
939,3615,False,0.0006578947368421,0.8993179798126221
939,13584,False,0.0066340347200377,0.7633556127548218
940,21204,Answer: False,8.710854270907196e-05,0.856387734413147
940,19649,False,0.0001668001602136,0.68832927942276
940,1725,False,3.706670226969609e-05,0.0
941,12780,False,0.0007723907815277,0.8037152290344238
941,874,False,5.013047141267325e-05,0.0
941,2805,Answer: False,0.0117145935198379,0.9618723392486572
942,7073,False,0.0003873758175333,0.6537630558013916
942,1699,False,8.916750920453418e-05,0.786434531211853
942,13760,False,0.0001145873121285,0.0
943,5577,False,0.000186739623767,0.7588597536087036
943,2091,False,0.0001617212580753,0.7048764228820801
943,11605,False,0.000186739623767,0.7907493114471436
944,14177,False,6.328282510687121e-05,0.9658322334289551
944,12528,False,0.0002731139688935,0.7354644536972046
944,9392,Answer: False,5.173954519785328e-05,0.6977513432502747
945,3103,True,5.9310019767254734e-05,0.7683340907096863
945,19039,False,0.0001973988397688,0.0
945,14952,False,0.0001709524099173,0.0
946,7788,False,0.0003739787960033,0.5880701541900635
946,18934,False,0.0002521364528296,0.49449700117111206
946,21947,False,0.0001150840189867,0.7459926605224609
947,13423,False,2.186074836342063e-05,0.8302125930786133
948,9163,Answer: False,3.569198519027911e-05,0.7152891755104065
948,20568,True,0.0002353807928315,0.7213723659515381
948,20047,Answer: False,2.859766641878993e-05,0.7258018255233765
949,20070,False,0.0005551444896054,0.0
949,7346,Answer: False,9.065471553673688e-05,0.9344952702522278
949,8100,False,0.0005551444896054,0.0
950,3560,False,0.0007172191381865,0.0
950,17325,False,9.46475851130534e-05,0.0
950,15942,Answer: False,8.235098073355155e-05,0.9340584874153137
951,11690,False,0.0014213381090374,0.0
952,6455,False,0.0001757385111804,0.0
952,14476,False,0.0003321837521579,0.0
952,5386,False,0.0005753728331544,0.0
953,9481,False,0.0052992500678918,0.7708410024642944
953,14583,False,7.561406950620893e-05,0.5134379267692566
953,2693,False,8.16725296035215e-05,0.5172884464263916
954,21788,False,0.0002680281337094,0.0
954,10190,False,0.0011614552460742,0.0
956,5070,False,3.108370984326584e-05,0.6778550744056702
956,20893,False,5.802588531856594e-05,0.0
956,4123,False,6.235509534272905e-05,0.7286766767501831
957,12737,False,0.0001155625408802,0.0
957,17076,False,0.0001155625408802,0.0
957,5820,False,0.0001368566712275,0.0
958,21140,False,0.0001152192257604,0.0
958,17452,False,0.0031164541367683,0.8485011458396912
958,11174,False,0.0001175927101853,0.0
959,21908,False,0.0010699435692299,0.0
959,12005,False,6.37887953849786e-05,0.6995176076889038
959,12006,Answer: True,0.0081649658092772,0.826482892036438
960,5809,False,0.0005212860351426,0.6462941765785217
960,13888,False,0.000103698737663,0.8263217806816101
960,3973,False,0.0001371805355638,0.8314816951751709
961,450,False,0.0010014531613909,0.6458632946014404
961,14317,Answer: False,0.000166349288497,0.9659982919692993
961,8406,False,0.0010014531613909,0.6809021234512329
962,12359,False,0.0024753688574416,0.0
962,11029,False,7.63756314862367e-05,0.0
962,10358,False,0.0021437323142813,0.0
963,19235,False,0.0001159946075824,0.0
963,17007,False,0.0027557506771099,0.5785130262374878
963,1085,False,0.0001988893210439,0.0
965,14673,False,0.0001952782363476,0.8629217147827148
965,2807,False,0.0001952782363476,0.8730086088180542
965,9798,False,0.0020016019225635,0.0
966,4750,False,1.7382853275061072e-05,0.0
966,3847,False,0.0001703164831902,0.0
966,19510,False,7.283039170494024e-05,0.0
967,18506,False,8.884260626874903e-05,0.0
968,13801,False,0.000462250163521,0.0
968,19351,False,0.0004787176520476,0.9301416277885437
968,20770,False,0.0003502073841753,0.6867352724075317
969,9399,False,4.855696431783388e-05,0.7558133006095886
969,18295,Answer: False,3.673889284811712e-05,0.752801239490509
970,6930,True,1.9421379068861735e-05,0.8117357492446899
970,13589,False,5.37914353639919e-05,0.8042581081390381
970,19031,False,5.37914353639919e-05,0.7964187264442444
971,13426,False,3.228555758122253e-05,0.8458044528961182
972,10721,"False, as the second backpack specifically mentions the Pro Runner x350 model and has additional features such as wheels and a tripod accessory kit for specific camera brands",0.0001636821252746,0.7191303372383118
972,2777,Answer: False,0.0001855980846614,0.7081538438796997
972,13391,False,0.0005208333333333,0.6333962082862854
973,14377,False,0.0001833606561067,0.7725637555122375
973,20431,False,1.9849373280382965e-05,0.5957733988761902
973,21568,False,1.9849373280382965e-05,0.9501212239265442
974,10336,Answer: True,0.0002917920730216,0.900077760219574
974,19757,False,0.0001307065592377,0.6814746856689453
974,8395,False,0.000150569287055,0.8036036491394043
975,20773,False,0.0002709221383856,0.0
975,13414,False,0.0001745325079952,0.8405652046203613
975,13422,False,4.3648566739910345e-05,0.8867484927177429
976,20778,False,6.999486116593287e-05,0.6607844829559326
977,409,False,9.827109317382688e-05,0.8283301591873169
977,15509,False,0.0002736718265877,0.6072189807891846
977,11580,True,0.000203858876575,0.5591912865638733
979,5084,False,9.615384615384615e-05,0.0
979,18264,False,9.615384615384615e-05,0.0
982,2320,False,9.296945553606492e-05,0.7054027318954468
983,18364,False,1.7037585939404946e-05,0.9411337375640869
984,11859,False,0.0015748519708717,0.0
984,7885,False,7.132103415430519e-05,0.0
984,21329,False,0.0004949282257637,0.0
985,20771,False,0.0007268547557869,0.0
985,18738,False,9.741870099821088e-05,0.0
985,9570,Answer: False,0.0001928390168414,0.0
986,8700,Answer: False,5.386330104114783e-05,0.0
986,6669,Answer: True,5.95481198411489e-05,0.8096171617507935
986,12695,Answer: False,5.157018453003512e-05,0.0
987,2387,False,3.064099548617617e-05,0.0
987,17504,False,7.3373041828734e-05,0.9235086441040039
988,13513,False,0.0002723835210252,0.0
988,3710,False,0.0001650893441146,0.7956669330596924
988,19938,False,0.0002723835210252,0.0
989,2358,Answer: False,2.834940796910568e-05,0.834197998046875
989,12318,Answer: True,2.522407060707512e-05,0.8373878598213196
990,18153,False,5.146648354622463e-05,0.0
990,20385,False,0.0001402716558697,0.0
990,16760,Answer: False,0.0004102316602316,0.7515904903411865
991,18129,False,5.520701140002004e-05,0.8795266151428223
991,17474,False,0.0001234699639667,0.8206250071525574
991,13597,False,0.0004535718821435,0.0
992,21332,False,7.590094020048481e-05,0.859946608543396
992,1026,False,7.590094020048481e-05,0.8639945983886719
992,20020,False,7.590094020048481e-05,0.7745316028594971
993,12648,Answer: False,5.678179747227186e-05,0.0
993,21172,False,0.0001380288874999,0.0
993,19545,False,0.0001610305958132,0.0
994,18522,False,6.704580248065322e-05,0.4897601306438446
994,3296,False,6.400887763722285e-05,0.707656741142273
994,6241,False,3.855576159143205e-05,0.0
995,14066,False,0.0026234567901234,0.6869642734527588
995,392,False,0.0004781460921243,0.77950519323349
995,7357,False,0.0004781460921243,0.7917912006378174
996,8735,False,0.0027777777777777,0.8670972585678101
996,16893,False,0.0003230313884175,0.0
996,2750,False,0.0098209275164798,0.8731825351715088
997,18859,False,9.62792617887843e-05,0.0
997,4379,Answer: False,0.0001314740557966,0.8404585123062134
997,17120,False,0.0016756622567039,0.0
998,14435,False,0.0015120307054217,0.0
998,16461,False,2.6221207795757704e-05,0.7837115526199341
998,3277,False,4.713602150130941e-05,0.8238099217414856
999,1002,False,0.0019245008972987,0.5293850302696228
999,4923,"False, as record 1 is a micro mini USB cable and record 2 is a charger that uses the same cable (PS00291-0001)",0.0366666666666666,0.8211159706115723
999,1893,False,0.0019245008972987,0.0
1000,10375,False,9.820927516479828e-05,0.766685426235199
1000,15955,False,4.78548004903492e-05,0.8011097311973572
1000,12011,False,4.78548004903492e-05,0.7811565399169922
1001,6638,False,3.445939479466605e-05,0.7359181046485901
1001,7650,False,5.727681241960573e-05,0.0
1001,21234,Answer: False,0.0001091214168497,0.48552149534225464
1002,4002,False,6.621267980872168e-05,0.0
1002,14094,False,0.0001887582190509,0.48506611585617065
1002,2092,Answer: False,0.0001216404600252,0.7363907694816589
1003,7220,False,0.0008671099695241,0.0
1003,13454,False,9.943163260634376e-05,0.0
1003,21184,False,9.943163260634376e-05,0.0
1004,21067,False,0.0007076731463403,0.0
1004,11073,False,0.0076804642554262,0.5242217183113098
1004,1109,False,0.0002320697881233,0.0
1005,11657,False,8.231079972079913e-05,0.7746806144714355
1005,13075,False,0.000780868809443,0.0
1005,2237,False,9.202627172903878e-05,0.0
1006,2370,False,0.0005113117818103,0.7763181924819946
1006,6019,False,0.0001148265319717,0.0
1006,20936,False,0.0005977907732293,0.5861729383468628
1007,21613,False,0.0012936535880362,0.7595219612121582
1007,11116,True,0.0002835673019882,0.8015731573104858
1007,7733,False,3.952980799400937e-05,0.809853196144104
1008,9841,False,4.334124383223162e-05,0.0
1008,13740,False,7.954203628345963e-05,0.0
1008,21314,False,7.679920744609896e-05,0.0
1009,10601,False,5.557846065965703e-05,0.7908364534378052
1009,12644,False,5.858484151019352e-05,0.8172757029533386
1009,780,False,4.537962310183609e-05,0.9601024389266968
1010,3126,False,2.4343224778007385e-05,0.841776430606842
1010,1096,False,2.4343224778007385e-05,0.8895060420036316
1010,15003,Answer: True,2.4343224778007385e-05,0.9417442679405212
1011,5752,False,0.0001458960365108,0.0
1011,13413,"False, the two record descriptions refer to different products as the dimensions of each product are different",4.906141202757959e-05,0.9560611844062805
1011,20290,False,0.0001458960365108,0.0
1012,5200,False,0.0001212735196416,0.6153212785720825
1012,19958,False,6.822263358707647e-05,0.0
1012,9229,False,0.0001400345984213,0.6350876092910767
1013,19987,False,0.0002490059602779,0.0
1013,9377,False,0.0002490059602779,0.0
1013,14902,False,0.0002273103023291,0.0
1014,13064,False,0.0073960026163363,0.9268566370010376
1014,7028,True,0.0143297550691517,0.9504951238632202
1014,7029,False,0.0047545731105019,0.9140108227729797
1015,3889,False,0.000924500327042,0.5267133116722107
1015,10117,False,0.0004202274213827,0.5308582186698914
1017,12416,False,0.0002568158086706,0.7914490699768066
1017,7454,False,0.0006819309069874,0.0
1017,4901,False,0.0010286889997472,0.0
1018,18449,False,0.0044721359549995,0.39994335174560547
1018,17514,False,0.0002928034870526,0.5240988731384277
1018,21013,False,0.0044721359549995,0.6249951124191284
1019,16801,False,0.0001132059351352,0.7270870208740234
1019,21144,False,9.944269371598676e-05,0.4814172089099884
1019,18881,False,6.620484352491312e-05,0.6926629543304443
1020,14066,False,0.0039351851851851,0.8231349587440491
1020,12548,False,0.0034079703389665,0.8762781023979187
1020,4027,False,0.0036084391824351,0.0
1021,13969,False,7.426908011707047e-05,0.7990080118179321
1021,3983,False,7.426908011707047e-05,0.7879467010498047
1021,5986,False,0.0012700012700019,0.8347409963607788
1022,12116,Answer: True,3.227792776720101e-05,0.8337093591690063
1023,10696,False,0.0005594717499913,0.0
1023,14659,False,6.039391759517748e-05,0.0
1023,495,False,5.292300337756469e-05,0.0
1024,21339,False,0.0002284176852861,0.0
1024,12674,True,0.0002284176852861,0.9281580448150635
1024,18694,False,0.0003762173640007,0.7632126212120056
1025,18636,False,0.000117954385479,0.0
1025,21416,False,0.0003108529570637,0.0
1025,10302,False,0.0001318770120876,0.0
1026,12825,False,0.0003073796306513,0.0
1027,7807,False,0.0001102635692839,0.676580011844635
1027,19972,False,0.0024310831916315,0.0
1027,20624,False,0.0021053798026662,0.613381564617157
1028,18569,False,0.00100020006002,0.0
1028,6623,False,0.0008054771678976,0.0
1028,11618,False,0.0001649024857139,0.608043372631073
1029,9288,False,6.329259708630269e-05,0.0
1029,14053,False,0.0010372305576357,0.0
1029,13471,False,4.9207736316234586e-05,0.0
1030,10555,False,0.0001080114538826,0.8821694850921631
1030,14518,False,0.0005601120336112,0.8594181537628174
1030,7979,Example 3:,6.316031901987838e-05,0.7724183797836304
1031,14523,False,8.098825512497708e-05,0.0
1031,13438,Answer: True,7.870161878617203e-05,0.7629367113113403
1031,9629,False,8.270339601258756e-05,0.0
1032,8305,False,4.18765756358005e-05,0.7990032434463501
1032,10290,True,4.18765756358005e-05,0.8133621215820312
1032,20920,False,0.0002352400756158,0.5803078413009644
1033,9120,False,0.0002019814622245,0.8287323117256165
1033,5402,False,0.0003768303055862,0.8455496430397034
1033,19609,True,7.297287489408359e-05,0.6197378039360046
1034,21838,False,0.000426246462169,0.821995735168457
1034,19879,Answer: False,0.0003891080039779,0.8040032386779785
1034,7645,Answer: False,7.197654062244958e-05,0.0
1035,14745,False,0.0007365695637359,0.0
1035,18934,False,0.0010163945352271,0.5680975914001465
1035,21947,False,0.0004639185118907,0.8517948985099792
1036,10880,Answer: True,0.0007111181345347,0.8234719038009644
1036,992,False,7.710826790029485e-05,0.0
1036,12718,False,7.710826790029485e-05,0.0
1037,14113,False,0.0012371160317086,0.8012919425964355
1037,12168,True,0.0008747731351357,0.8516802191734314
1037,12044,False,0.0007365695637359,0.8459506034851074
1038,18113,False,0.0004106581131151,0.0
1038,14915,Answer: True,2.465483234714004e-05,0.7136823534965515
1038,19035,Answer: True,0.0004106581131151,0.7537500858306885
1039,4266,False,7.6340949337048e-05,0.0
1039,13880,False,0.0001653476304726,0.49464234709739685
1040,2534,False,8.476798647761658e-05,0.6934706568717957
1040,10485,False,5.210178083309248e-05,0.6730655431747437
1040,3381,False,0.0005856069741052,0.8746439218521118
1041,10352,False,0.0006819309069874,0.0
1041,3264,False,0.0002432161516453,0.0
1041,12782,False,0.0002096809322489,0.0
1042,21135,False,0.0001086751106161,0.0
1042,6620,False,1.6905017206949575e-05,0.0
1044,19853,False,0.0001140494808365,0.8658227920532227
1044,4929,False,0.0001075268817204,0.8754576444625854
1044,3009,True,8.068715304598785e-05,0.8967926502227783
1045,21668,False,0.0008466068268482,0.0
1045,20351,False,0.0006912515795116,0.0
1045,21791,False,0.0002993207141316,0.0
1046,6112,False,0.0045643546458763,0.513985276222229
1046,20693,False,0.0228217732293819,0.0
1046,17310,False,0.0009930726528736,0.0
1047,16121,False,0.0001452417888232,0.0
1047,18674,False,0.0003038853989539,0.0
1047,7009,False,0.0003038853989539,0.0
1048,4830,False,0.0001918506364342,0.886938214302063
1048,6906,Answer: False,0.0002754548776891,0.7277116179466248
1048,17116,False,0.0002754548776891,0.734789252281189
1049,12969,False,4.626204080045079e-05,0.0
1049,2997,False,4.626204080045079e-05,0.0
1049,8958,False,4.626204080045079e-05,0.0
1050,21381,False,0.0002867696673382,0.6071169972419739
1052,16774,False,0.0002627034687463,0.0
1053,1878,False,0.000291407752575,0.4738094210624695
1054,5993,False,2.125961024036899e-05,0.5959237813949585
1054,14824,False,0.0009770173029342,0.0
1055,18938,False,0.000163345059207,0.0
1055,21645,False,0.0001980971062001,0.0
1056,20325,False,0.0002937684328261,0.0
1056,12758,False,0.0003792534159923,0.6925743222236633
1056,21661,False,0.002322443380972,0.6696262359619141
1057,17321,False,9.161462150296574e-05,0.8028124570846558
1057,18582,Answer: True,8.960086742808397e-05,0.8311150074005127
1057,16735,Answer: True,8.198306249884291e-05,0.8395388722419739
1058,8244,False,1.751347809699308e-05,0.7741749286651611
1058,2261,False,1.79933882702991e-05,0.8753872513771057
1059,10260,False,0.0002282177322938,0.0
1059,12260,False,0.0002282177322938,0.5715964436531067
1059,6221,False,0.0002282177322938,0.5921768546104431
1060,18,False,0.0005853661322385,0.0
1060,2861,False,3.850970571705838e-05,0.0
1061,9047,False,8.881513058964174e-05,0.0
1061,13002,False,8.881513058964174e-05,0.0
1061,2864,False,8.881513058964174e-05,0.0
1062,1550,False,9.814161787541328e-05,0.0
1062,2241,False,6.87614164172529e-05,0.0
1062,6490,False,0.0006077707979078,0.0
1063,3145,False,0.0011102889792108,0.7874505519866943
1063,5874,False,0.0002032923483062,0.8200058937072754
1063,18,False,0.0018042195912175,0.7529634833335876
1064,9031,False,0.0001366166113132,0.0
1064,9958,False,0.0001127087043334,0.0
1065,10600,Answer: False,0.0001526922216448,0.7839703559875488
1065,6601,False,0.0002609267879521,0.7654581069946289
1065,21802,False,7.505210894407587e-05,0.8295177221298218
1066,8297,True,0.0001878120566063,0.9622946977615356
1066,11982,False,0.0001565100471719,0.7998009920120239
1067,10740,False,5.103717708777976e-05,0.8694620728492737
1067,16317,Answer: False,6.0055283512910665e-05,0.8230196833610535
1067,16910,False,6.528697629529675e-05,0.8316372632980347
1068,8007,False,0.0006819309069874,0.0
1068,18290,False,0.0001680888313914,0.5430289506912231
1068,6722,False,0.0006819309069874,0.0
1069,5096,Answer: True,0.0103260037887559,0.8500632047653198
1069,6219,False,0.0001546395039635,0.639895498752594
1069,15055,False,0.0002237791741045,0.6275461912155151
1070,18643,False,0.0004009376869372,0.8468157052993774
1070,18620,Answer: True,0.0004009376869372,0.9598278999328613
1070,5810,False,0.0004009376869372,0.714410662651062
1071,1334,False,0.0004098498339397,0.0
1071,3481,False,9.20071055783094e-05,0.0
1071,16126,Answer: True,0.0050562348399919,0.967031717300415
1072,7209,False,9.18472321202928e-05,0.6403384208679199
1072,9194,False,0.0001006136017533,0.6198400855064392
1072,3217,False,0.0001683587574253,0.7554268836975098
1073,2522,Answer: False,0.0001121198085887,0.9653142690658569
1073,10475,False,0.0001121198085887,0.93308025598526
1073,14421,False,3.925210304173029e-05,0.9422636032104492
1074,20740,Answer: True,0.0001126126126126,0.914897084236145
1074,19037,False,9.194781316753672e-05,0.7785476446151733
1074,15814,False,0.0001126126126126,0.7524435520172119
1075,14447,False,0.0003502890201031,0.6037696599960327
1075,267,False,0.0003837223959137,0.7078394293785095
1075,468,False,0.0003837223959137,0.0
1076,15117,False,0.0025253813613805,0.0
1076,7341,False,0.0006014065304058,0.0
1076,1541,False,0.0005567942539842,0.0
1077,9088,False,0.0002014718957123,0.910804271697998
1077,11884,Answer: True,0.0002014718957123,0.9190468192100525
1078,5134,Answer: False,7.165283751078846e-05,0.7051132917404175
1078,4770,False,7.506041745830001e-05,0.0
1078,5450,False,0.000130819584713,0.0
1079,3560,False,0.0005611958580845,0.0
1079,17325,False,7.405802482829929e-05,0.0
1080,12135,False,0.0001774713018832,0.0
1080,4440,False,6.962068334496009e-05,0.0
1080,19276,False,5.450165101899574e-05,0.0
1081,21587,Answer: True,0.0044483056408735,0.976824164390564
1081,3143,Answer: False,0.0022380702801179,0.8401122093200684
1081,5076,False,7.438944358961896e-05,0.9499085545539856
1083,12455,False,0.007085998183911,0.7899721264839172
1083,12456,False,0.007085998183911,0.8188753128051758
1083,20644,Answer: True,0.007085998183911,0.8809682130813599
1084,2399,False,0.000721687836487,0.0
1084,11913,False,0.0013762047064079,0.0
1084,11296,False,8.894424920585503e-05,0.0
1085,20228,Answer: False,0.0001845200614981,0.0
1085,4250,False,0.00013182749941,0.0
1085,11124,False,0.0002259899989886,0.0
1086,11743,False,4.460938776404805e-05,0.0
1086,5095,False,4.958056249256604e-05,0.0
1086,7746,False,7.161125319693095e-05,0.0
1087,16066,Answer: False,6.263716900023574e-05,0.0
1087,5672,False,0.0012899128571747,0.6590890288352966
1087,10811,False,0.0011271767184486,0.6497818231582642
1088,4718,False,0.0003470528041969,0.0
1088,20712,False,0.0003470528041969,0.0
1088,16975,False,3.539471989578415e-05,0.0
1089,8603,False,4.994379491259738e-05,0.0
1089,12347,False,4.853664426356247e-05,0.7174409627914429
1089,15544,False,4.994379491259738e-05,0.0
1090,16634,Answer: False,0.0086066296582387,0.7540699243545532
1090,5528,Answer: False,0.0004969039949999,0.7212749123573303
1090,17550,False,0.0004969039949999,0.5726216435432434
1092,10719,False,0.0003543293356351,0.0
1092,13747,Answer: False,5.3529923126093926e-05,0.9195168614387512
1092,16134,False,4.7208954764016585e-05,0.87660151720047
1093,5462,Answer: True,0.0001261432289534,0.9115447998046875
1093,17690,Answer: False,0.0001381829839486,0.7474033236503601
1093,16869,Answer: True,0.000105981510743,0.8884953260421753
1094,18353,False,0.0001098013076447,0.561927318572998
1094,21806,False,0.0001173825353789,0.441497802734375
1094,16751,Answer: False,0.0012422599874998,0.5849534273147583
1095,2702,True,0.0027696240483309,0.7159899473190308
1095,2704,False,8.993591291761818e-05,0.7290468811988831
1095,15887,False,7.834479231484902e-05,0.0
1096,15485,False,5.085959466257945e-05,0.6849340200424194
1096,19343,False,5.085959466257945e-05,0.5090916752815247
1096,7534,False,5.085959466257945e-05,0.5491583347320557
1097,15484,False,0.05,0.0
1098,8179,False,0.0001448636533061,0.8200703859329224
1098,14128,False,0.0001448636533061,0.7981163263320923
1098,2213,False,0.0006460627768351,0.8069362044334412
1099,7727,False,2.9087785740045424e-05,0.9178102612495422
1099,13691,False,3.1972583881582845e-05,0.8077167272567749
1099,15667,False,3.1972583881582845e-05,0.8126378059387207
1100,2183,False,0.0006480948092065,0.6713739633560181
1100,16619,False,0.0002262814111007,0.7170078158378601
1100,21599,False,0.0002262814111007,0.7602414488792419
1102,14835,False,3.29462556471141e-05,0.7424958348274231
1102,7853,Answer: False,4.133304323149864e-05,0.8182985782623291
1103,14377,False,0.0001833606561067,0.7625669836997986
1103,20431,False,1.9849373280382965e-05,0.6055796146392822
1103,21568,False,1.9849373280382965e-05,0.8709330558776855
1104,15342,True,0.0035389413573411,0.865641176700592
1104,3740,False,0.0003669879217087,0.0
1104,1397,False,0.0004103049699311,0.9109945297241211
1105,8089,False,0.0001923304546552,0.8495099544525146
1106,8828,False,0.000283014837838,0.9252499341964722
1106,13782,False,0.0012499362293701,0.9263147115707397
1106,14728,False,9.252408160090156e-05,0.7230492234230042
1107,743,False,0.0058143291290063,0.9002487659454346
1107,6673,False,0.0006708841302699,0.66396164894104
1107,12700,True,0.0135294966271109,0.9390638470649719
1108,17482,False,0.0005521576303742,0.0
1108,10664,False,0.0008494732774988,0.843569278717041
1108,10672,False,8.695665324267523e-05,0.9078078269958496
1109,7449,Answer: False,0.000701378863464,0.5341032147407532
1109,21646,Answer: False,0.0004959497505363,0.5726233720779419
1109,8091,False,0.0059513970064361,0.5899052619934082
1110,12121,False,0.0002709221383856,0.0
1110,6994,False,0.0003367003367003,0.6099418997764587
1110,14102,False,0.0003021823851224,0.0
1111,13541,False,7.383019916024312e-05,0.0
1111,12703,False,8.254467205732577e-05,0.0
1112,10800,False,2.1147795429972915e-05,0.8544805645942688
1112,888,False,2.7907869810309264e-05,0.8732149600982666
1112,14760,False,3.947369275313735e-05,0.875249981880188
1113,14252,False,0.0001417337984399,0.5470975041389465
1113,18214,False,8.610936203245874e-05,0.0
1113,428,False,0.0001530899993149,0.5835071802139282
1114,456,False,0.0004952759662165,0.0
1114,19695,True,0.0001203879468073,0.7079681754112244
1115,3606,False,9.560849893767284e-05,0.0
1115,8937,False,0.0002249788529816,0.0
1115,18589,False,0.0001161785801129,0.0
1116,7071,False,9.720197391996736e-05,0.0
1116,9500,False,0.000155201685266,0.0
1116,14168,False,0.0003205128205128,0.0
1117,17314,Answer: False,0.0001099371163641,0.8947566151618958
1117,16205,Answer: False,0.0003908875248501,0.7466335892677307
1117,16741,Answer: False,9.37546878515918e-05,0.8574457764625549
1118,21403,False,0.0012626906806902,0.7615572214126587
1118,16988,False,0.0001965156190532,0.0
1118,18126,False,0.0001074630366544,0.0
1119,3471,Answer: True,4.988533316412068e-05,0.9319939613342285
1119,9546,False,0.000322024869524,0.5849121809005737
1119,8227,False,0.0001533771195483,0.5655361413955688
1120,21780,False,0.0001221038539319,0.0
1121,6017,False,0.0002567599311093,0.6859869360923767
1121,14109,Answer: True,0.0005748835619402,0.8834264874458313
1121,2173,False,0.0001817400954119,0.5715465545654297
1122,8199,False,0.000220674751602,0.0
1122,7762,False,0.0219089023002066,0.7828030586242676
1122,12333,False,0.0035355339059327,0.7989401817321777
1123,17358,False,0.0054015101340639,0.9537351131439209
1123,18301,False,0.0054015101340639,0.9465377330780029
1123,21640,False,0.0054015101340639,0.925815761089325
1124,1726,Answer: False,0.0003307850775156,0.7987204790115356
1124,15647,Answer: True,4.657365322480156e-05,0.8439928889274597
1124,15648,Answer: False,0.0002475368857441,0.8133677244186401
1125,8267,Answer: False,0.0005868156585162,0.948053777217865
1125,18910,False,0.0001540559586656,0.9122903347015381
1125,21794,False,0.0007594084992563,0.0
1126,14451,False,0.0001161094878795,0.8351438045501709
1126,4451,Answer: False,0.0001161094878795,0.8246883153915405
1126,12532,False,0.0001161094878795,0.8304835557937622
1127,18215,False,1.73973566550731e-05,0.8441838622093201
1128,17306,Answer: False,0.000252409388673,0.9222280383110046
1128,19199,"Answer: True, both records refer to Wausau Paper's Astrobrights Premium Poster Board product",4.467442245429633e-05,0.8931835889816284
1128,5099,False,0.0005644045512321,0.6239217519760132
1129,14565,False,5.962691057036372e-05,0.9016802310943604
1129,8643,False,5.621679040734402e-05,0.9899753332138062
1129,10606,False,5.621679040734402e-05,0.9491955041885376
1130,16801,False,0.0001687574442791,0.9381283521652222
1130,21144,False,0.000148240415343,0.5167319774627686
1130,21242,False,0.0001334144740077,0.929590106010437
1131,18044,False,5.86244630729096e-05,0.6697694063186646
1131,11691,False,6.373151048637931e-05,0.6565802097320557
1132,6743,False,0.0002902756034886,0.9672587513923645
1132,18152,Answer: False,0.0002986911317981,0.9630919098854065
1133,19010,True,4.999512571285292e-05,0.845526397228241
1134,8789,Answer: True,4.0582062796472834e-05,0.8786072134971619
1135,16969,False,5.797180352834143e-05,0.0
1135,12789,False,3.5365242713993114e-05,0.7273157835006714
1135,6749,False,3.5365242713993114e-05,0.7153898477554321
1136,16963,False,3.768891807222045e-05,0.895890474319458
1136,17383,True,4.1494133144330765e-05,0.919215738773346
1136,813,False,5.6105451672529055e-05,0.0
1137,8536,False,0.0006034342619636,0.7593823671340942
1137,14437,False,0.000395284707521,0.7374004125595093
1137,4429,Answer: False,0.0015479680853971,0.8306804895401001
1138,15,False,4.7589445615091615e-05,0.7206037044525146
1138,11034,False,1.7229219690157922e-05,0.8054683804512024
1138,9085,False,2.279211529192759e-05,0.9498649835586548
1139,6724,False,3.963000409090409e-05,0.0
1139,8229,False,1.1812739886107146e-05,0.0
1140,9097,Answer: False,0.0009820927516479,0.9067801237106323
1140,5065,False,0.0006211299937499,0.8856436014175415
1141,1284,False,9.145369037590996e-05,0.9105058908462524
1141,9253,Answer: False,9.700128694401126e-05,0.89566969871521
1141,15216,Answer: False,9.700128694401126e-05,0.8761755228042603
1142,14277,False,2.823931052179404e-05,0.732980489730835
1143,8792,False,0.0006873217490352,0.0
1143,1083,False,0.0008417937871268,0.5310861468315125
1143,5027,False,0.0008417937871268,0.5400351285934448
1144,18017,False,0.0003511042035289,0.0
1144,20724,False,0.0003797042496281,0.0
1144,9405,False,0.0016227477466653,0.0
1145,2867,Answer: True,9.820927516479828e-05,0.9015301465988159
1145,2868,Answer: False,9.820927516479828e-05,0.8355728983879089
1145,4787,Answer: False,8.784104611578831e-05,0.8546916246414185
1146,19075,False,7.606674499069038e-05,0.0
1146,9730,False,0.0053721530935025,0.0
1146,19125,False,9.800907527646647e-05,0.0
1147,49,False,0.0002363227658247,0.6205008625984192
1147,7506,False,8.932160964501719e-05,0.0
1148,17996,True,0.0003105649968749,0.8274396061897278
1148,16756,True,0.0003320079470373,0.8339815735816956
1148,5820,False,0.0001801801801801,0.0
1149,9481,True,0.0082222222222222,0.8541026711463928
1149,13398,False,0.0020563617593735,0.7556450963020325
1149,2693,False,0.0001267216453739,0.6091667413711548
1150,4950,False,0.005050762722761,0.5594423413276672
1150,11483,False,0.0041666666666666,0.0
1150,11340,False,0.0508333333333333,0.563122570514679
1151,18330,Answer: True,0.0004199605255658,0.8878753185272217
1151,16868,False,0.0001469555713924,0.0
1151,18317,False,0.0007290148043997,0.0
1152,6184,Answer: False,0.0001982379624048,0.7795546054840088
1152,2763,False,0.0002622441744677,0.7545279264450073
1152,12735,False,0.0005709905915229,0.669252336025238
1153,21973,True,0.0002783986377953,0.7631242275238037
1153,7242,Answer: True,0.0002783986377953,0.8122026920318604
1153,13245,Answer: True,0.0002783986377953,0.8183682560920715
1154,9919,False,7.690501319230304e-05,0.6584135890007019
1154,1288,False,0.0005709905915229,0.8179288506507874
1154,15502,False,0.0001101139961617,0.664238691329956
1155,10921,False,5.1610718973211176e-05,0.9642806053161621
1155,10865,Answer: True,4.9585974874400925e-05,0.8130671977996826
1157,10146,False,5.95481198411489e-05,0.0
1157,8131,False,3.613388397244012e-05,0.0
1157,2836,False,3.933153788960874e-05,0.0
1158,3686,False,0.0001185203550292,0.0
1158,7672,False,0.0001185203550292,0.0
1158,5660,False,0.0001261745530224,0.0
1159,7073,False,0.0004761904761904,0.6589655876159668
1159,13109,Answer: True,0.0001461482338235,0.8699394464492798
1159,13760,False,0.0001408590424547,0.0
1162,16809,Answer: False,7.142857142857143e-05,0.8847452402114868
1162,16958,False,7.715167498104596e-05,0.8856158256530762
1162,19464,False,0.0009545044354015,0.4728803336620331
1164,18130,False,0.0003321837521579,0.8176484704017639
1164,92,False,8.523839054614104e-05,0.743887186050415
1164,17504,False,9.112367246391164e-05,0.9561958312988281
1165,3695,True,0.0001296326837689,0.7794404029846191
1165,8169,False,0.0001420054901803,0.6625495553016663
1165,22003,Answer: False,0.0004429116695439,0.719434916973114
1166,3903,False,0.0006299407883487,0.6719218492507935
1166,19158,False,0.0001075268817204,0.0
1166,21394,"False, as the two records refer to different model numbers and specifications of Dell laptops",0.0002405626121623,0.6436084508895874
1167,20812,False,0.0011035369866195,0.6863278746604919
1167,18820,False,0.0011035369866195,0.6582300662994385
1167,8422,False,0.0002340348510395,0.714937686920166
1168,20284,False,0.0001193295332255,0.0
1168,7713,Answer: False,0.0001193295332255,0.0
1168,12291,False,0.0001193295332255,0.0
1169,3320,False,8.270712974658523e-06,0.9329649209976196
1169,15293,False,8.270712974658523e-06,0.9294561743736267
1169,9326,False,5.133545984270807e-05,0.9306070804595947
1170,4742,False,0.0001019716129331,0.6904715299606323
1170,4128,False,0.000708974722437,0.8093148469924927
1170,8243,False,0.0006341262694793,0.596778154373169
1171,21251,False,4.926655957153e-05,0.5963321924209595
1171,7248,Answer: True,5.2255077538139816e-05,0.626030683517456
1171,16356,False,4.926655957153e-05,0.6665396690368652
1172,224,False,0.00075345661143,0.836109459400177
1172,16782,False,0.0008439494725697,0.8439133763313293
1172,16647,False,0.00075345661143,0.826223611831665
1173,2872,False,0.0001934196177285,0.7024854421615601
1173,21569,False,0.0002193172316532,0.0
1173,8838,False,6.553355744799766e-05,0.7153461575508118
1174,12311,False,4.625737818489528e-05,0.9239304661750793
1174,8004,False,0.0010669739994407,0.8184506893157959
1174,8006,False,4.282601048635639e-05,0.8655378818511963
1175,12344,False,0.0001255643458325,0.0
1175,19245,False,9.72617240573431e-05,0.8025866746902466
1175,14286,False,0.0001255643458325,0.0
1176,9432,False,0.0002781256524009,0.913810670375824
1176,17324,True,0.0002326966157176,0.7364312410354614
1176,16382,False,0.0002781256524009,0.8895359039306641
1177,20811,Answer: False,5.30829832003105e-05,0.8606182336807251
1177,13412,Answer: False,0.0001184448424197,0.0
1177,17687,False,8.140041175688423e-05,0.6647180318832397
1178,18153,Answer: True,4.38907646414373e-05,0.9601857662200928
1178,20429,False,4.1056050932947606e-05,0.928425669670105
1178,16598,False,4.171298946088508e-05,0.928189218044281
1179,3336,False,2.6650550443964667e-05,0.5074527263641357
1179,18053,False,3.284507460318636e-05,0.6513059139251709
1180,4537,Answer: False,8.145786056233345e-05,0.7641516327857971
1180,15734,Answer: False,0.0001302083333333,0.506407618522644
1180,2045,"False, as the first record specifically mentions Canon's gadget bag being compatible with several specific Canon DSLR models, while the second record refers to a universal flash diffuser and accessory kit that is compatible with various Canon Speedlite and DSLR camera models from the Rebel XSi/XS series to the professional-level EOS-1D and 1Ds lines",0.0003916094847196,0.6376966834068298
1181,17146,False,4.573510832903765e-05,0.7215429544448853
1181,16875,Answer: True,6.337242505244779e-05,0.6968254446983337
1181,16566,Answer: True,6.337242505244779e-05,0.6909640431404114
1182,8362,False,0.0002613452611709,0.5616781711578369
1182,10803,False,6.890216620350368e-05,0.8429476022720337
1182,2028,False,0.0002613452611709,0.0
1183,11287,False,0.0008595177052156,0.823676586151123
1183,11288,Answer: True,0.0041314111293384,0.990889310836792
1183,5260,False,0.0002104284106624,0.7259734869003296
1184,6961,False,0.0004714988299888,0.8376590609550476
1184,1019,False,0.0003849771825973,0.9133644104003906
1184,10949,False,0.0004714988299888,0.6873201131820679
1185,11039,Answer: False,0.0001885618083164,0.8812137842178345
1185,14328,Answer: True,0.0001885618083164,0.8351215124130249
1186,16092,Answer: False,6.988565578146122e-05,0.8845088481903076
1186,9110,False,0.0001247958138954,0.0
1187,8527,False,0.0001084869284651,0.0
1187,5479,Answer: False,5.1434449987363976e-05,0.8694053292274475
1187,1525,"False, as the bundle for record 2 includes a red color option (DSCH70/RBDL) while there is no mention of color in record 1 (DSC-H70/BBDL)",0.0001134001154255,0.8381476402282715
1188,19955,False,0.0003381003441389,0.8533955216407776
1188,1177,False,0.0003381003441389,0.9046308398246765
1188,20758,False,0.0003381003441389,0.9258236289024353
1189,12728,False,0.0012030741729521,0.8082124590873718
1189,2759,False,0.0004210759605332,0.9123574495315552
1189,15776,False,0.0005157106231293,0.724175214767456
1190,10706,False,0.0001719797901225,0.9152616262435913
1190,10707,False,0.0001719797901225,0.8268424272537231
1190,15776,False,0.0005212860351426,0.7801095247268677
1191,10387,False,9.995912507505776e-05,0.0
1191,12405,False,1.01295132984649e-05,0.0
1191,18960,False,0.0001482563802394,0.0
1192,12658,False,0.0001784931842005,0.7445782423019409
1192,19382,False,0.0005737280920732,0.6171972751617432
1192,5500,False,0.000907143764287,0.6413556337356567
1193,21925,False,0.0002162497067115,0.7972099781036377
1193,5592,True,0.0002791771709053,0.8921672105789185
1193,4493,False,0.0002162497067115,0.8684380054473877
1194,14916,False,5.2342822475768645e-05,0.9545423984527588
1194,19312,False,3.2651192231808904e-05,0.8076695203781128
1195,15060,False,0.0001227201734184,0.0
1195,4251,False,0.0001446271113542,0.0
1195,5364,Answer: False,3.074629131363875e-05,0.8691087961196899
1196,775,False,0.0001747141394536,0.6115409135818481
1196,9473,Answer: False,0.0002227177015936,0.8065052628517151
1196,10902,False,0.0001818482418633,0.6698065996170044
1197,4814,False,0.0002984286298777,0.9644627571105957
1197,8883,False,4.482619613665991e-05,0.8513057827949524
1197,5932,False,0.0001838533523353,0.0
1198,14823,False,8.169149485108971e-05,0.7937840819358826
1199,21788,False,0.000700140042014,0.0
1199,4448,False,0.0008982800927271,0.5726311206817627
1199,15196,False,0.000244997978775,0.6145437955856323
1200,159,False,6.135084781935919e-05,0.8480054140090942
1200,3307,False,5.929984106952292e-05,0.8528834581375122
1200,19354,False,6.720648654545932e-05,0.8942364454269409
1201,2943,False,0.0001113356582836,0.0
1201,7778,False,0.0001113356582836,0.0
1201,17356,False,0.0026997462357801,0.4956679940223694
1202,374,False,1.793047845466397e-05,0.0
1202,1216,False,0.0002082249110864,0.0
1202,8645,False,0.0002082249110864,0.0
1203,12215,False,0.0002098248944576,0.0
1203,3501,False,0.0002678434777221,0.0
1203,20402,False,0.0002678434777221,0.0
1204,2554,False,0.0006501186574834,0.0
1204,4187,False,0.0002232142857142,0.0
1204,5917,False,0.0002770997556486,0.0
1205,6342,False,0.0001135654074236,0.0
1205,8312,Answer: False,0.0001545508294313,0.5284730792045593
1205,2421,False,0.0001135654074236,0.0
1207,17371,False,0.0006380307582901,0.5083705186843872
1207,6898,Answer: True,0.0180524826465798,0.8355441689491272
1207,4268,False,0.0009660024894761,0.5233674645423889
1208,3254,Answer: True,0.0004221004296393,0.991163432598114
1208,18170,Answer: False,0.0004221004296393,0.9459415674209595
1208,16935,Answer: True,0.0004221004296393,0.950191855430603
1209,16101,Answer: False,0.0001055087148733,0.8807383179664612
1209,9717,Answer: True,2.0884243624763177e-05,0.8996447324752808
1209,2173,False,5.8453750312138826e-05,0.575376033782959
1210,19821,False,9.726374829793476e-05,0.6460559368133545
1210,3514,False,0.001987895894682,0.6353363990783691
1210,1324,True,2.50094021763968e-05,0.8860489130020142
1211,17850,False,0.0001524710925535,0.8502292633056641
1211,20310,False,9.470920049711073e-05,0.8637104034423828
1211,20840,False,0.0001524710925535,0.8150506019592285
1212,9545,False,0.0001183572028647,0.0
1212,21104,False,0.0001449573772008,0.0
1212,20105,False,0.0003239249762614,0.0
1213,16300,False,0.0002199194230896,0.0
1213,92,False,0.0001022514130322,0.7675430178642273
1213,17504,False,0.0001093113585372,0.9359481334686279
1214,2416,False,0.0013151065969976,0.0
1214,9924,False,0.0001532164499314,0.0
1216,910,False,5.149775757381894e-05,0.0
1216,8873,Answer: False,8.36370692320695e-05,0.0
1216,11786,False,0.0003982773261588,0.0
1217,1319,False,0.0001476024809233,0.8301397562026978
1217,6087,False,0.0001171314373843,0.0
1217,19078,False,0.0010846522890932,0.797431230545044
1218,15298,False,8.068715304598785e-05,0.6704882383346558
1218,5267,False,3.2570741336036634e-05,0.9540139436721802
1218,5269,False,7.752170911825529e-05,0.8154090046882629
1219,7130,Answer: False,0.0011340230290662,0.0
1219,14406,True,0.0009720197391996,0.879371166229248
1219,5780,False,0.000405420212842,0.0
1220,7679,False,0.0030496877279641,0.6644222140312195
1220,11689,False,0.0006099375455928,0.6968653798103333
1220,15632,False,0.0004821979686315,0.7147061228752136
1221,3024,False,0.0006307296938404,0.0
1221,20783,False,0.0008111071056538,0.0
1221,9460,False,4.819658274591633e-05,0.0
1222,20677,False,0.0001088975778102,0.0
1222,12147,False,0.00013337174993,0.0
1222,5828,False,6.297691246859237e-05,0.6408371925354004
1223,15485,False,3.932792421226501e-05,0.6381102800369263
1223,19343,False,3.932792421226501e-05,0.0
1223,7534,False,3.932792421226501e-05,0.0
1224,6031,Answer: False,0.0001387348246275,0.8002604842185974
1224,20265,"False, as the two records are referring to different external hard drive enclosures",8.432590515727932e-05,0.5443277359008789
1224,8070,Answer: True,0.0001533771195483,0.8426703810691833
1225,15994,Answer: False,0.0004155067250806,0.834760308265686
1225,12059,False,8.713393508469046e-05,0.8834497332572937
1225,4044,Answer: False,0.0004155067250806,0.8415509462356567
1226,19194,False,6.10871611545449e-05,0.0
1226,11499,Answer: False,4.880895105478522e-05,0.8547085523605347
1226,5477,False,5.11912597361626e-05,0.870259702205658
1227,11496,True,0.0001094443063893,0.852186918258667
1227,5474,Answer: True,0.0001054631725205,0.8440074920654297
1227,13478,Answer: True,0.0001094443063893,0.8623319864273071
1228,19194,False,6.592986394477474e-05,0.0
1228,11499,False,5.267829510341783e-05,0.8447369337081909
1228,5477,False,5.524946201098298e-05,0.8589413166046143
1229,5842,False,0.0018921303348347,0.9766210317611694
1229,10854,False,0.0018921303348347,0.9515841007232666
1229,18800,False,0.0029172998299578,0.0
1230,8732,False,6.0706552083753474e-05,0.8101008534431458
1230,4667,False,6.0706552083753474e-05,0.8735312223434448
1230,4668,False,6.0706552083753474e-05,0.8629177808761597
1231,8143,False,3.1456621156719686e-05,0.7150446772575378
1231,4002,False,4.559251140962588e-05,0.0
1231,1979,False,0.0001251048191975,0.0
1232,15891,False,5.184741748705719e-05,0.7426199913024902
1232,5938,False,0.0003048497141259,0.0
1232,22057,False,7.42395612002099e-05,0.8032772541046143
1233,12407,False,0.0079681907288959,0.7797942757606506
1233,18428,Answer: True,0.0001127574159749,0.816003680229187
1234,11748,False,0.0001843227944514,0.7056136131286621
1234,21576,False,9.62792617887843e-05,0.0
1234,13111,False,0.0001361594377969,0.0
1235,617,False,0.0003344949327077,0.0
1235,14157,False,0.0001727324405023,0.9698059558868408
1236,7615,False,0.0002206828117497,0.8100259304046631
1236,17650,False,0.0001912584368497,0.526252031326294
1236,17055,Answer: True,0.0002206828117497,0.7513638138771057
1237,1261,False,0.0001931985740946,0.0
1237,19552,False,0.0023570226039551,0.0
1237,6974,False,0.0072168783648703,0.822724461555481
1238,19659,False,3.430657903057672e-05,0.0
1238,21089,False,5.0098490247432446e-05,0.0
1239,5911,False,0.0001449573772008,0.0
1239,20288,False,9.820927516479828e-05,0.0
1239,4100,False,9.820927516479828e-05,0.0
1240,1303,False,0.0065240322096759,0.8200361132621765
1240,7226,False,0.0021437323142813,0.0
1240,21840,False,0.0002072954060139,0.531150758266449
1241,17234,Answer: True,3.308766141707756e-05,0.8740556836128235
1241,18557,False,0.000125090539085,0.889357328414917
1241,18558,Answer: False,0.0001294810092332,0.8758264183998108
1242,20348,False,3.992904365267732e-05,0.8538551330566406
1242,2465,Answer: False,3.992904365267732e-05,0.9513903260231018
1242,11077,False,3.992904365267732e-05,0.7946935892105103
1243,6070,False,0.0003760887072223,0.0
1243,3779,False,0.0004062222318511,0.0
1243,17111,False,0.0004062222318511,0.0
1244,10288,True,4.1371907551006894e-05,0.9066413640975952
1244,9570,False,0.0001003006504455,0.0
1244,19021,False,0.0001003006504455,0.47642579674720764
1245,12466,False,0.0016720163885161,0.0
1245,5514,False,0.0004078136667292,0.0
1245,21743,Answer: False,9.252915127470066e-05,0.7316737771034241
1246,4848,False,0.0001835325870964,0.0
1246,17191,True,0.000111076891964,0.8858156204223633
1246,21594,Answer: True,0.000111076891964,0.94292151927948
1247,7400,False,9.622504486493762e-05,0.0
1247,10001,False,9.622504486493762e-05,0.0
1247,11379,False,9.622504486493762e-05,0.0
1248,17354,False,0.000180701580581,0.7899215221405029
1248,16298,True,6.705884097863495e-05,0.9268093109130859
1248,16894,False,0.0001453709511573,0.8728333115577698
1249,2296,False,0.0021252557102111,0.0
1249,10258,False,0.000289210670164,0.0
1249,7988,False,0.000289210670164,0.0
1250,12360,False,6.292228352097523e-05,0.6265274882316589
1250,10361,False,0.0024854301990785,0.6297451257705688
1250,20802,False,6.292228352097523e-05,0.0
1251,2073,Answer: True,0.0014117673060675,0.827315628528595
1251,13511,False,0.0001672250155226,0.5874691605567932
1251,11518,False,3.638336691080016e-05,0.7813884019851685
1252,5958,False,0.0005487386648053,0.0
1252,5959,False,0.0005487386648053,0.0
1252,18822,False,2.58677887322066e-05,0.631674587726593
1253,6040,False,0.0005379143536399,0.0
1253,18335,False,0.0005892556509887,0.0
1254,18038,False,0.000191381338406,0.7510806322097778
1254,10517,False,0.0004996690788166,0.0
1254,17392,False,0.0001696133828881,0.7446670532226562
1255,9047,False,0.0001256035622238,0.0
1255,13002,False,0.0001256035622238,0.0
1255,2864,False,0.0001256035622238,0.0
1256,20411,Answer: False,2.7283863165344508e-05,0.9443503618240356
1256,14572,False,5.547322862825748e-05,0.0
1256,12654,False,5.547322862825748e-05,0.6663858890533447
1257,21043,Answer: False,6.794707624925293e-05,0.0
1257,17301,False,0.0004761904761904,0.0
1257,14687,False,0.0001303215087856,0.9272105097770691
1258,21936,Answer: True,3.227171487957092e-05,0.7802103161811829
1258,18269,False,3.484966255656798e-05,0.0
1259,14578,False,0.0001938279348765,0.0
1259,20702,False,0.0001938279348765,0.0
1259,15079,False,7.78886123194182e-05,0.6854369640350342
1261,4230,Answer: False,0.0003981820688062,0.8346935510635376
1261,8266,Answer: True,9.28897993620084e-05,0.7903292179107666
1261,4229,Answer: False,0.0005309094250749,0.7122230529785156
1262,20118,False,0.0001363861813974,0.9107085466384888
1262,2762,False,0.0062347968638854,0.9047821760177612
1262,12734,False,0.0001363861813974,0.9046945571899414
1263,21792,False,0.0001140124120668,0.5372562408447266
1263,22051,Answer: True,4.089367014370293e-05,0.888080358505249
1266,19210,False,0.0003703703703703,0.8018156290054321
1266,4232,Answer: True,0.0004781460921243,0.8481841683387756
1266,7980,False,0.0003381003441389,0.0
1267,5886,False,0.0001480166362286,0.0
1267,7984,False,0.0001284366374321,0.7370806336402893
1267,17204,False,2.3092316777359523e-05,0.8866173028945923
1268,12486,False,0.0030096463271442,0.0
1268,4380,False,0.0015048231635721,0.6494555473327637
1268,20274,False,0.0030096463271442,0.5077139139175415
1269,14276,False,5.107574715630622e-05,0.0
1269,18957,False,0.0008703882797784,0.0
1269,19506,Answer: False,3.751673619734867e-05,0.8221594095230103
1270,16153,False,2.272138013339732e-05,0.0
1270,9300,False,0.0001249675907336,0.8273023366928101
1270,6685,False,2.272138013339732e-05,0.6405244469642639
1271,10567,False,0.0001543209876543,0.0
1271,8442,False,5.456070842488793e-05,0.6629229187965393
1271,7410,False,6.944444444444444e-05,0.6174561381340027
1272,13324,False,8.474624962075884e-05,0.0
1272,16156,False,0.0002888195805055,0.0
1272,9205,False,0.00037133946065,0.0
1275,14750,False,4.449941594899848e-05,0.0
1275,2836,Answer: False,3.952576888759292e-05,0.0
1275,20249,False,0.0002863779556194,0.0
1276,11831,False,0.0001002432849422,0.0
1276,6024,False,0.0001071645793082,0.7977111339569092
1276,19353,False,0.0001002432849422,0.0
1277,3441,False,0.0001220283736752,0.0
1277,940,False,0.0003050709341881,0.7340193390846252
1277,13400,False,0.0003321361106966,0.5050090551376343
1278,1518,False,0.0003968378950662,0.0
1278,15434,False,0.0030738931174713,0.0
1278,21758,False,0.0005123155195785,0.0
1279,17437,False,0.0001035985225994,0.7233552932739258
1279,17766,False,0.0003923342149781,0.6933801174163818
1279,10454,False,0.0006857362296247,0.0
1280,14033,False,9.877295966495896e-05,0.0
1280,17949,Answer: True,0.0001837974462551,0.9302716255187988
1280,7637,Answer: True,0.0002196799660867,0.9741905927658081
1281,10696,False,0.0017857142857142,0.0
1281,11377,False,8.434882034377335e-05,0.0
1281,508,False,0.0002049180327868,0.0
1282,2479,False,0.0004115072439831,0.6699796319007874
1282,1240,False,6.613509278300097e-05,0.9910227060317993
1282,13212,False,5.727467043171974e-05,0.8974523544311523
1283,8633,False,0.0001334144740077,0.0
1283,5681,False,5.077715055520684e-05,0.0
1283,10934,False,0.0010691671651659,0.0
1284,13307,False,1.1191985611463616e-05,0.9352952241897583
1284,9322,False,1.1191985611463616e-05,0.9385663866996765
1284,21065,False,1.029512939807085e-05,0.946176290512085
1285,18346,False,0.0006006683149561,0.6626623272895813
1285,17404,False,9.686975971477766e-05,0.8163508772850037
1285,7806,False,0.0003549403679286,0.0
1286,13899,False,0.0007401926528072,0.0
1286,16839,Answer: True,0.0007407407407407,0.8500640988349915
1286,16535,Answer: True,0.0007407407407407,0.8561608195304871
1287,15033,Answer: True,0.0009820927516479,0.9475919008255005
1287,16458,Answer: False,0.0003354420651349,0.8228085041046143
1287,17327,False,4.835490443213829e-05,0.6533902883529663
1288,11519,False,0.0027179141610907,0.0
1288,8477,False,6.502186988255274e-05,0.0
1288,17120,Answer: False,0.001628977242249,0.0
1289,9921,False,3.817252142150088e-05,0.0
1289,19167,False,0.0001519426994769,0.0
1289,428,False,0.0001358309550107,0.0
1290,8239,Answer: False,8.088208947134766e-05,0.8299345374107361
1290,2272,False,2.2460654533041385e-05,0.0
1290,8257,False,0.0001393336170292,0.0
1291,17829,Answer: True,3.786140830096142e-05,0.9269006848335266
1291,19085,Answer: False,3.786140830096142e-05,0.9026559591293335
1291,6555,Answer: False,3.046665513430868e-05,0.7647600173950195
1292,18602,Answer: True,9.64449758505813e-05,0.8420898914337158
1292,9476,False,6.921476056121915e-05,0.6420482993125916
1292,21178,False,0.0003848488696975,0.7963960766792297
1293,8344,Answer: False,8.213708208229557e-05,0.8489565849304199
1293,1824,False,0.0001166657041785,0.0
1293,14264,Answer: False,0.0001231893347014,0.9093766212463379
1294,11988,False,0.0004489988125915,0.8752087354660034
1294,14247,False,2.5482844412429503e-05,0.805397093296051
1294,13944,Answer: False,8.109282047523375e-05,0.8262124061584473
1295,10442,False,3.501022009970513e-05,0.0
1295,16920,False,9.670528665021016e-05,0.0
1295,6405,False,0.0009135479307266,0.8996126651763916
1296,21590,False,0.001285861249684,0.0
1296,17301,False,0.0003673889284811,0.0
1296,820,Answer: False,5.501998523771739e-05,0.9336587190628052
1297,15297,False,5.728402930521613e-05,0.8027724623680115
1297,3327,False,5.728402930521613e-05,0.8188014626502991
1297,11293,Answer: False,5.728402930521613e-05,0.8333355188369751
1298,8455,False,0.0196116135138184,0.8882838487625122
1298,12883,False,0.0005337605126836,0.5178847312927246
1298,19922,Answer: False,0.0001690656337398,0.7633138298988342
1299,21991,Answer: False,0.0034438775510204,0.859734058380127
1299,15462,True,0.0089994331065759,0.8602087497711182
1299,14223,True,0.0004510548978043,0.8547984957695007
1300,16763,Answer: False,0.0001251816451738,0.8779586553573608
1300,17894,False,0.00011802238691,0.0
1300,21634,False,0.0004994418664874,0.0
1301,20195,False,0.0002453287909232,0.5852078795433044
1301,5233,False,0.0002526515771737,0.8547027111053467
1301,1653,True,0.0002526515771737,0.9189172983169556
1302,7784,False,0.000725323566482,0.0
1302,14636,False,0.0003846609093104,0.0
1302,21080,False,0.0003846609093104,0.0
1303,3024,False,0.0008107205054845,0.0
1303,16173,False,0.0018626068273226,0.6401559114456177
1303,9460,False,6.195040174575509e-05,0.0
1304,18635,False,0.0002020305089104,0.662817656993866
1304,9821,False,0.0041079191812887,0.558353066444397
1304,10473,True,0.0001860807318911,0.7422808408737183
1305,12560,False,0.0021375355838904,0.0
1305,8409,False,0.0005195664053237,0.5517018437385559
1305,2558,Answer: True,7.667395103803937e-05,0.6304069757461548
1306,16161,False,0.0003575901245155,0.6362853050231934
1306,16837,Answer: False,0.0003575901245155,0.8552362322807312
1306,17934,False,0.0002634874601693,0.6072821617126465
1307,5913,False,0.0008242255917447,0.5898867845535278
1307,15766,Answer: False,0.0002742661200706,0.42975735664367676
1307,3908,False,0.0008242255917447,0.514856219291687
1308,11377,False,2.350744314002373e-05,0.0
1308,508,False,5.710926346652604e-05,0.0
1309,7914,False,1.9559324599704277e-05,0.6527947187423706
1309,3914,False,3.768626299721886e-05,0.7334074974060059
1309,2411,False,3.712090587500192e-05,0.6939811706542969
1310,13116,False,0.0001474445204297,0.0
1310,11532,False,0.0020869250613838,0.0
1310,14919,False,6.572828019156397e-05,0.0
1311,3097,Answer: False,5.327379088251607e-05,0.5919519066810608
1311,8523,False,5.327379088251607e-05,0.729436457157135
1311,12995,Answer: False,5.327379088251607e-05,0.6516526937484741
1312,19025,False,0.000142500465621,0.0
1312,4604,False,0.0024225079155575,0.0
1312,12671,False,0.0001561014389512,0.6203966736793518
1313,4774,False,0.0002173502212322,0.7325825691223145
1313,11025,False,0.0003634801908239,0.7903039455413818
1313,9877,False,0.0008281733249999,0.7382889986038208
1314,4647,False,0.0005323971374999,0.7607777714729309
1314,9537,False,0.0003932013446879,0.6115020513534546
1314,10668,False,0.0004123930494211,0.6999157071113586
1315,7783,Answer: True,8.787495503274935e-05,0.8290104866027832
1315,15122,True,7.352146220938077e-05,0.8398375511169434
1315,21112,Answer: True,0.0001491457900475,0.8972572088241577
1317,11368,False,0.0011198023314741,0.7386205792427063
1317,11370,False,0.0011198023314741,0.7030085325241089
1317,21737,False,0.0011198023314741,0.7350531220436096
1318,20110,Answer: False,4.481683145776176e-05,0.6913411021232605
1318,22064,True,5.648816054556364e-05,0.7026494741439819
1318,1501,False,0.000671156055214,0.0
1319,8282,False,0.0001843337545364,0.4968106150627136
1319,5811,False,0.0001843337545364,0.5198703408241272
1319,18696,False,0.0001843337545364,0.6171503067016602
1320,887,False,3.26165511214547e-05,0.7859904766082764
1320,9171,False,2.3323802672405014e-05,0.0
1320,884,Answer: False,1.9452804868107044e-05,0.8468583822250366
1321,13104,Answer: False,0.0001072099734029,0.7722112536430359
1321,256,False,0.0001072099734029,0.6179704666137695
1321,15062,False,0.0001072099734029,0.6998381018638611
1322,10330,False,0.0002072353047091,0.0
1322,6626,False,0.0079950268633353,0.7980340719223022
1322,14580,False,0.003768891807222,0.0
1324,912,Answer: False,5.133481048295645e-05,0.835318922996521
1325,3081,False,0.0062994078834871,0.0
1325,10507,Answer: False,0.0014563709945671,0.8435365557670593
1325,10508,False,0.0018801668692859,0.887539803981781
1326,4110,False,0.0009615384615384,0.7451241612434387
1326,4901,False,0.0008333333333333,0.0
1326,7494,False,0.0009615384615384,0.6757752299308777
1327,5822,False,0.0002055855707018,0.0
1327,8425,False,0.0003588449999118,0.0
1327,19590,False,0.0001663944185272,0.0
1328,19502,False,0.0001683501683501,0.0
1328,13748,False,0.0001683501683501,0.0
1329,21135,False,9.684395438332864e-05,0.0
1330,14897,False,0.0004150485375764,0.0
1330,13617,Answer: False,0.0008986064433619,0.0
1330,14895,False,0.0004150485375764,0.0
1331,14465,False,5.572157456158767e-05,0.0
1331,7514,False,0.0001091214168497,0.0
1331,8283,False,0.0018518518518518,0.0
1332,559,False,0.0002835422233748,0.0
1332,6466,False,0.000267326171868,0.0
1333,401,False,1.6682437634677236e-05,0.0
1334,8617,Answer: False,0.0001358109107469,0.8568320870399475
1334,19791,Answer: False,0.0001358109107469,0.8879026770591736
1334,19514,False,0.0001358109107469,0.8701832890510559
1335,7201,False,0.0001230976460155,0.0
1335,13949,False,0.0001658395317016,0.0
1335,10422,False,0.0024875929755249,0.0
1336,11951,False,9.350450768045524e-05,0.8995413780212402
1336,17106,False,7.976678378721342e-05,0.0
1336,7010,False,8.408157279792875e-05,0.0
1337,1872,False,0.01,0.6583175659179688
1337,20014,False,0.0057735026918962,0.0
1337,15773,False,0.0006378879538497,0.0
1338,18181,Answer: False,2.6951203738731184e-05,0.6080247163772583
1338,17543,Answer: True,1.7417503118359453e-05,0.8967831134796143
1339,17538,False,0.0010101525445522,0.0
1339,7883,False,0.0001992047682223,0.0
1339,21272,False,0.000338798178409,0.0
1340,2503,False,0.000490792004337,0.729052722454071
1340,8478,False,0.0001970276015597,0.5767683982849121
1340,8496,Answer: True,0.0005487221422554,0.8908252120018005
1341,8359,False,0.0001513432681342,0.0
1341,13047,False,4.791329788133908e-05,0.0
1341,21058,False,5.989162235167386e-05,0.0
1342,9327,"False, as the length of the cables is different",6.103382115558522e-05,0.9290547370910645
1342,7323,False,9.49979955634402e-06,0.9285681247711182
1342,21065,False,1.020442164403674e-05,0.901925802230835
1343,17200,False,0.0001368003853396,0.0
1344,15709,False,0.0004632808229131,0.0
1344,15096,False,6.052967133894569e-05,0.0
1345,14257,Answer: True,0.0002405834391925,0.8292481899261475
1345,8932,False,0.0001932765029344,0.0
1345,20145,Answer: False,0.0002405834391925,0.9330645799636841
1346,9103,False,0.0105409255338945,0.0
1346,3431,False,0.0611191913849942,0.74089115858078
1346,10885,False,0.0238513917599977,0.8008254170417786
1347,16412,False,7.321028727181548e-05,0.8440796732902527
1347,21697,False,0.0001434622781908,0.6546327471733093
1347,1249,False,7.46457831006746e-05,0.6276330947875977
1348,4578,False,0.0009176629354822,0.8857311010360718
1348,2538,"False, the two records refer to different entities",3.288392154119084e-05,0.0
1348,12647,False,4.822969434105696e-05,0.9621310234069824
1349,12191,Answer: True,0.0002998722710597,0.9565744996070862
1349,3703,False,0.000101281831805,0.0
1349,4659,Answer: False,0.0007156951535959,0.9536727666854858
1350,7999,False,0.0017589938618257,0.0
1350,11873,False,6.921505899053326e-05,0.0
1350,11983,False,0.0014071950894605,0.0
1351,16547,False,0.0009579047025766,0.0
1351,20200,False,2.5762157121217053e-05,0.0
1351,18528,False,2.21141088014153e-05,0.0
1352,5070,False,5.8018150080869965e-05,0.7118919491767883
1352,20893,False,0.0001083060722147,0.0
1352,4123,False,0.0001163865992232,0.7677200436592102
1353,12866,Answer: True,0.0005897432436671,0.9122593402862549
1353,6819,False,0.0001736186991408,0.8601788282394409
1353,880,False,0.000167303164727,0.8482801914215088
1354,11519,False,0.0043212081072511,0.6903099417686462
1354,18778,False,0.0001253735427635,0.8772598505020142
1354,4314,False,0.0001005037815259,0.6232688426971436
1355,559,False,0.0004147414353978,0.9407963752746582
1355,6466,False,0.0003910219752118,0.8160154819488525
1355,8533,False,0.0002995354811206,0.6345295906066895
1356,5992,False,0.0008432590515727,0.0
1356,12026,False,6.540022352055709e-05,0.0
1356,11269,Answer: False,8.56058341665477e-05,0.8466079831123352
1357,20419,False,0.0042388881784039,0.0
1357,7193,Answer: False,0.000259293691764,0.804603636264801
1357,19432,False,0.000259293691764,0.8483977317810059
1358,20388,False,0.0007890902912472,0.7927149534225464
1358,19805,False,0.0004424446296075,0.0
1358,20559,Answer: False,8.212821731209716e-05,0.6236218810081482
1359,1903,True,0.0011844484241978,0.9069374799728394
1359,9409,False,0.000150111574365,0.5874151587486267
1359,21077,Answer: True,0.000150111574365,0.753639817237854
1360,4911,False,1.5749771302775027e-05,0.80126953125
1360,994,True,1.791682829398392e-05,0.8207395076751709
1360,6925,False,1.5749771302775027e-05,0.7955873012542725
1362,1335,False,3.883795932727538e-05,0.0
1362,17388,Answer: True,0.0010502130755767,0.8205825686454773
1363,13715,False,5.356869554443542e-05,0.8574190139770508
1363,11756,False,0.000119536523031,0.7294638156890869
1363,11757,False,0.0005105289356122,0.888210654258728
1364,14116,False,3.781715786592437e-05,0.0
1364,6411,False,4.133304323149864e-05,0.0
1364,5508,"False, the first two records are not related as the second record describes a compatible cartridge for a HP printer model, while the first two records describe different computer models (HP Black Pavilion Slimline s5-1020 and Compatible HP LaserJet)",5.8453750312138826e-05,0.0
1365,8391,False,0.0068376068376068,0.8650158047676086
1365,18874,False,0.0026709401709401,0.7735552787780762
1365,18372,Answer: True,0.0068376068376068,0.9769417643547058
1366,5955,False,9.194837620427371e-05,0.9251339435577393
1366,7997,Answer: False,8.393699962175328e-05,0.854878306388855
1366,16112,False,0.0001187048432499,0.7774097323417664
1367,13612,False,0.0001835273062539,0.6676456928253174
1367,15590,False,0.0001835273062539,0.8564481139183044
1367,12146,False,0.0027203971456803,0.8663851022720337
1368,20341,False,0.000700965192615,0.7041518688201904
1368,12442,"False, the first record describes a Rocstor G222R2-01 external hard drive with dimensions of 8",0.000396525792859,0.7374752163887024
1368,17063,False,0.0002595870658255,0.7222684025764465
1369,18872,False,0.0009331206226645,0.6345953941345215
1369,10458,False,0.0006343104306084,0.0
1369,14864,False,0.0062211215309676,0.7848021984100342
1370,14017,False,0.0002797336860277,0.0
1370,19896,False,0.0002147560080008,0.6701353788375854
1370,5172,False,6.680748193499367e-05,0.8453783988952637
1371,21182,False,0.000625,0.0
1371,20601,False,0.000625,0.0
1371,15864,False,0.000625,0.0
1373,7632,False,7.765810393493358e-05,0.0
1373,5644,False,0.0014887283354385,0.0
1373,19772,False,0.0002578553115646,0.0
1374,2455,False,0.0002110381045548,0.0
1374,976,False,0.0007614311298414,0.0
1374,8606,False,6.887052341597797e-05,0.0
1375,12103,False,0.0004499577059633,0.0
1375,7071,False,0.0001039132810647,0.0
1375,5813,False,8.733887602263527e-05,0.0
1376,14161,False,0.0001817809280568,0.0
1376,22036,False,0.0001817809280568,0.0
1376,21687,False,0.0001817809280568,0.0
1377,12161,Answer: True,0.0002015273188167,0.9105741381645203
1377,11802,Answer: True,0.005287921877801,0.8850580453872681
1377,12229,False,0.0002137410957147,0.0
1379,3974,False,0.0009523809523809,0.0
1379,13949,False,0.0006299407883487,0.5871926546096802
1379,15941,False,0.0015366440995063,0.0
1380,8277,False,3.7275835504610096e-05,0.6253857016563416
1380,20890,False,4.931129532867509e-05,0.6371479630470276
1381,13305,False,8.147467544513106e-05,0.0
1383,2946,False,0.0001138777863459,0.0
1383,9224,False,0.0002739160674454,0.0
1383,20188,False,5.2725135877463694e-05,0.0
1384,15299,False,1.1120010680908828e-05,0.8991632461547852
1384,9325,False,9.483176972207209e-06,0.8510607481002808
1384,1341,False,0.0001585038861151,0.8627175092697144
1385,17913,False,0.0141646657250371,0.7758278846740723
1385,17914,False,0.0141646657250371,0.7751977443695068
1385,17536,Answer: False,0.0252586696495416,0.9295432567596436
1386,9175,False,0.0001053952035818,0.4681735634803772
1386,5852,False,0.0029934217004462,0.0
1386,16760,False,0.0005104684983711,0.7370425462722778
1387,2119,False,0.0001679842102263,0.8960955142974854
1387,7497,False,8.100164493330615e-05,0.8487375378608704
1387,2667,False,0.0006415002990995,0.6906670331954956
1388,13890,False,6.584007577090968e-05,0.7394131422042847
1388,11930,False,6.584007577090968e-05,0.7791985869407654
1388,9973,False,0.0001593966081106,0.7434543371200562
1389,20593,False,0.0001027456790481,0.0
1390,3574,False,0.0002086800628959,0.7472360134124756
1390,15530,False,0.0019920476822239,0.7867376208305359
1390,4562,False,3.258683757686896e-05,0.0
1391,20643,False,0.0002795084971874,0.0
1391,2976,False,5.062723328375709e-05,0.9838128089904785
1391,16451,False,6.188955452035775e-05,0.0
1392,12486,False,0.0016666666666666,0.0
1392,14382,False,0.0001912584368497,0.44644296169281006
1392,20274,False,0.0016666666666666,0.4261184334754944
1393,16857,False,0.0015634932001446,0.5720289349555969
1393,18380,False,0.0015634932001446,0.5679854154586792
1393,16336,False,0.0015634932001446,0.5583315491676331
1394,13530,Answer: False,0.0010061792555081,0.6102572679519653
1394,14811,Answer: False,0.0010061792555081,0.6990499496459961
1394,10852,False,0.0010061792555081,0.6924576759338379
1395,3772,False,0.0003970693257397,0.5292984247207642
1395,13470,False,0.0026650089544451,0.7192116379737854
1395,14207,False,0.0001021514943126,0.0
1396,2438,False,0.0001803280627015,0.6701362729072571
1396,9954,False,0.0001317615691736,0.6044124364852905
1396,19426,False,0.0001243857493857,0.7118576765060425
1397,20805,False,0.0017213259316477,0.9558415412902832
1397,10588,Answer: False,0.0002405626121623,0.0
1397,16022,False,0.0002151657414559,0.0
1398,14988,False,4.8035726657366295e-05,0.7243297696113586
1398,4586,Answer: False,3.495112496675633e-05,0.9368497133255005
1398,10620,False,4.557069158956324e-05,0.9106724262237549
1399,22039,False,0.0003294754314388,0.0
1399,976,False,0.0005209463982067,0.5932140946388245
1399,18707,False,0.0003967004793303,0.6558464765548706
1400,21677,False,9.905992426746867e-05,0.7910804152488708
1400,14943,Answer: False,4.7992690310075565e-05,0.8650825023651123
1400,18727,Answer: False,4.7992690310075565e-05,0.8706349730491638
1401,13897,False,0.0001941268216151,0.0
1401,7229,False,0.0002320697881233,0.0
1402,20183,Answer: False,0.0001329425249654,0.8667222261428833
1402,21400,False,0.0013758347091687,0.7060427665710449
1402,10190,False,0.0015886770793979,0.746255099773407
1403,21315,Answer: False,0.0002438480471027,0.7263974547386169
1403,12344,False,0.0002633859938476,0.0
1403,14286,False,0.0002633859938476,0.0
1404,12267,False,0.0050947806747157,0.8584223985671997
1404,20607,False,0.0050947806747157,0.8681067824363708
1404,363,False,0.0130004748251366,0.8808512687683105
1405,11929,False,0.0010286889997472,0.0
1405,7548,False,0.000642930624842,0.0
1405,14894,True,0.0007246376811594,0.8988295197486877
1406,17354,False,0.0001769495820815,0.6518920660018921
1406,16894,False,0.0001423525404226,0.7777262330055237
1406,12301,Answer: False,0.000135727821777,0.7968860864639282
1407,16042,False,3.312693299999689e-05,0.6390576362609863
1407,21856,True,3.312693299999689e-05,0.4971143305301666
1407,5419,False,3.2075014954979204e-05,0.0
1408,3775,False,0.0002985831728584,0.8034772872924805
1408,18494,Answer: False,5.119512366489483e-05,0.8189630508422852
1408,9829,Answer: False,5.911503685824643e-05,0.8750569820404053
1409,9714,False,0.0002972191491388,0.0
1409,20200,Answer: False,1.335044687714482e-05,0.7018479108810425
1410,17561,False,6.115129467473249e-05,0.0
1410,17433,False,0.0060912795874702,0.0
1410,11421,Answer: True,0.0001145346887906,0.6408629417419434
1411,2928,False,0.000254534516107,0.48499953746795654
1411,11556,False,0.0031497039417435,0.0
1411,4893,False,0.0012123216124221,0.5217169523239136
1412,16818,Answer: True,4.700302810781647e-05,0.8901662826538086
1413,8826,False,0.0043033148291193,0.8711419105529785
1413,8235,False,0.001141088661469,0.9105622172355652
1413,2788,True,0.0163556041477237,0.9686245918273926
1414,11939,Answer: True,2.5886034644977868e-05,0.7554529905319214
1414,2485,Answer: False,2.8940384239514715e-05,0.8522732257843018
1415,20628,False,0.0007856742013183,0.6234774589538574
1415,6344,False,0.0002482681632184,0.7002493143081665
1415,21232,False,0.0048112522432468,0.0
1416,3798,False,7.423923386456232e-05,0.0
1416,1918,False,2.425841467183301e-05,0.0
1416,21584,False,0.0001397542485937,0.0
1417,21251,False,4.926655957153e-05,0.5257164239883423
1417,7248,Answer: False,5.2255077538139816e-05,0.6317283511161804
1417,16356,False,4.926655957153e-05,0.5793107748031616
1418,8791,False,0.0002182319306479,0.0
1418,14715,False,7.021045531185577e-05,0.770671010017395
1418,16896,False,5.144506673154601e-05,0.6236619353294373
1419,14257,Answer: True,0.0001949641074278,0.7374383211135864
1419,256,Answer: True,0.0001555275544999,0.8639088273048401
1419,20145,Answer: True,0.0001949641074278,0.8360769748687744
1420,17040,False,5.195361125560588e-05,0.0
1421,9291,False,0.0002223358896215,0.0
1422,12306,False,0.0004175956904881,0.7054234743118286
1422,20879,False,5.456070842488793e-05,0.7184573411941528
1422,5956,False,0.0004175956904881,0.0
1423,9727,False,6.701690374133392e-05,0.885158896446228
1423,1730,False,0.0003023812547623,0.7986169457435608
1423,7699,Answer: False,0.0002285787432082,0.8533557653427124
1424,8192,Answer: False,9.401241205595768e-05,0.95732182264328
1424,2225,False,9.401241205595768e-05,0.9248498678207397
1424,14148,False,9.401241205595768e-05,0.9037667512893677
1425,14644,False,3.9518592338667445e-05,0.8807379007339478
1425,2754,False,3.9518592338667445e-05,0.9277635216712952
1426,760,False,0.0015728357180692,0.9171655774116516
1426,6690,Answer: False,0.00014148447239,0.9034227132797241
1426,10692,Answer: False,0.0001309891683444,0.9333179593086243
1427,9222,False,0.0002155172413793,0.0
1427,8706,False,0.0002126293179499,0.6687992215156555
1427,16928,False,0.0083333333333333,0.5432466864585876
1428,8251,False,0.0002876405046077,0.0
1428,13119,False,0.0001004451548982,0.0
1429,8537,False,0.0024845199749997,0.0
1429,21550,False,0.0001067685297281,0.6315362453460693
1429,12510,False,0.000752923252421,0.0
1430,15354,False,0.0002268092727187,0.9327094554901123
1430,11656,False,0.0002930749785222,0.9022880792617798
1430,3393,False,0.0001709604041379,0.9194762706756592
1431,3601,False,9.26482109224159e-05,0.0
1431,21615,False,7.997466199373528e-05,0.5563356876373291
1431,17868,False,7.997466199373528e-05,0.5815390348434448
1432,17073,False,0.0001981072129375,0.6594893932342529
1432,6230,"False, as they refer to different products:",0.0001215652963925,0.7726887464523315
1432,15580,False,4.876640241191455e-05,0.8124761581420898
1433,12143,False,0.0001155625408802,0.0
1433,11590,False,7.111540977246527e-05,0.0
1434,6705,False,7.208323557051139e-05,0.0
1434,8485,False,6.90144437499935e-05,0.5930063724517822
1435,9330,Answer: False,0.0020651001186451,0.6099801063537598
1435,7324,Answer: False,0.0062403667256619,0.7532612681388855
1435,21978,False,0.0011372630948636,0.6730467677116394
1436,11775,False,0.0004268673604765,0.0
1436,12442,False,0.0004564354645876,0.0
1436,14944,False,0.0003992978531249,0.0
1437,17169,False,0.0003455473702325,0.0
1437,5472,False,0.0003455473702325,0.0
1437,7491,False,0.0003455473702325,0.0
1438,10840,False,0.0001840581550727,0.5522605180740356
1438,20863,False,0.0001704047394933,0.0
1438,11012,False,0.0002016256068522,0.0
1439,7607,False,0.0004166666666666,0.5351771116256714
1439,8636,False,2.8811959934326583e-05,0.0
1439,1636,True,8.734640537108554e-05,0.706429660320282
1440,18699,False,0.0002117152596602,0.0
1440,3578,False,0.0002117152596602,0.0
1441,9306,False,0.0001698744197611,0.6997067332267761
1441,21063,True,0.0002402387083264,0.722375214099884
1441,15284,Answer: False,0.0001698744197611,0.8160953521728516
1442,945,False,0.0001734418169595,0.0
1442,4338,False,0.000109920643956,0.6923972964286804
1442,4842,False,0.0001734418169595,0.0
1443,20665,False,0.0001223199722859,0.547246515750885
1443,12276,False,8.169934640522877e-05,0.9330588579177856
1443,4244,False,5.167120359752254e-05,0.7489109039306641
1445,17121,False,8.268982305947231e-05,0.0
1445,7000,False,8.268982305947231e-05,0.0
1446,6258,False,0.0001371742112482,0.5337704420089722
1447,10439,False,0.0011864474946906,0.0
1447,20956,Answer: False,0.001677890138035,0.0
1447,2445,False,0.0001012637743274,0.0
1448,3959,False,0.0001388937116709,0.0
1448,17628,False,0.0013474201390907,0.0
1448,7902,Answer: True,0.0078019972569931,0.8094555139541626
1449,4086,False,0.0002626654040546,0.0
1449,16061,False,0.0019574007317156,0.0
1449,15199,False,0.0004421317575644,0.0
1450,20772,False,8.735706972682654e-05,0.7732617855072021
1450,21976,False,7.813453848974923e-05,0.7994593977928162
1450,3290,False,8.474880603015356e-05,0.7624706625938416
1451,4719,False,0.0001172418346166,0.8729000091552734
1451,14173,False,9.08151345897928e-05,0.7073826193809509
1451,4379,False,0.0001213189378136,0.0
1452,13937,Answer: False,0.0006124949469375,0.5977278351783752
1452,18216,False,0.0006124949469375,0.682300329208374
1452,19682,False,0.0006124949469375,0.6088509559631348
1453,15081,False,0.0008667190566019,0.0
1453,19287,False,0.0009265616458263,0.0
1453,18880,False,0.0002042876407689,0.0
1454,5054,False,0.0001141136209801,0.0
1454,10760,False,6.921451187307274e-05,0.7818086743354797
1454,18120,False,0.0001631710054436,0.0
1455,17323,False,0.0009014992350373,0.0
1455,12036,False,0.0001227623339896,0.0
1455,14080,Answer: False,9.793046444294511e-05,0.8455997705459595
1456,18332,False,2.737070062196507e-05,0.0
1456,18109,False,0.0002151657414559,0.0
1456,18231,Answer: True,3.951822204221978e-05,0.8770800828933716
1457,111,False,0.0002375927033702,0.6737570762634277
1457,8346,Answer: True,0.000179211469534,0.9603061676025391
1457,20695,False,0.0002375927033702,0.6799843907356262
1458,9802,False,8.838403212710656e-05,0.682497501373291
1458,1795,False,1.4131933224313418e-05,0.7030497193336487
1458,16055,False,0.0001835325870964,0.760427713394165
1459,20526,False,0.0001129384878631,0.8787970542907715
1459,12118,False,0.0001129384878631,0.853765070438385
1459,19650,Answer: False,0.0001129384878631,0.8670936822891235
1460,14498,Answer: True,6.741523670377307e-05,0.7428268194198608
1460,18957,False,0.00088561488554,0.0
1460,20377,False,0.0013558153613666,0.8076496124267578
1461,2407,False,6.705522259822752e-05,0.0
1461,15748,False,8.111906305681844e-05,0.7502519488334656
1461,13751,False,7.816828507677209e-05,0.7404124140739441
1462,18169,False,0.0003342201934969,0.0
1462,17412,False,0.0008773280079294,0.8075273633003235
1462,16833,True,0.0010380684981717,0.8275977373123169
1463,5886,False,0.0001360544217687,0.0
1463,8244,Answer: True,2.007785424824176e-05,0.8907501697540283
1463,2261,False,2.062803431290528e-05,0.8349524140357971
1464,11046,False,0.0001042934893358,0.6679015159606934
1464,19825,False,0.0004304989317289,0.0
1464,20434,False,0.0003334630386292,0.6894773244857788
1465,15921,False,5.099439724739516e-05,0.8902086019515991
1465,6802,False,5.099439724739516e-05,0.8587942123413086
1465,11035,False,5.099439724739516e-05,0.8276653289794922
1466,10065,False,3.060803323679181e-05,0.46703091263771057
1466,15575,False,5.769580818371277e-05,0.8413622379302979
1466,13592,True,5.769580818371277e-05,0.8459755182266235
1467,6088,Answer: False,0.0001828181060317,0.8127754926681519
1467,16059,Answer: False,0.0092779501005962,0.7458134293556213
1467,11532,Answer: False,0.0053566269881071,0.8141573667526245
1468,933,False,2.9890724964610415e-05,0.5739705562591553
1468,9996,Answer: False,2.082989993747912e-05,0.8964546918869019
1468,2293,Answer: False,6.22723436762717e-05,0.7979811429977417
1469,11684,False,7.03054801011075e-05,0.0
1469,20194,False,0.0002184911751148,0.5438264608383179
1471,5187,False,0.0003349261594335,0.0
1471,19736,False,0.0001597215859868,0.0
1471,597,False,0.000747142971044,0.0
1472,21821,False,0.0003534401164915,0.42244261503219604
1472,21014,False,0.0002777724195651,0.6701829433441162
1472,14838,False,0.0016835875742536,0.56129390001297
1473,17123,False,0.0015339299776947,0.0
1473,3248,Answer: False,0.0003099006540266,0.8642826676368713
1473,3250,Answer: False,0.0003099006540266,0.9636540412902832
1474,5337,False,0.0004713416794229,0.0
1474,7867,False,0.0004713416794229,0.0
1474,3961,True,3.74099783217738e-05,0.8664664030075073
1475,2678,False,7.240698716651862e-05,0.8784440755844116
1475,8650,Answer: True,0.001574074074074,0.8758987188339233
1475,10764,False,0.0001296026318932,0.8135730028152466
1476,15040,False,0.0001587139642538,0.7442810535430908
1476,11083,False,0.0004863201217026,0.9877649545669556
1476,19321,False,0.0001587139642538,0.7650425434112549
1477,6614,False,0.0001160733458702,0.7803460955619812
1477,2432,Answer: False,0.0015687375497513,0.9178056120872498
1477,10621,False,8.708211590967334e-05,0.5920032262802124
1478,1766,False,0.0003426426178364,0.774773120880127
1478,12072,False,0.0013363062095621,0.0
1478,15680,False,0.0001365071006151,0.7176764011383057
1479,14308,False,9.20262717290388e-05,0.7859467267990112
1479,16589,False,0.0002454033912774,0.0
1479,12374,False,0.0002454033912774,0.0
1480,3870,False,0.0002564406062069,0.0
1480,1146,False,0.0001431296406736,0.44377684593200684
1480,9124,False,0.0001431296406736,0.6693665981292725
1481,12072,False,0.0018898223650461,0.8326864838600159
1481,4162,False,0.001690308509457,0.8582333326339722
1481,16118,False,0.0015430334996209,0.8351922035217285
1482,6503,Answer: True,3.84469814137685e-05,0.8414890766143799
1482,21436,False,3.696939775302741e-05,0.0
1482,8566,Answer: False,5.30558109077291e-05,0.7863619923591614
1483,16953,False,0.0006060606060606,0.6829307079315186
1483,1571,False,8.88231183368655e-05,0.7682527303695679
1483,15495,False,0.0006060606060606,0.7767184376716614
1484,15558,Answer: True,0.0004170288281141,0.880458652973175
1484,12493,False,0.0001337648113748,0.6967361569404602
1484,21490,Answer: False,0.0002948839123097,0.848541259765625
1485,2166,False,8.633782432070177e-05,0.0
1485,1375,False,6.868131868131868e-05,0.9113419055938721
1485,5589,False,7.477074916920568e-05,0.0
1486,6203,False,0.0006199471951467,0.0
1486,19950,False,0.0005607633371277,0.0
1486,13414,False,0.0001180679997528,0.8659716248512268
1487,21699,Answer: False,4.855341562290794e-05,0.7646366357803345
1487,21701,False,4.342749514904898e-05,0.8177872896194458
1487,3573,False,4.342749514904898e-05,0.7745966911315918
1488,16396,False,0.0005385692630876,0.3455943465232849
1488,18518,False,0.0010771385261753,0.4812467694282532
1488,2277,False,0.0010771385261753,0.4574161767959595
1489,17080,Answer: True,3.253911465961303e-05,0.8846458792686462
1489,2077,Answer: True,3.616520397829637e-05,0.8855453729629517
1490,8056,False,0.0001242259987499,0.0
1490,12049,False,0.0001309457002197,0.0
1490,15302,False,0.0001242259987499,0.0
1491,8053,False,0.0001386750490563,0.0
1491,17124,False,0.0015173078028865,0.0
1491,11357,False,0.00035934973411,0.0
1492,11993,False,0.0001283799655546,0.0
1492,3145,False,0.0005233952441844,0.0
1492,13899,False,0.0005233952441844,0.0
1493,11392,False,0.000674936558945,0.8679399490356445
1493,21342,False,0.0001483686057327,0.8234201669692993
1493,4625,False,0.0011811389781538,0.0
1494,20997,False,6.205786132651034e-05,0.0
1495,8821,False,9.677228027559904e-05,0.0
1497,8471,False,0.0012086439607899,0.0
1497,19130,False,5.6101919806882526e-05,0.0
1497,652,False,4.5407108546874845e-05,0.0
1498,14930,False,0.0004441681590741,0.0
1498,5191,False,9.739294845348576e-05,0.8294168710708618
1498,5234,Answer: False,5.7097663001938885e-05,0.9294384717941284
1499,21803,Answer: False,0.0001836442767807,0.0
1499,17732,False,8.119461941734627e-05,0.0
1499,4637,Answer: True,7.554559628061406e-05,0.8530063629150391
1500,21436,False,8.266608646299727e-05,0.0
1500,18564,False,0.0039389920219374,0.7224724292755127
1500,17007,Answer: False,0.0045483562084027,0.730265200138092
1501,3095,False,0.0002835057572665,0.0
1501,20784,False,0.0002835057572665,0.0
1501,5285,False,0.0007793496079856,0.0
1503,6809,False,3.68801369540823e-05,0.0
1503,17164,Answer: False,3.858823422934944e-05,0.7812135219573975
1503,17060,False,3.858823422934944e-05,0.7261796593666077
1504,15468,False,0.0006715935625584,0.7345547080039978
1504,15470,False,0.0006715935625584,0.7626659274101257
1504,4817,Answer: False,0.0054828458058053,0.9743760824203491
1505,12090,False,8.215665013874508e-05,0.8390299677848816
1505,4082,False,8.215665013874508e-05,0.85295569896698
1505,13383,False,3.73865450905467e-05,0.8193183541297913
1506,17249,True,0.0001803409647669,0.8686875104904175
1506,16978,Answer: True,0.0001877048273331,0.8843156099319458
1506,16666,Answer: True,0.0001877048273331,0.8928683996200562
1507,760,False,0.0014285989856248,0.9273589253425598
1507,6690,False,0.0001285096538792,0.9268622398376465
1507,14635,False,0.0014285989856248,0.9318293333053589
1508,8617,False,0.0001358109107469,0.9071584343910217
1508,19791,False,0.0001358109107469,0.9277253150939941
1508,19514,Answer: False,0.0001358109107469,0.9783605337142944
1509,2890,False,0.0001146023606954,0.6457803845405579
1509,9332,True,8.10361063877192e-05,0.8366622924804688
1509,4803,False,0.0001146023606954,0.6972277164459229
1510,19042,Answer: True,0.0010627871209532,0.8242784142494202
1510,2634,False,0.000976367018983,0.8588767647743225
1510,10644,False,0.001121886253192,0.739802360534668
1511,4519,Answer: True,7.245068221796273e-05,0.8907184600830078
1511,21680,Answer: False,1.567162876001582e-05,0.833281934261322
1511,4517,False,1.567162876001582e-05,0.837604284286499
1512,20844,Answer: True,5.74052812858783e-05,0.8036140203475952
1512,21053,Answer: False,0.0001444531761003,0.714635968208313
1512,20199,False,0.0002030260255911,0.6286450028419495
1513,1591,True,0.0071269664509979,0.8882145881652832
1513,1592,Answer: True,0.0204900285466192,0.9417755603790283
1513,7556,Answer: False,0.0018898223650461,0.9013960361480713
1514,14498,False,6.462442027636377e-05,0.4975912570953369
1514,18957,False,0.000848952719956,0.0
1514,20377,False,0.001299688112275,0.5597724318504333
1515,10224,False,6.259045478042726e-05,0.0
1515,4251,False,0.0001330992843749,0.0
1515,5364,False,2.82955894832552e-05,0.8415647149085999
1516,4792,True,3.1629103055003406e-05,0.851164698600769
1516,14374,True,0.0001427174064596,0.6707615256309509
1516,888,Answer: True,3.153058979922328e-05,0.8203049302101135
1518,15579,False,5.88142094208284e-05,0.7145179510116577
1518,10378,False,0.0006701907097949,0.4983797073364258
1518,10377,False,0.0006701907097949,0.5215052962303162
1519,19025,False,0.0001061305641892,0.0
1519,3574,False,0.0001091214168497,0.0
1519,2477,False,3.591954022988506e-05,0.0
1520,8559,False,0.0051764705882352,0.8506580591201782
1520,13546,Answer: False,0.0051764705882352,0.6276917457580566
1520,14923,False,0.0028284271247461,0.0
1521,16945,False,0.0001346672195575,0.0
1521,2385,False,6.75629101315716e-05,0.0
1521,12222,False,7.881410023687874e-05,0.0
1522,21029,Answer: True,0.0001259881576697,0.7790575623512268
1522,1025,True,8.749177615954334e-06,0.9142643213272095
1522,4516,False,6.572828019156397e-05,0.0
1523,14194,False,0.0001892853357154,0.5828712582588196
1523,19003,False,0.0052999894000318,0.743169903755188
1523,6696,False,0.0001430862643241,0.761709451675415
1524,5761,False,0.0008035304331665,0.0
1524,12028,False,8.680555555555555e-05,0.0
1524,9830,False,0.00071869946822,0.0
1525,19435,False,4.228736204056408e-05,0.0
1525,18261,False,0.0003891080039779,0.0
1525,5861,False,0.0001357757294755,0.0
1526,3336,False,2.178740295561508e-05,0.5692400336265564
1526,18053,False,2.68515607957703e-05,0.6215319037437439
1527,8672,False,0.0002005123621586,0.0
1527,721,False,0.000992485556959,0.0
1527,7691,False,0.0001108094632982,0.8433560132980347
1528,21501,False,3.0478032759627973e-05,0.0
1528,16916,Answer: True,2.93450677802195e-05,0.9524723291397095
1528,811,True,5.0436835247252265e-05,0.7676001787185669
1530,21644,False,8.336916372045876e-05,0.0
1530,19143,Answer: True,0.0001042114546505,0.9294236898422241
1530,12831,Answer: True,0.003197618670993,0.7033294439315796
1531,17433,Answer: True,0.0032559258947661,0.8736966848373413
1531,16547,True,0.0008435601660104,0.7964762449264526
1531,9028,Answer: False,0.0008435601660104,0.7993786931037903
1532,16569,False,0.0002119852853401,0.0
1532,9800,False,0.0002119852853401,0.0
1532,12664,False,0.0002112885636821,0.0
1533,3552,False,0.0001807234162394,0.0
1533,7066,False,0.0002086814260294,0.0
1534,5038,False,0.0016924437108175,0.836111307144165
1534,1090,Answer: True,0.0004202234585337,0.8760298490524292
1534,7055,False,0.0004972151014831,0.8402912616729736
1535,18702,False,7.503904922568312e-05,0.7084014415740967
1535,14303,False,0.0001196473589594,0.0
1535,13135,False,0.0007754035086653,0.5966372489929199
1536,12098,Answer: False,2.6560635762986527e-05,0.9041510820388794
1536,1988,False,6.602767615066535e-05,0.5962574481964111
1536,9374,False,8.451542547285165e-05,0.0
1537,3702,False,0.0002478100176049,0.7818767428398132
1537,9329,False,5.913648147390503e-05,0.8621809482574463
1537,8170,False,0.0002478100176049,0.7140014171600342
1538,1017,False,0.0001900824680608,0.0
1538,15456,False,5.796689449695038e-05,0.6825551986694336
1538,18120,False,0.0002291505550846,0.0
1539,14722,False,5.181006299343423e-05,0.91600501537323
1539,4754,False,5.181006299343423e-05,0.9005212187767029
1539,4756,Answer: True,4.9236596391733085e-05,0.9208106994628906
1541,4055,False,0.0006091449038731,0.0
1541,21007,False,0.0010050378152592,0.0
1541,2988,False,7.618077541957538e-05,0.0
1542,10127,True,0.0002249788529816,0.918376088142395
1542,7371,False,0.0017634668567096,0.8706266283988953
1542,18263,False,0.0002032067059189,0.7798829078674316
1543,18629,False,0.0001209923347734,0.6596896052360535
1543,2397,False,0.0001209923347734,0.6677262187004089
1543,6413,False,0.0027801921874276,0.41974160075187683
1544,19171,False,0.000112468934747,0.0
1544,15260,False,0.0005029763669028,0.5560319423675537
1544,12315,False,5.84284014605988e-05,0.5723270773887634
1545,7913,False,0.0017677669529663,0.0
1545,21374,False,0.0088388347648318,0.9559870958328247
1545,19272,False,0.0002474232063417,0.0
1546,4718,False,0.0004667600280093,0.9335752725601196
1546,14674,Answer: False,0.0003300491809922,0.860366940498352
1546,2802,False,0.000106338459715,0.8688733577728271
1547,8871,False,0.0001204814904874,0.0
1547,8872,False,0.0001204814904874,0.0
1547,20285,False,0.0002258654522727,0.0
1548,14441,False,0.0024640709031819,0.0
1548,9072,False,0.0001125427717432,0.0
1548,15040,False,0.0001895439156293,0.0
1549,20212,False,8.525177071898009e-05,0.0
1549,21544,False,2.5796270403382487e-05,0.7670570611953735
1549,12526,False,6.762625349592552e-05,0.7862771153450012
1550,11326,Answer: False,3.758476466317809e-05,0.883045494556427
1551,8511,Answer: False,0.0014592323693528,0.734790563583374
1551,6893,Answer: False,0.0021371630111212,0.8674007654190063
1551,7854,False,0.0005661385170722,0.7647913694381714
1552,13450,False,0.0002007851530973,0.0
1552,9490,False,0.0002007851530973,0.5413793921470642
1552,9156,Answer: True,7.867871753237596e-05,0.9719488620758057
1553,11665,False,0.0002438531221424,0.5023998022079468
1553,18628,False,0.0001858315577793,0.0
1553,2034,False,0.0009349469900084,0.0
1554,21140,False,6.724888736606532e-05,0.6709926128387451
1554,19640,False,0.000111519663481,0.0
1554,5444,False,0.000111519663481,0.0
1557,20259,False,0.0001683501683501,0.542351484298706
1557,13708,False,0.0001683501683501,0.0
1558,10615,False,0.0004222982010248,0.7558430433273315
1558,4508,False,0.0001442150365697,0.836906373500824
1558,5957,False,0.0064752390823817,0.5795045495033264
1559,4166,Answer: False,0.0001133183944209,0.7295030355453491
1559,16655,False,0.0001013550532105,0.7881402969360352
1559,14553,False,0.0001013550532105,0.8485521674156189
1560,19669,False,0.0001569883860834,0.894210934638977
1560,11858,False,9.036938247602744e-05,0.7457532286643982
1560,20743,False,9.036938247602744e-05,0.758509635925293
1561,7626,False,0.0006337242505244,0.0
1561,6235,Answer: False,0.000240175587248,0.8498884439468384
1561,17048,False,8.338476980585236e-05,0.8620282411575317
1562,12169,False,0.0007614311298414,0.6651291847229004
1562,6473,False,0.0001460964423939,0.0
1562,19769,False,0.0001161240480937,0.7283607125282288
1563,430,False,6.013654228464032e-05,0.7480121850967407
1563,2374,False,0.0003692929380465,0.7597261071205139
1563,8362,False,0.0004045401449908,0.8066785931587219
1564,6914,Answer: False,0.0002217852202503,0.8905367851257324
1564,1061,False,9.101355318203529e-05,0.0
1565,21077,False,0.0001374234560534,0.5596224665641785
1565,4689,False,8.73116067678656e-05,0.5498343110084534
1565,21962,False,0.0002455728394393,0.608670175075531
1566,16049,False,0.0006553588475795,0.0
1566,15426,False,0.0006553588475795,0.0
1566,16047,False,0.0007402576073796,0.0
1567,1816,False,5.0297636690288073e-05,0.6229584813117981
1567,20928,False,3.348013073012169e-05,0.605411946773529
1567,15736,False,0.0004001152497902,0.6609982252120972
1568,15033,False,0.0007423923386456,0.0
1568,21036,False,0.0002121521897714,0.6973650455474854
1568,21174,False,0.0002535703667477,0.46777796745300293
1569,21393,Answer: True,0.0004358136336404,0.8884942531585693
1570,10227,False,0.0001956052195054,0.6240027546882629
1570,19039,True,0.0001342457248787,0.8040083646774292
1570,4373,False,0.0001470588235294,0.7237012386322021
1571,14949,False,4.348095693687032e-05,0.8977011442184448
1571,8780,False,0.0003812464258315,0.7463653087615967
1571,16728,False,5.810154483980869e-05,0.0
1572,2638,False,0.0002024706378124,0.0
1572,12195,False,7.679920744609896e-05,0.8745622634887695
1572,2229,False,0.0016648435120644,0.7206801176071167
1573,5415,Answer: True,1.4480167642852417e-05,0.9264109134674072
1573,3803,False,0.0001235137548161,0.6148852705955505
1573,13416,Answer: True,1.388888888888889e-05,0.91249680519104
1574,13362,False,0.0004733015285392,0.0
1574,20460,Answer: False,4.067885050527792e-05,0.6142414808273315
1574,11837,Answer: True,4.067885050527792e-05,0.7890485525131226
1575,4320,False,0.0005190607270478,0.6718127727508545
1575,12361,False,0.0001749546270271,0.0
1576,8556,False,0.0002197128384194,0.0
1576,459,False,0.0002537025328117,0.7272740602493286
1576,20338,False,0.0001965171368941,0.0
1577,21525,False,0.005850098009747,0.8995035886764526
1577,13540,Answer: True,0.01151148318047,0.9412428140640259
1577,7565,False,0.005850098009747,0.9272158145904541
1578,3323,Answer: False,0.0026189140043946,0.9814093708992004
1578,3324,False,0.0144040270241704,0.8878324031829834
1578,3325,False,0.0020286020648339,0.8347017765045166
1579,3137,False,0.0001502050195655,0.0
1579,9484,False,0.0015609763526361,0.7901991605758667
1579,11460,Answer: True,0.000118261817595,0.8384988307952881
1580,8232,Answer: False,0.0,0.43857184052467346
1580,14548,False,0.0001927788079571,0.0
1580,15798,False,0.0,0.0
1581,3803,False,0.0001842834723998,0.0
1581,14155,False,0.000103028198968,0.0
1581,5211,False,6.140217642152266e-05,0.0
1582,2923,True,0.0001849285181385,0.7608674764633179
1582,19841,Answer: True,8.92811592407257e-05,0.8907318115234375
1582,19024,False,7.985549646889846e-05,0.8039612174034119
1583,10002,False,0.0001160489262823,0.777436375617981
1583,5941,False,0.0001160489262823,0.7728923559188843
1583,15144,False,0.0001373109413259,0.9098296165466309
1584,4046,False,7.92931906914819e-05,0.0
1584,1695,False,0.0001443375672974,0.0
1584,20535,False,0.0001443375672974,0.6858205795288086
1585,16029,False,0.0002015932378311,0.0
1587,1892,False,0.0001256148586042,0.0
1587,13660,False,8.65800865800866e-05,0.0
1587,19425,False,0.0049690399499995,0.0
1589,20790,False,4.807992372053072e-05,0.9293318390846252
1589,7435,False,3.747405819394305e-05,0.9178650379180908
1589,2645,Answer: False,5.042664941743856e-05,0.9238361716270447
1590,16049,False,0.0004561561455571,0.0
1590,15426,False,0.0004561561455571,0.8334369659423828
1590,16047,False,0.000515249100777,0.9081575274467468
1591,14746,False,0.0027777777777777,0.6281940937042236
1591,17447,Answer: True,0.0333911535560314,0.731904149055481
1591,3205,True,0.0157134840263677,0.6728041172027588
1592,16658,Answer: False,6.420395216766666e-05,0.9523316621780396
1592,267,Answer: False,0.0004059209172602,0.8801789879798889
1592,468,False,0.0004059209172602,0.5536666512489319
1593,20295,False,0.0005442584909902,0.0
1593,3836,False,0.0008641264122753,0.7291857600212097
1594,8486,False,4.296285412387037e-05,0.8217461705207825
1594,6413,False,0.0028644594961577,0.0
1594,2493,False,4.296285412387037e-05,0.8230193257331848
1597,20319,False,0.0004944923575807,0.700446367263794
1597,9820,False,0.0004944923575807,0.641436755657196
1597,19986,False,0.0004175713241793,0.6301093101501465
1598,11257,False,3.625491478596269e-05,0.0
1599,2118,False,0.0020277677641345,0.5411238670349121
1599,11715,False,8.337595860808845e-05,0.0
1599,21177,False,5.963055722983402e-05,0.0
1600,16617,False,7.764124921874269e-05,0.8502256870269775
1600,17179,False,4.668861755212475e-05,0.0
1600,6003,Answer: False,0.0001267876290521,0.8151132464408875
1602,16202,Answer: True,0.0001380288874999,0.7978172898292542
1602,19807,Answer: True,0.0001380288874999,0.865070104598999
1602,18111,False,0.000119536523031,0.7519922256469727
1603,17897,True,0.0001504482513162,0.799820601940155
1603,16650,False,0.0001504482513162,0.8001614809036255
1603,18509,Answer: False,0.0001198486069807,0.763324499130249
1604,12792,Answer: False,0.0021383343303319,0.0
1604,19581,False,8.291873963515754e-05,0.5484420657157898
1604,19568,False,7.507507507507507e-05,0.0
1605,18993,False,4.262068168671726e-05,0.0
1605,22054,False,5.832785077302889e-05,0.0
1605,15548,False,0.0001494035761667,0.0
1606,21068,False,0.0007081093779517,0.7576624155044556
1606,1361,False,0.0006555818949451,0.7182084918022156
1606,18687,Answer: True,0.0006372659274182,0.8225865364074707
1607,13172,False,0.0001672474663538,0.8292198777198792
1607,20671,False,0.0001672474663538,0.7897414565086365
1607,21226,False,0.0001548410659864,0.6559837460517883
1608,3271,False,0.0007491109582924,0.8547217845916748
1608,11490,Answer: False,0.0001393736683345,0.9185691475868225
1608,20488,False,8.460345887127398e-05,0.8544337749481201
1609,4415,False,0.0001433164917687,0.7016066312789917
1609,6227,False,0.0001433164917687,0.6567658185958862
1609,2509,Answer: True,3.697064079026148e-05,0.819794774055481
1610,10450,False,4.861872151204016e-05,0.861175537109375
1611,14617,False,0.0004032782654131,0.8785260915756226
1611,114,False,0.0004217585053015,0.6153728365898132
1611,12696,False,0.0004021309565011,0.8681615591049194
1612,16163,False,3.211705898925512e-05,0.0
1612,19559,False,0.000652689235107,0.0
1612,17694,False,0.000652689235107,0.0
1613,17218,False,0.0004066250303952,0.7830032110214233
1613,7732,False,5.476710788431383e-05,0.8301827907562256
1613,18743,False,0.0001113008966681,0.0
1614,16925,False,0.0003149703941743,0.0
1614,11350,True,3.434065934065934e-05,0.8813263177871704
1615,12973,False,0.0003136661633374,0.8728920221328735
1615,2381,False,5.507556594827068e-05,0.5595438480377197
1615,14880,False,9.054762191927224e-05,0.44955581426620483
1616,19019,False,2.470121789057124e-05,0.6494387984275818
1616,8850,False,0.0003845206497605,0.6723330020904541
1616,11838,Answer: False,2.066652161574932e-05,0.6380001306533813
1617,9512,Answer: False,0.0026802813370944,0.7206441164016724
1617,10981,False,0.0008094296915442,0.0
1617,11670,Answer: False,0.0005708975341727,0.7847311496734619
1618,17865,False,0.0001735146467617,0.0
1618,19800,False,0.0053269216194508,0.565221905708313
1618,6364,Answer: True,0.0002489087492806,0.8176132440567017
1619,18681,False,0.0006554594447342,0.0
1619,9585,False,0.0081932430591783,0.8756780624389648
1619,12452,False,0.0006554594447342,0.5354350805282593
1620,21685,False,0.0058925565098878,0.0
1620,7685,False,0.0001594719884624,0.6128011345863342
1620,21642,False,0.0002030307236343,0.5807775855064392
1621,5905,False,0.0003977471759926,0.0
1621,20924,False,0.0009742776278149,0.0
1621,16058,Answer: True,0.0002056290302881,0.932682991027832
1622,21509,False,3.244821923828587e-05,0.8821403384208679
1623,11984,False,2.422553409945478e-05,0.6956237554550171
1623,6592,True,0.0001612903225806,0.8057067394256592
1624,5013,Answer: False,0.0001292028485304,0.778765082359314
1625,15132,False,1.3342771493403882e-05,0.0
1625,20945,False,3.1335296689054574e-05,0.6846997737884521
1625,21465,False,1.3342771493403882e-05,0.6451165676116943
1626,13619,False,3.961740020189267e-05,0.9289701581001282
1626,10970,Answer: False,4.761418927616715e-05,0.7748192548751831
1626,9485,False,0.0028291858558219,0.0
1627,7402,False,2.2223447014830696e-05,0.6733441352844238
1627,12588,False,6.73162766761233e-05,0.0
1628,5631,False,0.0001821897030675,0.6377808451652527
1628,9673,False,0.0001083480215051,0.5994894504547119
1628,6288,False,6.533631529273512e-05,0.8450509905815125
1630,13530,Answer: False,0.0005102260072873,0.5426305532455444
1630,14811,False,0.0005102260072873,0.8913515210151672
1630,10852,Answer: False,0.0005102260072873,0.8923991322517395
1631,6787,False,0.0005691564806354,0.0
1631,15098,False,0.0002213386313582,0.8555759191513062
1631,19575,False,0.0006794707624925,0.0
1632,8603,False,4.994379491259738e-05,0.0
1632,12347,False,4.853664426356247e-05,0.7015087604522705
1632,15544,False,4.994379491259738e-05,0.0
1633,10455,False,3.79325113987322e-05,0.5189005732536316
1633,11883,False,0.0004467670516087,0.0
1633,1291,False,6.141454226461402e-05,0.5791494250297546
1634,1387,False,3.5710960741354265e-05,0.0
1634,14616,False,0.0001256297269074,0.0
1635,13865,False,0.0005705443307345,0.0
1635,20243,Answer: True,6.900655593423542e-05,0.7831953167915344
1635,7039,Answer: False,8.164965809277261e-05,0.6901034116744995
1636,19411,Answer: False,3.7672119196379446e-05,0.7438454627990723
1636,21441,False,0.0001154423509976,0.7475994825363159
1636,19201,False,5.1286610294487015e-05,0.7597305774688721
1637,16353,False,0.0008768404680152,0.754150390625
1637,18445,False,0.0014664711502135,0.0
1637,1270,False,0.0009470959511795,0.8103469014167786
1639,11111,False,0.0001330409644642,0.0
1639,1143,False,0.0001197368680178,0.0
1639,13933,False,0.0035861246109427,0.0
1640,7233,False,0.0001220943884886,0.0
1640,16333,False,6.281486345370075e-05,0.0
1640,11548,False,0.0004100013776069,0.7310866117477417
1641,15009,True,8.677218312746248e-05,0.7367994785308838
1641,13084,False,9.922778767136676e-05,0.7244207859039307
1641,5036,False,0.0037267799624996,0.7759130597114563
1642,11112,False,7.225229837223256e-05,0.49918338656425476
1642,9916,False,3.2155331565681445e-05,0.0
1642,9125,False,7.611064227099874e-05,0.5827230215072632
1643,4703,False,0.0025649458802128,0.6530121564865112
1643,4704,False,0.0001767457674932,0.6982865333557129
1643,10259,False,0.0033113308926626,0.7432900667190552
1644,703,False,0.0006478196586342,0.0
1644,8649,False,0.0003465834966066,0.0
1644,14956,False,0.0003914261602508,0.0
1645,20628,False,0.0007698003589195,0.5928802490234375
1645,21857,False,3.180993218675624e-05,0.0
1645,13975,False,0.0007698003589195,0.0
1646,18369,Answer: False,0.0009360978745613,0.8252135515213013
1646,14506,False,0.000620173672946,0.0
1646,16851,Answer: True,0.000293873145677,0.850508451461792
1647,18512,False,2.684960950587792e-05,0.732994794845581
1647,16392,Answer: False,2.684960950587792e-05,0.8113720417022705
1648,9543,Answer: False,0.0001157889123819,0.7668963074684143
1648,11305,False,3.8788325540895166e-05,0.6532818078994751
1648,16433,Answer: False,4.129332582918602e-05,0.6867060661315918
1649,1006,False,0.0012222530175967,0.8759652376174927
1649,18730,False,0.0011157592478608,0.8695666790008545
1649,14884,False,0.0011157592478608,0.8334288597106934
1650,9375,False,0.0001652190803579,0.8043352961540222
1650,11336,False,0.0001652190803579,0.7849441170692444
1650,21608,False,6.868028197434451e-05,0.8018859624862671
1651,11151,False,0.0016666666666666,0.0
1651,7858,False,0.0006636209990685,0.0
1651,13804,Answer: False,0.000139346873435,0.676188588142395
1652,21536,False,6.0999428133041867e-05,0.0
1652,20961,False,3.0893331210868184e-05,0.0
1652,14384,Answer: True,4.864938923373892e-05,0.7943993210792542
1653,13441,False,5.728763877116629e-05,0.0
1653,321,False,0.0001294852381808,0.0
1653,1649,Answer: False,9.760116235087591e-06,0.8904469013214111
1654,3803,False,0.0001189544699309,0.6214920282363892
1655,10361,False,0.0021658328664116,0.8555856347084045
1655,20775,False,4.005724585672334e-05,0.0
1655,5965,False,4.3266770581632766e-05,0.0
1656,14169,Answer: True,0.0094491118252306,0.7364019751548767
1657,16332,Answer: True,0.0003589420768782,0.8900102376937866
1657,17845,Answer: True,0.0002713347058562,0.804958164691925
1657,18463,False,0.0006810447066039,0.6930989623069763
1658,12304,False,0.0010707595557083,0.0
1658,17012,False,0.0010707595557083,0.0
1658,15846,False,0.0010707595557083,0.0
1660,15139,False,0.0001268978312711,0.9185658097267151
1660,11172,Answer: False,0.0001268978312711,0.8624435067176819
1660,13191,False,0.0001268978312711,0.8417671918869019
1661,21507,False,0.0001169655445925,0.8925254344940186
1661,18762,False,0.0001169655445925,0.9431114196777344
1661,4192,False,0.0002835673019882,0.0
1662,5224,False,0.0008035304331665,0.0
1662,20969,False,5.428833649785413e-05,0.41677016019821167
1662,17072,Answer: False,0.0003925464331383,0.7437860369682312
1663,10771,False,3.728644751189024e-05,0.7457086443901062
1664,21419,False,0.009938079899999,0.5681074261665344
1664,8408,False,8.007639729607692e-05,0.5914852619171143
1664,19959,False,0.0001388888888888,0.5679804682731628
1665,8682,False,0.0029462782549439,0.0
1665,3124,False,0.0001063146589749,0.0
1665,21354,False,5.195664053237914e-05,0.5795038342475891
1666,6194,False,3.7589485501044216e-05,0.7766292691230774
1666,18150,False,5.710710297274025e-05,0.7565295696258545
1666,14568,Answer: False,2.7270163997779747e-05,0.5854754447937012
1667,19322,False,0.0006838416165518,0.5912997722625732
1667,5911,False,0.0002018707234928,0.0
1667,12393,False,0.0001251095187643,0.6376417279243469
1668,21555,False,0.0001814885021601,0.6954465508460999
1668,3223,False,0.0004486515850484,0.545969545841217
1668,19552,False,0.0009829463743659,0.7682458162307739
1669,12072,False,0.0012909944487358,0.0
1669,4162,False,0.0011547005383792,0.0
1669,17126,False,0.0005660296756761,0.0
1670,15376,False,0.0001010515570455,0.0
1670,9222,False,0.0001077586206896,0.0
1671,15425,False,0.0027277236279499,0.7032964825630188
1671,15424,False,0.0047245559126153,0.7279455661773682
1671,20794,Answer: True,0.000367458371621,0.8443115949630737
1672,9027,False,0.0002066248013765,0.9058358669281006
1672,21024,False,0.0007369895179094,0.8145642280578613
1672,13999,False,0.0007369895179094,0.6633685827255249
1673,9296,Answer: False,7.509770230248173e-05,0.8694319128990173
1673,5564,False,0.0018751465015433,0.0
1673,6029,Answer: False,4.009231862161758e-05,0.8530721664428711
1674,17924,Answer: True,8.548020206898106e-05,0.8100705146789551
1674,19094,Answer: True,9.138217985552346e-05,0.8135432004928589
1674,5669,False,0.0002930749785222,0.0
1675,801,Answer: False,0.0005696202531645,0.0
1675,3226,False,0.0002754820936639,0.0
1675,19183,False,0.0002538103766138,0.0
1676,6463,False,0.0003602253121468,0.0
1676,21207,False,5.7843333913676015e-05,0.0
1678,4391,False,9.148744106584648e-05,0.0
1678,16947,False,0.0001022860686553,0.0
1678,19529,False,8.177798666446454e-05,0.0
1679,19130,False,5.2830986134111165e-05,0.0
1680,598,False,0.0001272075212194,0.0
1680,3218,False,6.833356293449051e-05,0.0
1680,18097,False,0.0010152415064552,0.0
1681,20776,False,0.0010194174607141,0.9207421541213989
1681,13295,False,0.0006917475626274,0.6066247224807739
1681,14014,record 1: Akaso Brave 4 4K30fps WiFi Sports Action Camera Underwater Camcorder EIS Remote Control AKASO2 12MP Akaso 6,0.0006917475626274,0.7070078253746033
1682,12600,False,0.0001242873904012,0.8586393594741821
1682,15079,False,0.0001741642318193,0.6629126667976379
1682,9222,False,0.0002303976223382,0.6056983470916748
1683,15474,False,0.0001785623184814,0.0
1683,15523,False,0.0007936507936507,0.7267210483551025
1683,744,False,0.0002868876552746,0.6970865726470947
1684,4727,False,0.0002750409841601,0.0
1684,17290,True,0.0001336573551009,0.6350314021110535
1684,17948,Answer: True,6.154140977034455e-05,0.844079852104187
1685,16545,False,0.0005308218153287,0.0
1685,5171,False,0.0001362089413207,0.0
1686,7272,False,0.0004877236458957,0.0
1686,20038,Answer: True,0.0001344008326426,0.8849717974662781
1686,3956,False,0.0001280007929929,0.8410117626190186
1687,3918,False,0.000595238095238,0.0
1687,18181,False,0.0001020356105608,0.0
1687,18897,False,0.0005939138709164,0.0
1688,7794,False,2.5073275591831523e-05,0.0
1688,16134,False,3.980259106186323e-05,0.0
1688,21929,False,4.160005878591661e-05,0.0
1689,5286,False,0.0002847050808452,0.0
1689,16370,False,0.0004626457563735,0.0
1689,292,Answer: False,1.7168362346753407e-05,0.8872435688972473
1690,13933,False,0.0028819444444444,0.7996478080749512
1690,4226,True,0.0060811984933679,0.8014964461326599
1690,3948,False,0.0028819444444444,0.774368166923523
1691,4296,False,0.0009720197391996,0.0
1691,11306,False,0.0009720197391996,0.0
1691,18884,False,0.0034020690871988,0.0
1692,17554,False,0.0010110294117647,0.5647784471511841
1692,21968,False,0.0010110294117647,0.609758734703064
1692,3212,False,0.000964395937263,0.0
1693,10447,False,0.0025031308716087,0.0
1693,17783,False,0.0001221039449565,0.640484094619751
1693,21426,False,0.0001221039449565,0.6609251499176025
1694,20397,Answer: False,3.37814550657858e-05,0.8712908625602722
1694,11026,False,0.0018310051053897,0.8813097476959229
1694,3793,True,3.37814550657858e-05,0.8213797807693481
1695,19379,False,0.0002590134729621,0.0
1695,17274,Answer: True,1.6316315135068642e-05,0.8982995748519897
1695,17542,False,0.0002590134729621,0.0
1696,10705,False,0.0028639064585952,0.0
1696,16756,False,0.0003059262909226,0.5555728673934937
1696,17996,False,0.0002861678415597,0.5517920255661011
1697,14857,False,2.144625190527612e-05,0.0
1697,8600,False,0.0004904082386137,0.0
1697,749,False,4.324994134230683e-05,0.0
1698,21131,False,0.0007900757718999,0.0
1698,17173,False,5.174046628572314e-05,0.8408625721931458
1698,20954,False,0.0006677359001791,0.0
1699,8125,True,2.2051952440826324e-05,0.0
1699,17103,Answer: True,1.7267564864140355e-05,0.8026213049888611
1699,17936,Answer: True,1.1631005426320884e-05,0.7280234098434448
1700,13659,True,2.31482672239031e-05,0.7812197208404541
1700,2185,False,0.0002854952957614,0.0
1700,18941,False,0.0002854952957614,0.0
1701,18549,Answer: True,1.783036057357293e-05,0.8713272213935852
1702,2176,False,3.1057578094348024e-05,0.0
1702,20705,False,0.0008820935400416,0.0
1703,15081,False,0.0014153462926807,0.0
1703,17701,Answer: True,0.0138287658361336,0.8271292448043823
1703,19287,False,0.001513068831672,0.0
1704,19106,False,0.0001927644808189,0.0
1704,16231,False,8.565663198231921e-05,0.9158557653427124
1704,16224,False,3.764616262105213e-05,0.6871006488800049
1705,12728,False,0.0033671751485073,0.884825587272644
1705,14645,False,0.0262445329583911,0.9738835692405701
1705,4677,False,0.0033671751485073,0.8986506462097168
1706,14857,False,2.272138013339732e-05,0.0
1706,8600,False,0.0005195664053237,0.0
1706,17026,Answer: True,4.795268016525132e-05,0.82638019323349
1707,3836,False,0.0031497039417435,0.0
1707,20080,False,0.0066815310478106,0.7993770837783813
1707,8629,False,0.0001549047734838,0.0
1708,16226,Answer: True,9.455597888338715e-05,0.8538172245025635
1708,3483,False,0.0002250882518955,0.0
1708,13440,False,0.0001949321442349,0.0
1709,16586,False,0.0005725983343138,0.0
1709,16307,False,0.0009543305571897,0.0
1709,18038,False,0.0002177951556205,0.7478774785995483
1710,7272,False,0.0004666228061842,0.0
1710,20038,False,0.0001285861249684,0.7705087065696716
1710,3956,Answer: True,0.0001224629761603,0.7644690871238708
1711,1816,False,3.2345694985532336e-05,0.0
1711,1410,False,0.0013723116159876,0.0
1711,17615,False,6.263716900023572e-05,0.7301038503646851
1712,510,False,0.0008417937871268,0.0
1712,5722,False,0.0012859268531763,0.8984490633010864
1712,18007,False,0.0001050420168067,0.8348668217658997
1713,17122,False,0.003143864594463,0.8804523944854736
1713,21093,Answer: True,0.00729613858715,0.8636186718940735
1713,10296,False,0.0009746477589434,0.0
1714,85,False,0.0009226271578792,0.0
1714,18512,Answer: True,3.438729364011667e-05,0.8640707731246948
1715,20204,False,0.0001495344761272,0.0
1715,20814,False,0.0001235316548036,0.0
1715,20591,True,0.0003857583749052,0.8896288871765137
1716,1910,False,0.0001166252331938,0.0
1716,1633,False,4.834242707690037e-05,0.0
1716,17396,Answer: True,0.0002089874427397,0.8549888134002686
1717,11680,False,0.0015748519708717,0.0
1717,9250,False,0.0026726124191242,0.0
1717,17261,Answer: False,0.0160634901028921,0.7909220457077026
1718,12856,"Answer: False, although both records refer to the same product model (Kodak ESP 3250 All-in-One), record 1 includes a ""Value Bundle"" which suggests additional items may be included in that bundle",7.430806951575705e-05,0.7527017593383789
1718,9760,False,2.098497302149428e-05,0.0
1718,8845,Answer: False,3.5305778053602295e-05,0.8700875639915466
1720,20799,Answer: False,0.001107192427887,0.850458025932312
1720,17318,Answer: False,4.994409390472752e-05,0.49067941308021545
1720,20522,Answer: True,0.0027708044015279,0.8982851505279541
1721,19162,False,8.95801329225254e-05,0.0
1721,17766,False,0.0003120606372106,0.6492187976837158
1722,3679,Answer: True,0.0001472832319361,0.8200209140777588
1722,17707,True,0.0001472832319361,0.7659116983413696
1722,16213,Answer: False,9.129576642734956e-05,0.7744186520576477
1723,17437,False,9.613536036185493e-05,0.7436580657958984
1723,17766,False,0.0003640707434124,0.6923545598983765
1724,19265,False,0.0005325080420189,0.0
1724,12429,False,0.000243583858252,0.0
1724,16568,False,0.0006735753140545,0.0
1725,9399,Answer: False,5.292751011755261e-05,0.8032766580581665
1725,21637,Answer: True,2.80292166256335e-05,0.7776052951812744
1725,9398,True,4.856961430223966e-05,0.7884190082550049
1726,16331,True,0.0005270462766947,0.9279849529266357
1726,18662,False,0.0026082026547865,0.473320335149765
1726,18463,Answer: True,0.0010101525445522,0.9395157694816589
1727,14918,Answer: True,5.648279890825246e-05,0.8711079359054565
1727,11772,False,0.003494282789073,0.0
1728,8737,False,0.0008333333333333,0.0
1728,5914,False,0.0008333333333333,0.0
1728,12125,Answer: True,0.000130033844412,0.9549343585968018
1729,12866,False,0.000836798351744,0.9327044486999512
1729,14765,False,0.0002282177322938,0.9108208417892456
1729,10806,False,0.0002551551815399,0.928466260433197
1730,7135,False,0.0009407208683835,0.0
1730,3672,False,0.0010862508931871,0.0
1730,11983,False,0.0013303802104754,0.0
1731,21828,False,0.0006520506636966,0.5977818965911865
1731,21959,False,0.0072168783648703,0.0
1731,12555,False,0.0008417937871268,0.7274007797241211
1732,8033,False,0.0022541740866685,0.0
1732,5721,False,9.465076478097336e-05,0.8290437459945679
1732,5720,Answer: True,9.465076478097336e-05,0.898128867149353
1733,22069,Answer: False,9.660253228232398e-05,0.6504668593406677
1733,14403,False,8.196996678794838e-05,0.5614360570907593
1733,21812,Answer: False,0.0010626278551055,0.7428098917007446
1734,9491,False,0.0001997158068926,0.0
1735,2399,False,0.0008838834764831,0.0
1735,13763,False,0.000842749828079,0.0
1735,20154,False,0.0010758287072798,0.532770037651062
1736,22038,False,0.0001444753360388,0.0
1736,657,False,1.5020501956552089e-05,0.0
1737,12279,False,7.311172248038948e-05,0.8250519037246704
1737,13962,Answer: False,3.698629559530953e-05,0.6472460627555847
1737,21662,False,3.3694967751831673e-05,0.8647075891494751
1738,20132,False,5.666345393990649e-05,0.8080015182495117
1738,12859,False,4.0067112526359474e-05,0.812912106513977
1738,5970,False,0.0001856940575327,0.6120253801345825
1739,1663,False,0.0001954591525359,0.8633617758750916
1739,14092,False,0.0002089546233996,0.881933331489563
1739,5607,False,0.0001954591525359,0.857516348361969
1740,13024,False,4.069812949623133e-05,0.7729803323745728
1740,7975,False,4.395900402921663e-05,0.7784293293952942
1740,17377,False,4.223444494985307e-05,0.7133615612983704
1741,8736,False,0.0111803398874989,0.8513468503952026
1741,2751,False,0.0158113883008418,0.8681066036224365
1741,17502,False,0.0002244783432338,0.8188707828521729
1742,1604,False,0.0011530837955851,0.788809597492218
1742,16989,Answer: False,0.0008630315619002,0.7811949849128723
1742,15527,Answer: True,4.719703854142008e-05,0.9636176228523254
1743,20044,False,9.245003270420483e-05,0.0
1743,16587,False,0.000188712839024,0.0
1743,21214,False,0.0001004101091174,0.0
1744,215,False,0.0016666666666666,0.0
1744,6915,False,0.0004009376869372,0.0
1744,18159,Answer: False,0.0001490711984999,0.0
1745,16721,False,0.0009000672113683,0.8694331645965576
1745,17211,False,0.0009000672113683,0.835908055305481
1745,17212,False,0.0009000672113683,0.8696177005767822
1746,12800,False,0.0001172018077346,0.0
1746,5856,False,0.0001637945057377,0.48225104808807373
1747,5944,False,5.304091227378825e-05,0.0
1747,15436,False,0.0004500670649893,0.0
1747,14479,False,7.77933380015561e-05,0.0
1748,15907,False,0.0002886150127292,0.7350241541862488
1748,17507,False,0.0022821773229381,0.8289533853530884
1748,9406,False,0.0055901699437494,0.0
1749,11112,False,7.200943281658517e-05,0.0
1749,9125,False,7.58548074554667e-05,0.5441395044326782
1750,9512,False,0.0013578136164839,0.0
1750,19725,False,5.387258594960439e-05,0.7859118580818176
1750,15444,False,0.0016629752630943,0.0
1751,20117,False,9.278370237815069e-05,0.9269126057624817
1751,4201,False,4.032644929539393e-05,0.6751008033752441
1751,5259,Answer: False,2.9591523720637728e-05,0.6687000393867493
1752,19916,"False, as the two records describe different products",0.0001420821540563,0.0
1752,12282,Answer: True,8.743517172698378e-05,0.0
1752,4260,False,6.314762402504385e-06,0.0
1753,456,False,0.0003073213263371,0.0
1753,16220,Answer: True,2.1955084652597705e-05,0.8668384552001953
1753,2020,False,3.5846687457212286e-05,0.0
1754,16660,False,0.0006666666666666,0.6498885154724121
1754,14624,False,0.000942809041582,0.5831953287124634
1754,21971,False,0.000942809041582,0.6281278729438782
1755,20941,Answer: True,0.0019211159689408,0.7948740720748901
1755,13773,True,2.24598908643763e-05,0.7939714193344116
1755,9870,Answer: False,2.781159715623797e-05,0.7747104167938232
1756,14401,False,0.0019770625938952,0.8023877739906311
1756,4403,False,0.0019770625938952,0.7906084656715393
1756,20354,False,0.001855036554367,0.836867094039917
1757,19949,False,0.0001675890830288,0.7189291715621948
1757,20342,False,1.709604041379621e-05,0.8443694114685059
1757,18823,False,0.0001675890830288,0.7143160700798035
1758,13845,False,0.0353553390593273,0.751918375492096
1758,11053,False,0.0001511857892036,0.6047638058662415
1759,15769,False,6.385696040868455e-05,0.0
1759,19114,False,0.0001467460836574,0.0
1759,4068,False,8.590066797087282e-05,0.0
1760,18297,False,0.0038503868169055,0.6325052976608276
1760,16579,False,0.0002033335287595,0.5247909426689148
1760,18398,Answer: False,8.998629433139167e-05,0.6825543642044067
1761,4576,False,5.869011534444438e-05,0.9137861728668213
1761,21432,False,0.0004328396006652,0.967195987701416
1761,12647,Answer: False,3.987208184148703e-05,0.9893802404403687
1762,5368,False,6.0436477024491246e-05,0.6389177441596985
1762,3417,False,0.0001115882409972,0.6570338010787964
1762,16029,False,0.0001398832629717,0.8777995109558105
1763,19196,False,0.0015214515486254,0.6738916635513306
1763,5099,False,0.0018633899812498,0.6256142854690552
1763,21258,False,0.0002213386313582,0.6088883280754089
1764,9560,False,0.0005972731032093,0.0
1764,20871,False,3.519465512497323e-05,0.0
1764,14536,False,1.826383945173881e-05,0.0
1765,21412,False,0.0001294780744596,0.0
1765,14204,False,0.0001294780744596,0.5847936868667603
1765,2290,False,9.155482446539564e-05,0.0
1766,5888,Answer: False,0.0002722714309065,0.8226429224014282
1766,14652,False,0.0016989210449404,0.0
1766,19825,False,0.0003515009058497,0.0
1767,19523,False,9.008372939876846e-05,0.0
1767,12192,False,0.0001384988414689,0.0
1767,7115,False,2.5464558791438945e-05,0.0
1768,7202,False,0.001556997888323,0.0
1768,7940,False,0.0001906925178491,0.9222327470779419
1768,15860,False,0.0001906925178491,0.9043831825256348
1769,20507,False,7.749842582921286e-05,0.0
1770,665,False,3.4997430582966435e-05,0.6411842703819275
1770,14998,False,3.4997430582966435e-05,0.0
1771,21207,False,2.521332470871928e-05,0.7528268694877625
1771,235,Answer: True,1.7361111111111108e-05,0.7223950624465942
1772,2222,False,6.952368276065337e-05,0.6895664930343628
1772,21757,False,0.0001609152756662,0.0
1772,8190,False,3.141440480296189e-05,0.6882337331771851
1773,5150,False,0.0014506471329641,0.0
1773,1938,False,0.0012662286273293,0.48830679059028625
1773,14013,False,0.001884445903611,0.0
1774,18402,Answer: False,0.0006222820791933,0.9140012264251709
1774,17453,Answer: False,0.0006222820791933,0.8873428106307983
1774,16872,Answer: False,0.0004500967479858,0.6754897236824036
1775,4609,False,3.8336614917635854e-05,0.0
1775,10845,False,0.0002469399279335,0.0
1776,15490,False,7.232461897679584e-05,0.6122543811798096
1776,13179,Answer: False,6.235509534272907e-05,0.8180325031280518
1776,16437,Answer: False,5.772960059153237e-05,0.8130122423171997
1777,678,False,0.0009369146112448,0.0
1777,16810,False,5.2375118996405536e-05,0.0
1777,5074,False,0.0015299751534052,0.0
1778,16925,False,0.0003438070820862,0.0
1778,16343,False,0.0002005123621586,0.0
1779,14209,False,8.068148032882669e-05,0.0
1779,9712,False,6.512777300493795e-05,0.8751653432846069
1779,18708,False,0.0002367144057294,0.622434675693512
1780,18897,False,0.000578073313016,0.0
1780,7342,False,0.011470786693528,0.0
1781,13379,False,0.00014813595639,0.0
1781,827,False,6.480948092065158e-05,0.7213282585144043
1781,4397,False,4.677221406947263e-05,0.824043869972229
1782,17011,False,0.0003426265279292,0.5325756669044495
1782,10194,False,0.0028109134757052,0.5683304071426392
1782,14112,False,0.0025515518153991,0.7392751574516296
1783,20308,False,0.0005136112928011,0.0
1783,13170,False,0.0002505880055162,0.5546553134918213
1783,6385,False,0.0004193618644979,0.478515088558197
1784,11403,False,3.9882452986476666e-05,0.8438167572021484
1784,13006,False,0.000837531512716,0.0
1786,2223,False,0.0009365858115816,0.5516517162322998
1786,16189,False,0.0005399886063606,0.0
1786,15078,False,0.0020519567041703,0.4962524175643921
1787,4775,False,0.0003315988181733,0.5580273866653442
1787,21074,False,0.0003828973338706,0.0
1788,14929,False,4.889924687055286e-05,0.0
1788,5926,False,0.000362033796998,0.0
1788,4539,False,0.0004103049699311,0.590998649597168
1789,5744,Answer: False,0.0001934272160288,0.8355470895767212
1789,11778,True,0.0118096027073914,0.9131417274475098
1789,18846,Answer: False,0.0038311831237425,0.641498863697052
1790,17865,False,0.0001631460309267,0.0
1790,19800,Answer: True,0.0050086038008323,0.8764551877975464
1791,16560,Answer: True,0.0002556549962824,0.8666235208511353
1791,16870,True,0.0002556549962824,0.8436129689216614
1791,19538,Answer: True,0.0003443340600296,0.8766987323760986
1792,9961,False,0.0003308251217113,0.6046066880226135
1792,10466,False,0.0003941625809107,0.8555591106414795
1792,8494,True,0.0003163131821087,0.8648820519447327
1793,17338,False,0.0001084249278377,0.0
1793,16295,False,0.0002933850988551,0.5203805565834045
1794,20276,False,0.0008325207214059,0.8029575347900391
1794,10194,False,0.0011475506210984,0.7458932995796204
1794,21638,False,0.0008325207214059,0.7903209328651428
1796,6590,False,6.032947816153742e-06,0.8716995716094971
1796,20076,False,3.147030102056127e-05,0.7837831974029541
1796,16166,False,5.408063871366302e-05,0.0
1797,13875,False,0.0001546395039635,0.5945149064064026
1797,3012,False,0.0001683501683501,0.0
1797,6004,Answer: False,0.0008298826628866,0.8129928708076477
1798,18842,False,0.0006364909472854,0.0
1798,16612,False,0.0006364909472854,0.0
1798,16390,False,0.0006364909472854,0.0
1799,12150,False,7.736115606043307e-05,0.0
1799,4389,False,0.0001496154587901,0.0
1799,10454,False,0.0006408018628803,0.0
1800,19524,False,0.0005828155051501,0.6409808397293091
1800,18534,False,6.143414839787379e-05,0.7879388332366943
1800,255,Answer: False,5.857516219953472e-05,0.6950826644897461
1801,14147,False,0.0012726725805353,0.43736031651496887
1801,17653,False,0.0002823462196578,0.0
1801,12682,False,0.0023809523809523,0.0
1802,14924,False,2.0280186135296933e-05,0.9199977517127991
1802,15678,False,1.434025713999386e-05,0.9021924734115601
1803,6872,Answer: False,0.0001731888017745,0.84821617603302
1803,6081,False,0.0011111111111111,0.0
1803,8820,False,0.0001069167165165,0.0
1804,17011,False,7.965904968554336e-05,0.5149278044700623
1804,7948,False,7.146431252234097e-05,0.7588163614273071
1805,11592,Answer: False,1.6964945431412373e-05,0.9120351672172546
1805,9610,False,1.6964945431412373e-05,0.8502072095870972
1805,9612,False,1.6964945431412373e-05,0.862406849861145
1806,7161,False,0.0001170347345096,0.9165521264076233
1806,16932,False,0.0071281447541309,0.943446159362793
1806,3181,False,0.0001170347345096,0.6619670391082764
1807,11451,False,7.620251471960225e-05,0.7324033975601196
1807,9475,False,0.00078125,0.8135141730308533
1807,1484,False,0.00078125,0.705528736114502
1808,19188,False,0.0004815713303308,0.8147839903831482
1808,20870,False,0.0013390588919669,0.7076573371887207
1808,9809,False,0.0002279472055172,0.0
1810,20699,False,0.0001353389395853,0.8714512586593628
1810,21438,False,7.95285524162832e-05,0.9080187082290649
1810,6172,False,7.95285524162832e-05,0.941922664642334
1811,16260,Answer: False,4.891159880445185e-05,0.836949348449707
1811,9844,False,0.0001459855570202,0.0
1811,1421,False,0.0001576824234601,0.0
1812,12845,False,0.000155933580951,0.0
1813,13241,False,0.001102434659256,0.8141887784004211
1813,1607,False,0.0003334000200066,0.9928297400474548
1813,3253,False,0.0003334000200066,0.9192632436752319
1814,15578,False,7.1045953573163e-05,0.0
1814,7811,Answer: False,5.944130940166126e-05,0.0
1815,17249,Answer: True,0.0001496590162334,0.8375536799430847
1815,16666,Answer: True,0.0001557700428033,0.8573405742645264
1815,16978,Answer: True,0.0001557700428033,0.8487216234207153
1817,16480,False,0.0002736455475466,0.6906672716140747
1818,20833,False,0.0001224960483412,0.0
1818,14115,False,4.038563392493921e-05,0.0
1818,19417,False,0.0018738292224896,0.0
1819,7618,False,0.003125,0.0
1819,8011,False,0.0003968253968253,0.3305918276309967
1819,16767,False,0.0001736111111111,0.6601477265357971
1820,4224,False,0.0034020690871988,0.0
1820,14013,False,0.0036084391824351,0.0
1820,851,False,0.0204124145231931,0.6321253180503845
1821,10711,False,0.0001496710850223,0.8172036409378052
1821,1024,False,0.0010623584913245,0.7753782272338867
1821,20426,False,0.0016495477738644,0.634596049785614
1822,8546,True,4.631166459915979e-05,0.7422268390655518
1822,3684,False,0.0001050249834264,0.771021842956543
1822,16496,False,4.3935102710140135e-05,0.7489334344863892
1823,415,False,0.0004303314829119,0.0
1823,724,False,0.0002404374169354,0.0
1823,9637,False,0.0017251638983558,0.0
1824,8307,False,1.021131419574733e-05,0.6831768155097961
1824,20920,False,0.0001282645940206,0.0
1824,15224,False,0.0001468447324823,0.9372190833091736
1825,15665,Answer: False,0.0001843067791213,0.7799940705299377
1825,22020,False,0.0001843067791213,0.7258889675140381
1825,16112,False,0.0002128191370784,0.8569715023040771
1826,13185,False,0.0005276221788261,0.4468478262424469
1826,9637,False,0.0008928571428571,0.0
1827,2578,Answer: False,0.0005568000551394,0.865993857383728
1827,6532,False,0.0005568000551394,0.8430651426315308
1827,12583,False,0.0004478897786835,0.8532519936561584
1828,7806,False,0.0005595067771787,0.0
1829,19955,False,0.0002182428336995,0.6493849754333496
1829,20758,False,0.0002182428336995,0.6902838945388794
1829,19353,Answer: False,8.801071176671126e-05,0.8540250062942505
1830,10607,False,0.0016666666666666,0.0
1830,7234,False,0.0001862420223192,0.5950056314468384
1830,16782,False,0.0013608276348795,0.0
1831,10754,Answer: True,3.894855955310974e-05,0.8964513540267944
1832,7784,False,0.0029012942659282,0.0
1832,432,False,0.0319458448421678,0.9754549264907837
1832,13396,False,0.0001498221916584,0.8277167081832886
1833,5542,False,0.0001556477263001,0.9863235950469971
1833,12703,False,0.0001906287545298,0.0
1833,9342,Answer: True,0.0001556477263001,0.9724981188774109
1834,16331,Answer: False,0.0003475240234284,0.9290453195571899
1834,18662,False,0.0017197979012252,0.48038238286972046
1834,18463,Answer: False,0.0006660748630287,0.9365869760513306
1835,1934,True,0.0004236071398127,0.7972443103790283
1835,5151,Answer: True,0.0002841643081126,0.8804910182952881
1835,21720,False,0.0004236071398127,0.81159508228302
1836,15459,False,0.0003320079470373,0.6433719396591187
1836,13462,False,0.0003320079470373,0.658386766910553
1836,9485,True,0.0051505837183394,0.7430809140205383
1837,1216,False,0.0002032067059189,0.0
1837,13677,Answer: False,0.0001794224999559,0.9322655200958252
1837,8645,False,0.0002032067059189,0.0
1838,18323,False,0.0014937023831607,0.0
1839,11384,False,0.0002999718039755,0.0
1839,13381,False,0.0002999718039755,0.0
1839,17847,False,0.0002597832026618,0.0
1840,6855,False,0.0079056941504209,0.0
1840,4015,False,0.0008606629658238,0.0
1840,15078,False,0.002,0.57391756772995
1841,2326,True,0.0009820927516479,0.9214234352111816
1841,1999,False,0.0005249506569572,0.0
1841,18623,False,0.0004910463758239,0.97479248046875
1842,19694,False,3.9727495023191554e-05,0.8206548690795898
1843,15420,Answer: False,0.0012920364135854,0.7294721007347107
1843,9691,False,2.425883437848066e-05,0.0
1843,4900,False,7.110224990020022e-05,0.8716576099395752
1844,1600,False,5.071505162084872e-05,0.6803281307220459
1844,14077,False,5.071505162084872e-05,0.7318806648254395
1844,1589,Answer: False,5.071505162084872e-05,0.7082400321960449
1845,185,Answer: True,7.355482788541985e-05,0.7784853577613831
1845,20777,False,0.0006589508628777,0.0
1846,1078,False,0.0009853292781642,0.0
1846,15547,True,0.0001031433316293,0.8151601552963257
1846,11690,False,0.0013934660285832,0.0
1847,18413,False,4.575387003743752e-05,0.7221613526344299
1847,16486,False,5.5285926295237e-05,0.7298659086227417
1847,19546,Answer: False,5.046891490744888e-05,0.7220777273178101
1849,5135,False,4.0126194689023165e-05,0.0
1849,18331,False,0.0005891329277445,0.0
1849,10149,False,0.000137464349807,0.0
1850,16535,False,0.0003484722489928,0.0
1850,16839,False,0.0003484722489928,0.0
1850,17488,Answer: False,2.1352770293046824e-05,0.8299506306648254
1851,5323,False,0.0003574941400487,0.7353124618530273
1851,13348,False,7.50581339275334e-05,0.9634195566177368
1851,843,Answer: False,0.0001007010538357,0.7213195562362671
1852,15005,False,6.956532259414018e-05,0.0
1852,20529,False,0.0016462159944159,0.0
1853,15709,False,0.0004797059727833,0.0
1853,3212,False,0.0004797059727833,0.0
1853,15096,False,6.267568920577895e-05,0.0
1854,21674,False,0.0001000770890492,0.0
1854,17691,False,0.0001000770890492,0.0
1854,10030,False,4.4946657497549474e-05,0.8891928791999817
1855,19732,False,0.0004822428221704,0.0
1855,21805,False,0.0004822428221704,0.0
1855,12474,Answer: True,0.0009887921042262,0.7197134494781494
1856,18295,False,3.401360544217687e-05,0.6908612847328186
1857,18891,False,0.0040824829046386,0.0
1857,22001,False,0.0030429030972509,0.0
1857,11102,False,0.0034020690871988,0.0
1858,21268,False,6.425482693964913e-05,0.7845057845115662
1858,3720,False,0.0001433376908653,0.0
1858,13518,False,6.425482693964913e-05,0.789179801940918
1859,5150,False,0.0019641855032959,0.0
1859,1938,False,0.0017144816662454,0.0
1859,14013,False,0.0025515518153991,0.0
1860,10167,False,0.0022680460581325,0.5632588267326355
1860,5560,Answer: True,0.0003472222222222,0.9606952667236328
1860,15507,False,0.0003472222222222,0.8588285446166992
1861,5033,False,9.808825321474132e-05,0.0
1861,18357,Answer: True,1.560665619451148e-05,0.8052970767021179
1861,6180,False,0.0007163353188265,0.0
1862,15434,Answer: True,0.0115470053837925,0.8583338260650635
1862,1835,False,0.0002797665259435,0.0
1862,1836,False,0.0003205128205128,0.0
1863,21325,True,0.0013472193585307,0.9146814346313477
1863,14727,False,0.0013472193585307,0.8865761160850525
1863,8814,record 1: Lenovo IdeaPad Y740-15ISK 15,0.0054297022631693,0.8347519040107727
1864,21852,Answer: False,3.57162788658186e-05,0.776699423789978
1864,21612,False,0.0002960440627963,0.7949862480163574
1864,15352,False,4.6109517745271794e-05,0.7972532510757446
1865,11112,False,7.200943281658517e-05,0.0
1865,3801,False,0.0003218246924241,0.6381168961524963
1865,9125,False,7.58548074554667e-05,0.5337506532669067
1866,14181,False,0.0015609763526361,0.0
1866,14359,False,0.0002463846519362,0.9095375537872314
1866,15160,False,0.0011037769642208,0.47016167640686035
1867,7015,Answer: False,3.034013537991573e-05,0.8707238435745239
1868,4494,True,7.782386315007301e-05,0.8676894307136536
1868,20621,False,0.0038125750905973,0.0
1868,18654,False,0.0005391795400688,0.5684610605239868
1869,14473,False,0.0012264814199284,0.664088249206543
1869,20372,False,0.0012264814199284,0.7043464183807373
1869,15515,False,0.0012264814199284,0.8354936838150024
1870,4814,False,0.0001290219478037,0.7895669341087341
1871,14876,False,0.0032360643471754,0.9118242859840393
1871,15804,False,7.240698716651862e-05,0.0
1871,12973,False,0.0002915910450452,0.0
1872,6324,False,8.973031700969425e-05,0.7563979029655457
1872,12366,Answer: False,8.621010001864528e-05,0.750885009765625
1873,11670,False,0.000410830948923,0.7331005334854126
1873,1415,False,0.000944911182523,0.741740882396698
1873,15360,False,2.6030611088789752e-05,0.6213610172271729
1874,14194,False,0.000461069445977,0.0
1874,21824,False,0.0010038976698947,0.0
1874,5885,False,0.0018257418583505,0.0
1875,13072,False,0.0003603749850782,0.5417493581771851
1875,19484,False,0.0031203491173472,0.5470708608627319
1875,9386,False,0.0001918626104822,0.7601958513259888
1876,19453,False,0.0005637942481327,0.0
1876,15941,False,0.0005637942481327,0.6095216870307922
1876,15262,False,0.0005333655732934,0.0
1877,6598,False,0.0001113257230701,0.7930002808570862
1877,2927,Answer: False,0.0058925565098878,0.7140700221061707
1877,946,False,0.0010143010324169,0.7242196798324585
1878,14233,False,0.000123560412643,0.47700005769729614
1878,3233,False,0.0001821263484491,0.637312114238739
1879,13401,False,0.0001380436163045,0.0
1879,8098,False,2.7378857016276665e-05,0.6487637758255005
1879,19719,False,3.871955091469223e-05,0.6970007419586182
1881,4006,False,0.0011185934253567,0.613100528717041
1881,193,False,0.0005955501149819,0.0
1881,13703,False,0.0003161518986641,0.0
1882,5842,False,0.0018921303348347,0.9496805667877197
1882,10854,True,0.0018921303348347,0.9698283076286316
1882,18800,False,0.0029172998299578,0.0
1883,19123,False,0.0824957911384305,0.7200261950492859
1883,18640,Answer: False,0.0009338863578008,0.42245322465896606
1884,17578,False,0.0001254532691195,0.768114447593689
1884,16980,False,0.0001224298544854,0.7819712162017822
1884,20018,False,0.0001755261382796,0.0
1885,12306,False,0.0005124500385567,0.7483723163604736
1885,2010,Answer: False,0.0016571076638925,0.7684841752052307
1885,5956,False,0.0005124500385567,0.0
1886,8317,False,0.0004529805083283,0.8074251413345337
1886,21417,False,0.0007856742013183,0.7773972749710083
1886,17807,False,0.0007856742013183,0.8589533567428589
1887,2991,False,0.0006280742930213,0.0
1887,15667,False,2.9307485265693974e-05,0.8791756629943848
1887,3716,Answer: True,2.9307485265693974e-05,0.9172403216362
1888,6729,False,0.0015504341823651,0.9335299730300903
1888,6730,Answer: False,8.437737046884929e-05,0.7804932594299316
1888,9698,False,0.0012659242088545,0.0
1889,20029,Answer: False,0.0084515425472851,0.0
1889,17501,False,0.0006099375455928,0.0
1889,14422,False,0.0006551780229511,0.0
1890,12870,False,3.5557704886232634e-05,0.0
1890,891,False,3.5557704886232634e-05,0.0
1890,13983,False,3.367175148507369e-05,0.0
1891,3329,False,3.2001024049154616e-05,0.8485642671585083
1891,9475,False,0.000264583597917,0.0
1891,15304,Answer: False,7.281561977526472e-05,0.9248061776161194
1892,13777,False,0.0016603707293774,0.8588306903839111
1892,7832,False,0.0004067417053031,0.6422338485717773
1893,11120,False,0.0001030982623552,0.9415861964225769
1893,13147,False,9.720197391996736e-05,0.8598415851593018
1893,20464,False,0.0019641855032959,0.0
1894,14802,False,0.0014860849408292,0.6800905466079712
1894,19296,False,0.0060388108487711,0.6724245548248291
1894,10846,False,0.0018871283902409,0.0
1895,22001,Answer: False,0.0008649988268461,0.8070956468582153
1895,17883,True,0.0001443001443001,0.6863595843315125
1895,9684,Answer: False,6.593850604382494e-05,0.7892236709594727
1896,3296,False,0.000110425804874,0.0
1896,6241,False,6.651500797115504e-05,0.0
1896,4266,False,0.0001794224999559,0.0
1897,5422,Answer: False,9.665125008878073e-06,0.8784037828445435
1897,11444,False,2.180746311052388e-05,0.8814184665679932
1898,14016,False,7.315296783253604e-05,0.7349257469177246
1898,10123,False,2.311806607156886e-05,0.8846491575241089
1898,20290,False,0.0001328031788149,0.728584885597229
1899,13048,False,0.0001778920167412,0.0
1899,5458,False,4.8323097223018445e-05,0.8682687282562256
1899,1067,False,0.0001778920167412,0.0
1900,6078,False,0.0009527699174583,0.0
1900,3903,False,0.0006237343238042,0.0
1900,4749,False,5.292561240249632e-05,0.0
1901,8929,False,4.438530344094229e-05,0.79207843542099
1901,10882,Answer: True,4.438530344094229e-05,0.9786244034767151
1901,14235,False,4.6786217837028833e-05,0.0
1902,1808,False,6.219925506438435e-05,0.0
1903,783,False,0.0002196026152894,0.0
1903,12114,False,0.0002196026152894,0.0
1903,10674,False,0.0002455231879119,0.8426201939582825
1904,14284,False,0.0001336458956457,0.5660893321037292
1904,4299,Answer: False,0.0001237320564409,0.6227776408195496
1904,4300,False,0.0001035216656249,0.5657819509506226
1905,16186,False,6.752704007538948e-05,0.0
1905,21501,False,3.8012785469800063e-05,0.9505763649940491
1905,11801,False,3.663003663003663e-05,0.9488224983215332
1906,12367,False,0.0001253629024074,0.6509624123573303
1906,6324,False,9.574749827023768e-05,0.7270649075508118
1906,12366,False,9.19912207768136e-05,0.6537008881568909
1907,10481,False,0.0001048681336271,0.9911827445030212
1907,14421,False,4.5477289786944256e-05,0.9255675077438354
1907,12500,False,9.887062455755198e-05,0.9683676362037659
1908,18097,False,0.0006603573764586,0.0
1908,20111,Answer: True,0.000836242010007,0.8906503319740295
1908,8694,Answer: False,0.000168168198499,0.8936247825622559
1909,3306,False,3.245867173145795e-05,0.8462995290756226
1909,11284,False,7.170869429544806e-05,0.8493747115135193
1909,21481,False,8.02498514648802e-05,0.7019426226615906
1910,14093,False,3.5304317059422485e-05,0.0
1910,17758,False,0.000567806853285,0.0
1910,9558,False,0.0010125052782217,0.7989535331726074
1911,19275,False,0.0003908875248501,0.0
1911,608,False,8.643026209599867e-05,0.0
1911,2927,Answer: False,0.0014362124740535,0.0
1912,638,False,0.018095238095238,0.0
1912,20463,Answer is False,0.0012371160317086,0.0
1912,11421,False,0.0001428498547851,0.6496844291687012
1913,13570,False,0.0001540929000413,0.0
1913,21590,False,0.0008833315666719,0.0
1913,16029,False,0.0001540929000413,0.0
1915,8273,False,8.611989897879969e-05,0.0
1915,1040,False,9.944269371598676e-05,0.7027300596237183
1915,3421,True,3.5204284706684495e-05,0.7701581120491028
1916,17737,False,0.0003746646630806,0.7453505992889404
1916,10813,False,0.0013647982107992,0.7227237820625305
1916,16832,False,0.0010646105109028,0.7010811567306519
1917,14149,False,0.0030491629275823,0.7448642253875732
1917,21897,Answer: False,0.0003162578119362,0.6831871867179871
1918,2736,False,0.0002273596478854,0.0
1918,15523,False,0.0002273596478854,0.0
1919,12487,False,0.0001605237767769,0.8034048080444336
1919,4417,False,0.0001605237767769,0.7956603765487671
1919,6453,False,8.23801487917387e-05,0.8267134428024292
1920,9474,False,0.0024456702618757,0.5523716807365417
1920,18542,Answer: False,7.74712109946839e-05,0.8273568153381348
1920,13431,Answer: False,0.0001827204206889,0.8607497215270996
1921,20814,False,8.170850941365858e-05,0.0
1921,20591,False,0.0002551551815399,0.0
1921,17807,False,0.0005892556509887,0.635495662689209
1922,3913,False,8.135665093099128e-05,0.0
1922,20240,False,8.135665093099128e-05,0.8356552124023438
1922,9181,False,0.0005856571869219,0.47611334919929504
1923,6976,False,0.000137464349807,0.7572736144065857
1923,6271,False,0.0001000095013539,0.0
1924,10049,Answer: False,0.0001479451823812,0.8609181046485901
1924,6346,False,0.0018380365552345,0.8022545576095581
1924,467,False,0.0015105035158398,0.6933517456054688
1925,13174,False,9.706341080758502e-06,0.0
1925,8757,False,9.952569593277044e-05,0.0
1926,11151,False,0.000762492851663,0.0
1926,21822,False,9.01569587983731e-05,0.541126012802124
1926,7858,False,0.0003036037608019,0.5075348615646362
1927,19026,Answer: False,7.394922657260571e-05,0.802779495716095
1927,951,False,0.0004724819581779,0.9036654233932495
1927,4855,False,0.0003993201372365,0.9573626518249512
1928,10795,True,9.242337595915434e-05,0.7067390084266663
1928,10797,Answer: False,9.156967801839045e-05,0.6637167930603027
1928,6806,False,9.216476342174224e-05,0.7393630743026733
1929,8699,False,0.0003937129927179,0.0
1929,14613,False,0.0003937129927179,0.0
1929,7278,False,0.0053452248382484,0.0
1930,7401,False,3.0051745572980477e-05,0.6500877141952515
1930,11385,True,3.390294136845801e-05,0.6811115741729736
1930,15375,False,4.674734950042286e-05,0.9408454298973083
1931,3234,False,4.460997367454705e-05,0.8907582759857178
1931,6157,False,6.696654461871008e-05,0.8421177864074707
1931,11214,Answer: True,2.971797728024061e-05,0.84931880235672
1932,9095,Answer: True,3.899158227314703e-05,0.929284393787384
1932,9016,True,6.86029207881722e-05,0.9425340890884399
1932,7044,False,5.1373876754612966e-05,0.9263865947723389
1933,9138,False,2.6865759163622626e-05,0.9016313552856445
1933,21961,False,2.6865759163622626e-05,0.8375080823898315
1933,13159,False,2.6865759163622626e-05,0.8970363140106201
1934,8649,False,0.0002197934911319,0.5288401246070862
1934,9578,Answer: True,9.673369667713052e-05,0.8504676818847656
1934,5537,False,9.673369667713052e-05,0.8222123384475708
1935,21059,False,0.0004595692271815,0.591103196144104
1935,16939,False,0.0004595692271815,0.5784975290298462
1935,5916,False,0.0005331498693782,0.6223899126052856
1936,11295,False,0.0002460041348722,0.9161866903305054
1936,3323,False,0.0004920082697444,0.7811074256896973
1936,3324,False,0.0027060454835947,0.7203474640846252
1937,10808,False,3.798357856155404e-05,0.8815063238143921
1937,21789,True,3.577078109181081e-05,0.67516028881073
1937,8500,True,3.4634909862353606e-05,0.8603590726852417
1938,11120,False,0.0001505846504842,0.6551923751831055
1938,20726,True,7.419508326067848e-05,0.9002506136894226
1938,19138,True,0.0020805267910471,0.7686536312103271
1939,21833,False,1.180050304445402e-05,0.8520524501800537
1939,20177,False,2.4310023750768065e-05,0.8463535308837891
1939,11134,False,1.180050304445402e-05,0.8836439847946167
1940,17513,False,0.0055593698749582,0.7153013944625854
1940,20820,False,0.0001938042727956,0.6842284798622131
1940,10353,Answer: False,0.0019638832976624,0.6963045001029968
1941,19285,False,0.0034405126745856,0.0
1941,7437,False,4.423917897528665e-05,0.0
1942,12091,False,0.0002426955712947,0.6834826469421387
1942,1587,False,0.0001297262395817,0.8172662258148193
1942,21648,False,0.0001981601041684,0.5922693014144897
1943,20859,False,0.0007825477742319,0.8539462089538574
1943,15780,False,0.0007825477742319,0.8730732798576355
1943,21633,False,0.0007825477742319,0.8421109914779663
1944,7031,False,0.0003402069087198,0.0
1944,17218,False,0.0002946278254943,0.0
1944,828,Answer: False,0.001398738161438,0.7476003170013428
1945,5752,False,0.0001328031788149,0.0
1945,1809,False,0.0001328031788149,0.0
1945,20290,False,0.0001328031788149,0.0
1946,3814,False,9.746477589434498e-05,0.0
1946,1315,Answer: True,0.0053605626741889,0.8436039090156555
1946,6901,False,9.746477589434498e-05,0.0
1947,7089,False,3.815571220796917e-05,0.0
1947,8937,False,0.0001001378846592,0.0
1948,7871,False,0.0001036943332317,0.0
1948,6995,False,0.0001036943332317,0.0
1948,7878,False,0.0001036943332317,0.0
1949,6235,False,0.000297763203051,0.7943524122238159
1949,17302,Answer: True,0.0040832602595857,0.8733775615692139
1949,15976,False,0.000297763203051,0.6842197179794312
1950,18092,"False, as the two records refer to different products",0.0002424643224844,0.0
1951,10895,False,0.0002221881001832,0.9044167995452881
1951,20729,False,0.0002484138479006,0.7109543681144714
1951,20443,Answer: True,0.0002221881001832,0.9396441578865051
1952,1769,False,0.0216060405362556,0.940726637840271
1952,1770,False,0.0027777777777777,0.852759838104248
1952,7747,False,0.0027777777777777,0.8806313276290894
1953,2639,False,0.0020874143036171,0.0
1953,7659,False,0.0013474201390907,0.0
1953,11438,Answer: True,0.0001202854827329,0.8270137906074524
1954,2927,False,0.0010155555796279,0.0
1954,11196,False,0.0001104778826195,0.0
1954,15159,False,2.9921093209449267e-05,0.0
1955,18043,Answer: False,5.511235635417045e-05,0.8167997002601624
1955,20238,Answer: False,2.5651895847999592e-05,0.8793236017227173
1955,15117,False,0.0005793622183241,0.0
1956,17084,Answer: False,0.0004404875993523,0.8567714691162109
1956,5947,False,0.0003870738968286,0.0
1956,16815,Answer: False,0.0001580222566634,0.868966817855835
1957,17570,Answer: True,3.1255876290851715e-05,0.9098021984100342
1957,19902,False,0.0002124309093075,0.8239952325820923
1957,11875,False,0.0031128640318234,0.0
1958,18169,False,0.0003342201934969,0.0
1958,17412,False,0.0008773280079294,0.8015471696853638
1958,16833,Answer: False,0.0010380684981717,0.8207404613494873
1959,9408,False,0.0032478490123081,0.0
1960,11787,False,0.0001779201708945,0.6794848442077637
1960,11820,False,0.0004475717962746,0.7702146768569946
1960,2284,Answer: False,0.0001155023990386,0.8923026323318481
1961,1126,False,0.0004140866624999,0.5463780164718628
1961,3977,False,3.5811253549461666e-05,0.778841495513916
1961,8373,True,0.000113245127082,0.8035677075386047
1962,13416,Answer: False,1.3233140759453637e-05,0.9304050803184509
1963,6961,Answer: False,0.0004603507090693,0.9539743065834045
1963,7818,False,8.056137408713864e-05,0.0
1963,11763,False,0.0001347844275755,0.0
1964,14802,False,0.0016279244889218,0.6622958183288574
1964,14803,True,0.0001512168998805,0.8219956159591675
1964,12901,False,0.0001616576658408,0.6654606461524963
1965,19055,False,0.0001080638496717,0.0
1965,13382,False,0.0004247366387494,0.0
1965,2188,False,0.0022086305214969,0.0
1966,10568,False,0.0001842473794773,0.9181771278381348
1966,656,"False, the second record refers to a shorter version of the first record",5.940326893373966e-05,0.9423433542251587
1966,1823,False,9.643802231597862e-06,0.0
1967,21405,False,7.006430369800171e-05,0.5985004901885986
1967,15854,Answer: False,9.173570720299064e-05,0.5987592935562134
1967,11942,False,9.443035641173364e-05,0.7009003162384033
1968,4054,False,0.0003683297467398,0.0
1968,14466,False,9.546241281605794e-05,0.6119608879089355
1968,10524,False,9.677228027559904e-05,0.5720707178115845
1969,9311,False,0.003125,0.5925724506378174
1969,16888,False,0.0079056941504209,0.0
1970,2473,False,0.0030429030972509,0.0
1970,7459,False,0.0003884557145426,0.0
1970,5181,False,0.0004392052305789,0.0
1971,15019,False,0.0001147941460133,0.0
1971,1675,False,2.8942766005278334e-05,0.0
1971,15467,False,0.0001147941460133,0.0
1972,15541,False,0.0001428059504634,0.9689857363700867
1972,3588,Answer: False,0.0001428059504634,0.801536500453949
1972,3589,Answer: False,0.0001428059504634,0.8615468740463257
1973,137,False,0.0001554512654674,0.0
1973,10867,False,0.0013873921175545,0.8239988088607788
1973,3155,Answer: False,6.775123728862764e-05,0.9321532249450684
1974,13454,False,8.743517172698378e-05,0.0
1974,21184,False,8.743517172698378e-05,0.0
1975,14129,Answer: False,0.0004804583837764,0.8708921670913696
1975,8180,True,0.0005742576058841,0.92530357837677
1975,20586,False,0.0005742576058841,0.7911309599876404
1976,7642,False,7.825502358597375e-05,0.0
1976,12093,False,5.348477701862559e-05,0.8510147333145142
1976,3861,False,7.122536028727371e-05,0.0
1977,10297,False,5.345111828507347e-05,0.6203816533088684
1977,5042,False,4.78081335835225e-05,0.0
1977,5635,False,0.0024511913061608,0.0
1978,10002,False,0.0001531482266548,0.7806886434555054
1978,5941,False,0.0001531482266548,0.7810184955596924
1978,15144,False,0.000181207425506,0.9170101881027222
1979,11632,False,0.0001237320564409,0.6825529336929321
1979,4859,False,0.0002143102082806,0.9105910062789917
1979,957,False,0.0004170556602703,0.8396915197372437
1980,4278,False,0.0052128603514268,0.9350055456161499
1980,3712,Answer: False,0.0003344051474604,0.6748813390731812
1980,4773,False,0.0009325048082403,0.5416934490203857
1981,5118,False,4.115602724364557e-05,0.8061428070068359
1981,21044,False,4.115602724364557e-05,0.6778910160064697
1981,21677,True,0.0001298383803953,0.8029223680496216
1982,8179,False,0.0001448636533061,0.8137356042861938
1982,14128,False,0.0001448636533061,0.7953557372093201
1982,2213,False,0.0006460627768351,0.8101354241371155
1983,12984,False,0.0003807155649207,0.0
1983,6913,True,0.0006235534840672,0.8993829488754272
1983,7075,False,0.0004396124677833,0.0
1984,9928,Answer: False,7.956136841068238e-05,0.8985471129417419
1984,1120,Answer: False,7.956136841068238e-05,0.9217360019683838
1984,10732,False,7.365951404001869e-05,0.0
1986,18482,False,0.0036514837167011,0.0
1986,17527,False,0.0008694008849288,0.7051224112510681
1986,6413,True,0.0094280904158206,0.723839521408081
1987,11031,False,0.000300057123689,0.6886062622070312
1987,10905,False,0.0001550434182365,0.8564862608909607
1987,16252,Answer: True,0.0024027196393377,0.8724491000175476
1988,9474,Answer: True,0.0038143302790855,0.9573692083358765
1988,2476,Answer: True,6.22723436762717e-05,0.8374037742614746
1988,4604,False,0.0033557802760701,0.0
1989,18865,False,0.0014153462926807,0.0
1989,21287,False,0.0011556254088025,0.0
1989,20897,False,0.0014153462926807,0.5723961591720581
1990,14634,False,1.8158901401683707e-05,0.0
1990,21953,False,0.000298225911949,0.0
1990,14962,False,0.0001922707207237,0.0
1991,3920,False,3.434564969351706e-05,0.8451387286186218
1991,13892,False,3.0719682978439586e-05,0.7500882744789124
1991,13891,False,3.434564969351706e-05,0.818207323551178
1992,20486,False,2.8145364271482464e-05,0.9268320202827454
1992,1274,Answer: True,2.8145364271482464e-05,0.8976016044616699
1994,14225,False,7.936507936507936e-06,0.0
1994,3685,False,4.510296638997711e-05,0.7883322238922119
1995,19859,False,0.0025717224993681,0.0
1995,4840,False,0.0008811289866512,0.0
1995,21807,False,0.0001272672580535,0.0
1996,20152,False,0.0005320052145278,0.0
1996,15208,False,0.0009556369651349,0.0
1996,10518,False,0.0001463014339951,0.0
1997,12672,False,0.0002296394391287,0.0
1997,7626,False,0.0006225728063646,0.0
1997,12451,False,0.0005376730316152,0.9899912476539612
1998,12233,False,0.0002132007163556,0.0
1998,7499,False,0.0003405223533019,0.0
1998,16327,False,8.058229640253803e-05,0.0
1999,3256,Answer: False,4.330538439617368e-05,0.8007217645645142
1999,20189,Answer: True,4.330538439617368e-05,0.7408143877983093
1999,9557,False,4.841689165080152e-05,0.946995735168457
2000,14202,True,8.646068829337054e-05,0.8506426811218262
2000,12250,False,8.646068829337054e-05,0.8076477646827698
2000,20322,False,8.646068829337054e-05,0.8157525062561035
2001,19556,False,0.0004989284544985,0.6370797753334045
2001,8208,"False, the first record refers to a specific model (TIP-230U2) while the second record refers to a different model (TIP-330U2)",4.659737136209397e-05,0.8657889366149902
2001,4597,False,0.0004989284544985,0.6403201818466187
2002,19214,False,0.0007453559924999,0.0
2002,4850,False,0.0009128709291752,0.0
2002,6988,False,0.0004149413314433,0.707482635974884
2003,2247,Answer: True,0.0036432735407716,0.9268096685409546
2003,3483,False,0.0007874259854358,0.6197143793106079
2003,16048,False,0.0062994078834871,0.0
2004,17022,False,0.0032025630761017,0.0
2004,19520,True,0.0002830692585361,0.7901341319084167
2004,1747,False,0.0126385953755718,0.9772181510925293
2005,14764,Answer: False,0.0001085521053581,0.6838949918746948
2005,12707,False,1.721429985671714e-05,0.7387804985046387
2006,13921,Answer: False,9.25925925925926e-05,0.9458411335945129
2006,15926,False,9.25925925925926e-05,0.6852706074714661
2006,11702,False,8.572408331227328e-05,0.816179096698761
2007,10351,False,0.0001414441239434,0.0
2007,20461,True,0.0014746493275751,0.8900766372680664
2008,5607,False,0.0001798796441653,0.7402287721633911
2008,14092,False,0.0001922994283775,0.7529826164245605
2008,10016,False,0.0002425841467183,0.0
2009,19837,False,1.5289621935992072e-05,0.6661324501037598
2009,2453,False,0.0001396005544632,0.617048442363739
2010,9009,False,0.0002941227357314,0.0
2010,13395,False,0.0002941227357314,0.0
2010,2516,False,0.0002941227357314,0.0
2011,4087,False,0.0004054368731479,0.6609660387039185
2011,18907,False,0.0049147318718299,0.0
2011,1453,False,0.0003021948029812,0.6804553270339966
2012,5824,False,0.0030755932607613,0.6293056011199951
2012,17452,False,0.0061347461029776,0.8912215232849121
2012,11650,"False, the records refer to different entities",0.0031497039417435,0.0
2013,9226,False,0.0005308196610325,0.972486138343811
2013,2243,False,0.0005308196610325,0.0
2014,9456,Answer: True,0.0008606629658238,0.8425019979476929
2014,13699,False,0.0012295185226055,0.8373433947563171
2014,11740,False,0.0026243194054073,0.8499448895454407
2015,14666,False,0.0010047256709338,0.0
2015,3183,False,0.0006819309069874,0.0
2015,11142,False,0.0003147830790259,0.0
2016,8016,False,0.0019440394783993,0.697085976600647
2016,8017,False,0.0010647942749998,0.7481020092964172
2016,12006,Answer: True,0.0082478609884232,0.812785267829895
2017,16793,Answer: True,0.0002047560247268,0.8980931043624878
2017,17691,False,0.0002047560247268,0.8794097900390625
2017,21674,False,0.0002047560247268,0.87539142370224
2018,9375,False,0.0002535752581042,0.7398940324783325
2018,11336,False,0.0002535752581042,0.7255883812904358
2018,5207,Answer: True,4.337829437816707e-05,0.9348235130310059
2019,17755,Answer: False,0.0001567868113972,0.7872723937034607
2019,16543,Answer: False,7.83934056986331e-05,0.8560421466827393
2019,19861,Answer: False,0.0001810418155311,0.8368797898292542
2020,3479,False,7.415150058995949e-05,0.0
2020,8033,False,0.003768891807222,0.0
2020,3836,False,0.001256297269074,0.0
2021,20404,Answer: True,0.0001420013381133,0.8477165699005127
2021,17451,Answer: True,0.0002320697881233,0.8757649660110474
2021,17374,Answer: False,0.0001489322598652,0.8978011608123779
2022,18804,False,0.0024217439928694,0.5053088665008545
2022,12171,False,0.0001380394075935,0.49655628204345703
2022,14606,False,0.0001380394075935,0.4943024814128876
2023,3391,False,0.0336787657027281,0.0
2023,10821,False,0.0058925565098878,0.6852080225944519
2023,10822,False,0.0006794707624925,0.7117983102798462
2024,792,False,0.0094374563232919,0.815170168876648
2024,18710,False,0.0094374563232919,0.8675796985626221
2024,6790,False,0.0036601307189542,0.7161420583724976
2025,12664,False,0.000790569415042,0.8290945291519165
2025,2698,Answer: False,0.0003002312671478,0.8337433338165283
2025,18445,False,0.0036514837167011,0.0
2026,5935,False,0.0003294039229342,0.0
2026,6569,False,7.071067811865475e-05,0.7854979038238525
2026,18648,False,0.0042822509981446,0.6316758394241333
2027,20164,False,0.0002586700985173,0.0
2027,16269,False,0.0002240148765154,0.0
2027,13039,False,0.0003168048765414,0.0
2028,15178,False,5.843099470995434e-05,0.0
2028,19308,False,4.619375730817634e-05,0.0
2028,12891,False,4.619375730817634e-05,0.8853978514671326
2029,14506,False,0.0003475240234284,0.0
2029,14035,Answer: True,2.065305101286694e-05,0.9124700427055359
2030,20736,True,8.188772421216432e-05,0.7820819616317749
2030,148,False,0.0005535093034625,0.7739170789718628
2030,13167,False,0.0001346423157719,0.9228143692016602
2031,9479,False,8.07472627379081e-05,0.724433183670044
2031,6719,False,0.0002409100072648,0.6408371925354004
2031,9533,Answer: False,0.0008006407690254,0.7261480093002319
2032,20835,False,0.000191810720661,0.0
2032,20325,False,0.0006506000486323,0.0
2032,17780,False,0.002749286996141,0.0
2033,19398,Answer: False,0.000165716520535,0.846144437789917
2033,18679,Answer: False,0.0001879048720588,0.8205491900444031
2033,14528,False,0.0001879048720588,0.7379575967788696
2035,3446,False,0.0004183697602823,0.0
2035,3447,False,0.0003873351332064,0.6276663541793823
2035,4087,False,0.0004583011101693,0.7405365705490112
2036,18353,False,0.0001104940672466,0.5331705808639526
2036,16594,False,0.0001104940672466,0.5223415493965149
2036,21806,False,0.0001181231265451,0.0
2037,8519,True,0.0010238772961723,0.9302710890769958
2037,21543,False,3.328596781543537e-05,0.9908605217933655
2037,556,False,0.0010238772961723,0.918710470199585
2038,9347,False,5.839296840763626e-05,0.0
2038,600,False,0.0001663525108528,0.6050109267234802
2038,6546,False,0.0021536524612697,0.0
2039,13866,False,4.036672306781813e-05,0.0
2039,7443,False,2.9464010242110363e-05,0.8146812915802002
2039,15406,False,4.036672306781813e-05,0.6792544722557068
2040,1711,False,0.0010691671651659,0.0
2040,11534,False,0.0005726734439533,0.8371708393096924
2040,9550,False,0.0006185580158543,0.846735417842865
2041,10328,False,7.962167037247895e-05,0.0
2041,11620,False,0.0003196585313451,0.0
2041,6628,False,0.0001560828035381,0.0
2042,2498,False,1.175927101853616e-05,0.5696293711662292
2042,19237,False,0.0014111125222243,0.6109515428543091
2042,3074,False,0.0014111125222243,0.5521583557128906
2043,15664,False,2.3230998057941888e-05,0.8646582365036011
2044,14313,False,0.0003317776258531,0.0
2044,19799,False,0.0002346022090867,0.0
2044,15973,False,1.9193746950182307e-05,0.0
2045,20956,"False, as the two records describe different products",0.0007365695637359,0.0
2045,648,False,7.760084263301422e-05,0.0
2045,528,False,0.0007306884784386,0.8637924194335938
2046,16353,False,0.0008630310936755,0.7936222553253174
2046,17529,False,0.0007611218825271,0.8615828156471252
2046,1270,False,0.000932180122129,0.8251663446426392
2047,8524,True,0.0013618057532533,0.8533533811569214
2048,13126,False,0.000181016898499,0.0
2049,6078,False,0.0010257624248277,0.0
2049,3903,False,0.0006715191366878,0.0
2049,4749,False,5.698028822981897e-05,0.0
2050,19242,False,7.355240048240519e-05,0.5672864317893982
2050,21912,True,4.334950166670348e-05,0.8996645212173462
2050,18864,False,0.0006011130897782,0.0
2052,6286,Answer: True,0.1,0.9626055955886841
2053,15546,False,0.0002251430112326,0.756521999835968
2053,9630,False,0.0002251430112326,0.7775180339813232
2054,7601,Answer: False,0.0016757039542227,0.882072389125824
2054,21858,False,0.0004057971014492,0.6432688236236572
2055,18362,False,0.0007328416800608,0.6166272759437561
2055,15030,False,0.0003344949327077,0.6428760290145874
2055,7502,False,0.0007169241683455,0.0
2056,21969,False,7.871917370340278e-05,0.0
2056,13062,False,0.0021516574145596,0.8061299920082092
2056,19594,False,7.871917370340278e-05,0.8737320899963379
2057,5079,False,0.0001726860756,0.0
2057,7229,False,0.0002340790878513,0.0
2057,11374,False,0.0002027184365739,0.0
2058,12752,False,0.0001546655811243,0.0
2058,285,False,0.0001729213765867,0.0
2059,5734,Answer: True,4.425728545505443e-05,0.7927943468093872
2059,5320,False,0.0006458202152434,0.0
2059,15102,False,0.0002042262839149,0.0
2060,5058,False,0.0001298916013309,0.6114737391471863
2060,13805,False,0.0009898564515274,0.5300353169441223
2061,6207,False,0.0011904761904761,0.6641644239425659
2061,352,Answer: False,0.0063095238095238,0.7804011106491089
2061,12245,False,0.0029761904761904,0.7951053380966187
2062,12233,False,0.0001499063377991,0.572068452835083
2062,8251,False,0.0002900543133977,0.5578764081001282
2063,13152,False,0.0001663582655256,0.8601608276367188
2063,21797,False,0.0001920939787662,0.7099207639694214
2063,6308,Answer: True,0.0001663582655256,0.8306089639663696
2064,20332,False,4.863187414896738e-05,0.0
2064,3080,False,0.0010482848367219,0.0
2065,3256,False,2.6285371380797524e-05,0.6876718401908875
2065,9557,False,2.9387938610645392e-05,0.8208435773849487
2065,21066,Answer: False,2.6285371380797524e-05,0.7609431743621826
2066,21557,False,0.0002903984386363,0.0
2066,2185,False,0.000595238095238,0.0
2066,18941,False,0.000595238095238,0.0
2067,12713,False,0.0003206182350266,0.0
2067,10410,False,0.0003206182350266,0.0
2067,14351,False,0.0002867696673382,0.0
2068,6751,False,0.0007704169392017,0.0
2069,6190,False,0.0020211302086361,0.0
2069,4979,False,0.0020211302086361,0.0
2069,10975,False,0.0020211302086361,0.0
2070,9864,False,0.000357320447268,0.0
2070,1387,False,3.5710960741354265e-05,0.0
2070,14616,False,0.0001256297269074,0.0
2071,21325,False,0.0013472193585307,0.905276894569397
2071,14727,True,0.0013472193585307,0.8931314945220947
2071,8814,Answer: True,0.0054297022631693,0.8450034856796265
2072,4159,Answer: False,0.0001016335740645,0.7812108993530273
2072,184,False,0.0001810640715784,0.0
2072,6473,False,0.0001504325891639,0.0
2073,5514,False,0.0004656173903365,0.0
2073,12717,False,0.0004454354031873,0.0
2073,15479,True,0.0025785030271578,0.8489301204681396
2074,9831,False,1.0847096845153688e-05,0.0
2074,5082,False,0.0004236071398127,0.0
2074,10941,False,0.0009742964215694,0.0
2075,16102,False,0.0001365569844467,0.0
2075,20993,False,0.0013379797308309,0.0
2075,14111,False,0.0012542920047964,0.0
2076,18297,Answer: True,0.0045971940305591,0.9309648275375366
2076,16579,Answer: False,0.0002427713705339,0.7844164967536926
2076,18398,False,0.0001074397131519,0.6137748956680298
2077,9956,False,0.0004738963955842,0.6210454106330872
2077,14751,False,0.000376205790893,0.0
2077,19346,Answer: False,0.002096455247955,0.948674201965332
2078,3894,True,1.0652291511769031e-05,0.7621220350265503
2078,12953,False,0.00016333198585,0.0
2078,68,False,0.0001166292783971,0.8832057118415833
2079,12023,False,0.0018601633295108,0.9502609372138977
2079,15962,False,0.0018601633295108,0.8806639313697815
2079,13974,False,0.0018601633295108,0.9039719104766846
2080,18134,Answer: False,0.0003096821319729,0.8503596782684326
2080,16295,Answer: False,0.000275466415171,0.8240629434585571
2080,20626,False,9.49979955634402e-05,0.8017135262489319
2081,11833,False,7.791872942053188e-05,0.0
2081,194,False,0.0001082251082251,0.0
2082,12789,False,3.251926768328677e-05,0.7454504370689392
2082,11891,False,0.0001878478405557,0.0
2082,4963,False,0.0001878478405557,0.0
2083,6576,False,7.459305803483537e-05,0.836529016494751
2083,14539,Answer: False,5.2410901467505245e-05,0.9416435956954956
2083,389,False,0.0017010345435994,0.0
2084,4594,False,0.0007098628499999,0.0
2084,8987,Answer: False,0.0001195228609334,0.7990291118621826
2084,12662,False,0.0001511857892036,0.0
2085,16082,False,0.0001453709511573,0.0
2085,444,False,0.000410830948923,0.0
2085,973,False,0.0017677669529663,0.0
2086,11498,True,4.5666385362599246e-05,0.8153524994850159
2086,15453,Answer: False,4.332293707583637e-05,0.8763290643692017
2086,1523,True,4.5666385362599246e-05,0.8166298270225525
2087,11143,True,8.112693757575976e-05,0.9207901954650879
2087,19884,False,0.0002245700231817,0.618399441242218
2087,18391,Answer: False,0.0002750409841601,0.5586599707603455
2088,21854,False,0.001010101010101,0.6719589829444885
2088,22025,False,0.0004098395075351,0.9351738691329956
2088,17263,Answer: False,0.0003463776035491,0.8874984979629517
2089,7048,Answer: True,6.0580031803991935e-05,0.8685572743415833
2089,19552,Answer: False,0.0013608276348795,0.4986632764339447
2089,19810,False,0.0001173127271447,0.8516463041305542
2090,11265,False,0.0043257019440571,0.0
2090,11058,False,4.675364368382501e-05,0.7192649841308594
2090,5013,False,8.83530135083303e-05,0.0
2091,13090,False,0.0009092412093166,0.0
2091,14075,False,8.018753738744801e-05,0.7915511727333069
2091,11915,False,4.165586357789508e-05,0.61586594581604
2092,4728,False,0.000124851826382,0.0
2092,13767,Answer: False,0.0001552824984374,0.7847343683242798
2092,22035,False,9.492606240704452e-05,0.0
2093,11400,Answer: True,7.473390721123148e-05,0.6021339893341064
2093,7155,False,0.000120462082566,0.8599516153335571
2093,16311,True,0.000120462082566,0.8361433148384094
2094,14237,False,0.0083333333333333,0.0
2094,15246,False,0.0083333333333333,0.0
2094,15247,Answer: True,0.000219298245614,0.9725635051727295
2095,16833,False,0.0009316949906249,0.0
2095,17412,False,0.0007874259854358,0.0
2096,16082,False,7.635256415161002e-05,0.0
2096,444,False,0.0002157789856458,0.639417827129364
2096,973,False,0.0009284766908852,0.0
2097,8999,False,0.0003161013507545,0.8468557596206665
2097,21950,False,0.0003161013507545,0.8230868577957153
2097,21457,Answer: False,0.0003161013507545,0.8489172458648682
2098,12544,False,0.0008465608465608,0.0
2098,6169,False,0.0005498573992282,0.0
2098,587,False,0.0007407407407407,0.0
2099,12941,False,0.1,0.8064024448394775
2100,20731,False,5.255453602146053e-05,0.8880096673965454
2101,21547,False,0.0002845782403177,0.0
2101,15843,Answer: False,3.227792776720101e-05,0.9184180498123169
2101,21470,False,0.0002597832026618,0.0
2102,2023,False,0.0001469089410338,0.539527416229248
2102,5496,False,3.960125544432696e-05,0.6438233852386475
2102,21821,False,0.0001762709595318,0.5453455448150635
2103,14322,Answer: False,0.0003583609486065,0.6237325668334961
2103,10130,False,0.0001746075739423,0.0
2103,2963,Answer: False,3.0979053246579674e-05,0.9756535887718201
2104,12215,False,0.0001803104734378,0.0
2104,3501,False,0.0002301680379735,0.0
2104,20402,False,0.0002301680379735,0.0
2105,10505,False,3.60507601356956e-05,0.8616842031478882
2105,5529,False,0.0002582523856784,0.8632566928863525
2105,581,False,0.0002287527242598,0.8761491775512695
2106,6287,False,0.0001241260485634,0.690274715423584
2106,8347,Answer: False,3.9195007735609645e-05,0.7474521398544312
2106,1253,Answer: False,0.0024461604327793,0.9128707051277161
2107,22045,False,0.0017162035361128,0.6360779404640198
2107,20409,Answer: False,0.0013293655428134,0.6052113175392151
2107,8358,True,0.0053102394245242,0.8665382862091064
2108,13598,False,0.0008944271909999,0.0
2108,13599,False,0.0008944271909999,0.0
2108,5613,Answer: False,9.938079899999064e-05,0.0
2109,12380,False,8.375315127160101e-05,0.5250241756439209
2109,19712,False,0.0055555555555555,0.4716390371322632
2109,15727,False,6.50674415672506e-05,0.0
2110,18828,False,0.0029361010975735,0.0
2110,20823,False,0.000421165579766,0.0
2110,18884,False,0.002188440547662,0.0
2111,21339,False,0.0002426184148561,0.0
2111,12674,False,0.0002426184148561,0.5989255309104919
2111,18694,False,0.0003996068009396,0.5423853397369385
2112,3838,False,0.0001481392072312,0.0
2112,20845,False,0.0001171143264056,0.0
2112,15773,False,0.0001352319757524,0.0
2113,17340,False,0.000123517801637,0.0
2113,2819,False,4.076752978315499e-05,0.0
2113,10932,False,0.0001499859019877,0.0
2114,2821,False,5.183678653069e-05,0.8087064027786255
2114,2829,True,5.895832882957229e-05,0.8792147040367126
2114,4733,Answer: True,5.895832882957229e-05,0.8917165994644165
2115,2698,False,9.221530066490049e-05,0.0
2115,10754,False,5.429653034538368e-05,0.7861136794090271
2115,20111,False,0.0008283153665625,0.0
2116,5180,False,0.0003740363444835,0.6451615691184998
2116,21024,False,0.0003740363444835,0.6244316697120667
2116,13999,False,0.0003740363444835,0.6507934927940369
2117,14557,False,3.102190657020236e-05,0.8896489143371582
2117,14998,False,3.4997430582966435e-05,0.0
2117,4861,False,3.4997430582966435e-05,0.6491738557815552
2118,14307,True,0.0063181283047978,0.8339110612869263
2118,10371,False,0.0075308009509588,0.8291563987731934
2118,20621,False,0.0097201973919967,0.8110389113426208
2119,14573,False,5.13192332377236e-05,0.6350762844085693
2119,4587,False,0.0001801895726616,0.8368765115737915
2119,20314,False,2.7468672683468463e-05,0.9126238226890564
2120,1107,False,8.022096975804274e-05,0.0
2120,13887,False,0.0007858327107851,0.7339974641799927
2120,20936,False,0.0003840981500271,0.0
2121,18954,False,0.0001734418169595,0.78270423412323
2121,4432,True,0.0014360705427143,0.8139356970787048
2121,6476,False,0.0013859195127381,0.8398364782333374
2122,17485,False,0.0024056261216234,0.0
2123,9799,Answer: False,8.382653160470863e-06,0.8411037921905518
2123,9800,"False, as the first record refers to a specific model (DMC-TS3S) while the second record refers to both the DMC-TS3 and DMC-TS3S models (mentioned separately)",0.0001526468517963,0.8304699659347534
2123,1794,False,8.382653160470863e-06,0.8511038422584534
2124,15505,Answer: True,0.000123987437634,0.8272314071655273
2124,17963,False,0.0001568330816687,0.6056012511253357
2124,11564,Answer: False,0.0001723118908145,0.800378680229187
2125,16072,False,0.0006299407883487,0.0
2126,19124,Answer: False,2.1466870289197608e-05,0.8653342723846436
2126,2139,False,3.4889894194939134e-05,0.8459165096282959
2126,21494,False,2.771361037508571e-05,0.881976842880249
2127,5736,False,2.1091259868321084e-05,0.0
2127,15679,Answer: False,5.6183321871936846e-05,0.0
2128,6879,False,0.0009531160645787,0.0
2128,18103,Answer: False,0.0001623796046358,0.9147934317588806
2128,17144,Answer: False,0.0001711631320689,0.884833037853241
2129,18627,False,0.0001629157211246,0.6058136224746704
2129,18461,False,8.285826026750163e-05,0.0
2130,15842,False,2.414505697365585e-05,0.8599331378936768
2130,4521,False,0.0002111001654603,0.0
2130,9947,False,0.0001828181060317,0.6010574698448181
2131,3446,False,0.0004183697602823,0.73732590675354
2131,3447,False,0.0003873351332064,0.8300108909606934
2131,4087,False,0.0004583011101693,0.7051814794540405
2132,33,False,0.0014580296087995,0.8937298059463501
2132,7358,True,0.0010309826235529,0.921622633934021
2133,19035,Answer: False,0.0010088921525184,0.6034219264984131
2133,10434,False,0.0054632461843921,0.6139193773269653
2133,8990,True,0.0054632461843921,0.9031086564064026
2134,18675,False,0.0001666449116676,0.0
2134,20136,False,0.0005299989400031,0.0
2134,893,False,0.0005019048836446,0.0
2135,5878,False,6.735986378111971e-05,0.0
2136,4705,Answer: False,9.423731377594275e-05,0.7210435271263123
2136,12218,False,0.0001763018705997,0.6478080749511719
2136,2252,False,0.0004123509749376,0.7594245672225952
2137,2974,False,4.316826054921174e-05,0.0
2137,4900,False,8.373153985838483e-05,0.0
2138,11101,False,0.0001285861249684,0.0
2138,20754,False,0.0002817180849095,0.0
2139,4270,False,0.0133630620956212,0.759548544883728
2139,5957,False,0.0178174161274949,0.7773298025131226
2139,101,True,0.056694670951384,0.8685788512229919
2140,20944,False,0.0012674485010489,0.0
2140,21484,False,0.0010562070842074,0.0
2140,12597,False,0.0012935842095105,0.0
2141,11048,Answer: False,7.905694150420948e-05,0.9272345304489136
2141,20918,False,0.0001397542485937,0.0
2141,20990,False,0.0001397542485937,0.0
2142,5920,False,3.249571604717589e-05,0.8409709930419922
2142,13934,Answer: True,2.039338956710401e-05,0.7374141812324524
2143,8239,Answer: False,0.0001103414058748,0.8593353033065796
2143,2272,False,3.0641396806683296e-05,0.0
2143,8257,False,0.0001900824680608,0.0
2145,9134,False,0.0001263242664313,0.0
2145,12598,False,0.0001266787298712,0.0
2145,18191,False,0.0001034327498161,0.0
2146,4430,False,0.0051434449987363,0.7342721223831177
2146,14435,False,0.0051434449987363,0.7564239501953125
2146,6470,False,0.0013363062095621,0.7852215766906738
2147,14227,False,1.4440979025278787e-05,0.964781641960144
2147,14228,False,1.864322375594512e-05,0.8930529356002808
2147,6250,False,0.0011617678072647,0.9194691181182861
2148,12055,False,0.0001434438276373,0.732276201248169
2148,10075,False,6.612663340484619e-05,0.7390924096107483
2148,6020,False,0.0001981072129375,0.8252987861633301
2149,10785,Answer: True,0.0003574267428858,0.8881658315658569
2149,10786,"True, as both records refer to the same model of camera, the Kodak EasyShare M552, regardless of color and accessories included",0.0003874486208506,0.8690074682235718
2149,12850,Answer: False,0.0003948900147541,0.9083957672119141
2150,11679,False,1.3182749941006932e-05,0.5903878808021545
2150,21343,Answer: True,0.0020585519360884,0.8275480270385742
2150,1563,False,0.0002274024364823,0.6826624870300293
2151,7336,False,0.0018414239093399,0.8035026788711548
2151,13667,False,0.0020833333333333,0.0
2151,7338,Answer: True,0.0058925565098878,0.769854724407196
2152,511,False,0.000133987118133,0.7051833271980286
2152,6407,Answer: False,0.0001340863311181,0.9053102731704712
2152,8414,False,0.0001340863311181,0.9208157062530518
2153,20332,False,0.000175344715866,0.0
2153,3080,False,0.0037796447300922,0.0
2153,20746,False,0.0051434449987363,0.0
2154,20478,False,0.0007945521577046,0.6312044858932495
2154,15176,False,0.0007945521577046,0.7594059705734253
2154,9210,False,0.0007945521577046,0.7005122900009155
2155,4318,Answer: True,0.0010414700872607,0.8561480045318604
2155,17864,Answer: True,0.0010978058635593,0.9069027900695801
2155,4509,Answer: True,9.209555664467132e-05,0.8628724813461304
2156,21372,False,4.558752247705993e-05,0.0
2156,20212,False,0.0001080021932444,0.6152588129043579
2156,7133,False,9.164289987136917e-05,0.0
2157,4578,False,0.0019069251784911,0.0
2157,12653,False,0.0024618298195866,0.0
2157,19793,False,9.033928659136036e-05,0.0
2158,9026,False,0.0060633906259083,0.9017330408096313
2158,21024,False,0.0007369895179094,0.8443052768707275
2158,13999,False,0.0007369895179094,0.6751482486724854
2159,17899,Answer: False,0.0001126537646741,0.7855380773544312
2159,17900,Answer: False,0.0001126537646741,0.7841531038284302
2159,16653,Answer: False,0.0001126537646741,0.7842363119125366
2160,9858,Answer: False,8.405430162380812e-05,0.8454904556274414
2160,15757,False,7.974091207980695e-05,0.7349156141281128
2160,14616,False,7.463517925331651e-05,0.6041760444641113
2162,14858,False,0.0011936948441792,0.6061674356460571
2162,1314,False,0.0006565321642986,0.5898213386535645
2162,19874,False,0.0006565321642986,0.5126237869262695
2163,14534,False,0.0002286169698752,0.0
2163,8469,Answer: False,5.7952369512636896e-05,0.8731837272644043
2164,9231,False,0.0005535093034625,0.0
2164,3694,Answer: False,2.01803406062216e-05,0.8594690561294556
2164,19418,False,0.0004678007428531,0.0
2165,21076,Answer: True,6.412364700532214e-05,0.7689374685287476
2165,20857,False,0.0003841610248765,0.0
2165,9878,False,0.0003841610248765,0.0
2166,15394,False,0.0011547005383792,0.7528161406517029
2166,16173,False,0.0017865497076023,0.0
2166,8588,False,0.0011547005383792,0.7228227257728577
2167,21182,False,0.0003402069087198,0.0
2167,17733,Answer: True,6.620484352491312e-05,0.8301169872283936
2167,20601,False,0.0003402069087198,0.0
2168,15348,False,8.82439662691787e-05,0.6689574718475342
2169,12442,False,0.0006019292654288,0.0
2169,15093,False,0.0004256282653793,0.0
2170,12873,False,0.0001000770890492,0.0
2170,6826,False,0.0001000770890492,0.0
2170,2250,False,9.567647774005228e-05,0.0
2171,64,False,6.765348621003473e-05,0.0
2171,10674,False,0.0001660039735186,0.0
2172,9034,False,0.000201817512773,0.0
2172,15080,False,7.056820360447778e-05,0.0
2174,8999,False,0.0006804138174397,0.0
2174,21950,False,0.0006804138174397,0.0
2174,21457,False,0.0006804138174397,0.0
2177,12088,False,3.43799035820009e-05,0.0
2177,12057,False,0.0001885678425839,0.0
2177,9430,False,3.8211126479739656e-05,0.0
2179,4239,False,0.0002652277311257,0.0
2179,18387,Answer: True,0.0115195675671112,0.893501877784729
2179,5492,False,0.0016175386202065,0.0
2180,2070,False,0.0002644669862202,0.7491625547409058
2180,14419,Answer: False,0.0003548196953957,0.7629014849662781
2180,16172,False,0.0002148794263039,0.6577422618865967
2181,3087,False,0.0017010345435994,0.0
2181,20156,False,0.0017010345435994,0.0
2181,7011,False,0.0017010345435994,0.0
2182,9456,Answer: False,0.000563436169819,0.821022093296051
2182,13699,False,0.0008049088140271,0.8256485462188721
2182,11740,Answer: False,0.0017180203318601,0.8406921625137329
2183,19859,Answer: True,0.0029695693545824,0.8749405145645142
2183,9407,False,0.0044543540318737,0.0
2183,10973,Answer: False,8.803690153422047e-05,0.6681342124938965
2184,11689,Answer: False,0.0009587062360592,0.7124466896057129
2184,2196,False,0.0003728230111793,0.7207199335098267
2184,8166,False,0.0010718661571406,0.7996006011962891
2185,18699,False,0.0002951432389958,0.5472672581672668
2185,14812,False,0.0002207467868993,0.0
2185,3578,False,0.0002951432389958,0.0
2186,20229,False,0.0002644836355945,0.0
2186,11625,False,0.0030421367194281,0.6727005243301392
2186,13583,Answer: False,0.0002644836355945,0.9821746945381165
2187,3889,"False, as the first record describes reusable cleaning cloths while the second record describes disposable dust cloths that come with an anti-static cleaning spray",0.0010286889997472,0.4961041212081909
2187,10117,False,0.000467585908976,0.6134189963340759
2187,17951,False,0.0009720197391996,0.0
2188,2946,False,0.0002781256524009,0.0
2188,12917,False,0.0002601627254393,0.0
2188,7006,False,0.000300410039131,0.0
2190,2310,Answer: False,0.0004358136336404,0.7222402691841125
2190,21661,False,0.0046225016352102,0.8910350799560547
2190,21857,False,3.1192204797371785e-05,0.0
2191,13088,False,0.0003237259816207,0.8987545967102051
2191,7438,False,0.0003237259816207,0.7587612867355347
2192,3016,False,0.0013978728351881,0.6726933717727661
2192,3144,Answer: True,0.0014397901075147,0.9568138122558594
2192,10942,False,0.0013978728351881,0.7198385000228882
2193,5822,False,0.0,0.0
2193,9730,Answer: False,0.0149071198499985,0.9442217350006104
2193,5682,False,0.0079681907288959,0.7882291078567505
2194,18384,Answer: False,0.0008616780045351,0.7771323323249817
2194,5101,False,6.380640065379893e-05,0.8915295600891113
2195,10680,False,0.0007423923386456,0.709403395652771
2195,3928,False,5.357755207017079e-05,0.0
2195,6684,False,0.0013638618139749,0.6305173635482788
2196,19484,Answer: False,0.0060474407136225,0.8825099468231201
2196,11586,Answer: False,0.000322024869524,0.4116024971008301
2196,17366,Answer: False,0.0034914915239182,0.821287214756012
2197,19129,False,0.0005836012586931,0.730167806148529
2197,21628,False,0.0005836012586931,0.7168759107589722
2197,19085,False,5.146168559953864e-05,0.7664458751678467
2198,400,False,4.043004345664935e-05,0.0
2198,18935,False,3.561394486583992e-05,0.0
2199,20395,Answer: True,4.194725345087652e-05,0.9408950805664062
2199,18138,True,1.692207555033432e-05,0.8056756258010864
2200,11465,False,2.032146358851573e-05,0.0
2200,19317,False,0.0010406509017574,0.5767667889595032
2200,7542,False,8.383116183955973e-05,0.0
2201,1730,Answer: True,0.0002080247753954,0.779396116733551
2201,9724,False,0.0002065398735898,0.7936447858810425
2202,16282,False,0.0002851237020913,0.0
2202,13209,False,0.0002126293179499,0.0
2202,16608,False,0.0017857142857142,0.0
2203,19275,Answer: False,0.0003762697008214,0.0
2203,19154,False,6.057825328153827e-05,0.0
2203,6085,False,6.38550856814101e-05,0.0
2204,18637,False,0.0004410467700208,0.6644750833511353
2204,18213,False,0.0038575837490522,0.0
2205,10759,False,0.0004493032216809,0.0
2205,4964,False,4.946457486396258e-05,0.0
2206,3758,False,0.0009694282275308,0.0
2206,5853,False,2.6197388668607606e-05,0.0
2207,5711,False,0.0008907235428302,0.8525128364562988
2207,7753,False,0.0008907235428302,0.8461265563964844
2207,9780,False,0.0007422696190252,0.8117102384567261
2208,5792,False,0.0004385205766465,0.0
2208,8362,False,0.0003930342737882,0.5777610540390015
2208,5323,False,0.0004385205766465,0.0
2209,18421,False,4.6803637720090906e-05,0.7928360104560852
2209,17805,False,4.9088069367381605e-05,0.8108894228935242
2209,4268,False,0.0003091353445203,0.7239077091217041
2210,16870,Answer: False,0.000309492230295,0.8657753467559814
2210,19538,Answer: False,0.0004168458186022,0.8448081612586975
2210,16560,Answer: True,0.000309492230295,0.8879539966583252
2211,4646,Answer: True,0.0194444444444444,0.7763383388519287
2211,2296,False,0.0068041381743977,0.0
2211,4645,Answer: False,0.0008883363181483,0.6522155404090881
2212,17362,False,0.0002624319405407,0.0
2212,10403,False,0.0001540559586656,0.0
2212,21840,False,0.0002206828117497,0.0
2213,21798,Answer: False,3.258700713792689e-05,0.9577033519744873
2213,10162,False,5.805474393978223e-05,0.0
2213,12526,False,6.359578565201013e-05,0.567592442035675
2214,22028,False,0.0020246842729741,0.7727306485176086
2214,16045,False,0.0002169304578186,0.6569082736968994
2214,6718,False,0.0014316679791817,0.8059080839157104
2216,20675,Answer: True,2.0948848664355072e-05,0.9299024343490601
2216,20935,False,0.0003555770488623,0.0
2216,17494,Answer: True,1.310505826556245e-05,0.8160682320594788
2217,19467,Answer: False,7.71604938271605e-06,0.843636155128479
2217,12546,False,0.0007407407407407,0.5787878036499023
2217,18300,Answer: False,4.002165917930946e-05,0.6630755066871643
2219,1711,False,0.0008649988268461,0.0
2219,6043,False,0.0001019294382875,0.8200840353965759
2219,6846,False,9.988146110566548e-05,0.8787914514541626
2220,1128,False,0.0008598989506126,0.0
2220,16492,False,0.0003869347867085,0.0
2220,5075,False,0.0004238658219274,0.0
2221,13170,False,0.0004829452884162,0.0
2221,11098,False,0.0026726124191242,0.46390438079833984
2221,11340,Answer: False,0.0543431191888596,0.9602559804916382
2222,238,False,0.0010927167294163,0.0
2222,17362,False,0.0001241723556154,0.0
2222,19746,False,9.955533360591316e-05,0.0
2223,9713,False,0.0033128366473073,0.8808569312095642
2223,10753,Answer: False,0.0043777703271102,0.8642061948776245
2223,21098,False,0.0043777703271102,0.8475197553634644
2224,19255,False,0.0003402069087198,0.0
2224,3740,False,0.0003726779962499,0.0
2224,1397,False,0.0004166666666666,0.0
2225,5926,False,0.0002978645197304,0.0
2225,6161,False,0.0001949981012152,0.0
2226,12506,False,0.0008496879032243,0.0
2226,12499,False,0.0001068376068376,0.0
2226,8670,Answer: True,6.090497684638652e-05,0.7846724987030029
2227,18410,False,0.0003768891807222,0.0
2227,19212,False,6.578947368421052e-05,0.0
2227,5012,False,8.680555555555555e-05,0.0
2228,21268,False,9.295928724434344e-05,0.0
2228,3720,False,0.0002073707176989,0.0
2228,13518,False,9.295928724434344e-05,0.0
2229,10791,False,0.0014213227451301,0.8562865853309631
2229,14755,False,0.0014213227451301,0.8921158909797668
2229,22001,False,0.0007923044809025,0.0
2230,7626,False,0.0004914731871829,0.0
2230,1155,"False, as the two records are not related to the same entity",4.935836560955244e-05,0.0
2230,12949,False,6.500225074189858e-05,0.8304482698440552
2231,15977,Answer: False,0.000219298245614,0.8133275508880615
2231,2905,False,0.0003711961693228,0.0
2231,17839,Answer: True,0.0090063849093741,0.8849836587905884
2232,5606,False,7.123272064177166e-05,0.6858013272285461
2232,15014,False,0.0003215234047712,0.6060768365859985
2232,4149,False,0.000121842906474,0.0
2233,14603,False,0.0003286026473058,0.6351924538612366
2233,16149,False,0.0003673889284811,0.660746693611145
2233,4192,False,0.0004242241935117,0.6604276895523071
2234,15811,False,0.0002767557116127,0.0
2234,4944,False,4.814221929372383e-05,0.5949416160583496
2234,1115,False,4.53358487891435e-05,0.0
2235,19064,False,0.0016368212527466,0.8022394776344299
2235,20478,False,0.0008018753738744,0.0
2235,7222,True,0.0040093768693724,0.8942445516586304
2236,1662,False,7.037051018080231e-05,0.867216944694519
2236,11637,False,7.650080994246415e-05,0.8533399105072021
2236,11638,False,7.650080994246415e-05,0.8652793169021606
2237,1696,Answer: True,6.950174228561704e-05,0.9181799292564392
2237,19000,Answer: False,3.714599793185907e-05,0.7593039870262146
2238,21675,Answer: False,7.050342068334294e-05,0.8287628293037415
2238,2850,False,0.0004534558063645,0.668034017086029
2239,326,Answer: False,0.0028890635220064,0.763471245765686
2239,8512,Answer: False,0.0001686650037128,0.0
2239,1123,False,0.0001953363462243,0.0
2240,9871,False,0.001732397321688,0.5034316778182983
2240,7356,False,0.0001206644900678,0.0
2240,20377,False,0.0042874646285627,0.0
2241,3968,False,2.6928345993371e-05,0.0
2241,20614,False,2.63842829203515e-05,0.0
2242,11417,False,0.000347788552064,0.7992238402366638
2242,3458,False,0.0003174860586792,0.8444408178329468
2242,19928,False,0.0003174860586792,0.81989985704422
2243,14978,False,0.0001917412472118,0.0
2243,481,False,0.0019174124721184,0.7446351647377014
2243,16766,False,0.0001292719224987,0.710613489151001
2244,16490,False,0.0003913901819282,0.6377397775650024
2244,3297,False,0.0008946061301216,0.0
2244,594,True,6.0562031497011895e-05,0.9435022473335266
2245,11567,False,0.0021081851067789,0.0
2245,21664,False,0.0002969569354582,0.0
2245,3566,Answer: True,0.033587572106361,0.9132905602455139
2246,8672,False,0.0001779607363695,0.0
2246,5372,False,0.002339841946627,0.0
2247,21131,False,0.0006775963568181,0.0
2247,19453,False,0.0003695980128098,0.0
2247,20954,False,0.0005726734439533,0.0
2248,8368,Answer: True,3.6261886214694745e-05,0.8995192646980286
2248,20928,True,3.6261886214694745e-05,0.8886486887931824
2248,6301,False,3.6261886214694745e-05,0.8647472262382507
2249,5886,False,0.0001619096192662,0.0
2249,7204,False,0.0001221888087754,0.8280161619186401
2249,1237,False,0.0001221888087754,0.817714512348175
2250,721,False,0.0018184824186332,0.0
2250,692,False,0.0025717224993681,0.0
2251,20181,False,7.784184923044687e-05,0.9039348363876343
2251,18760,False,8.256374917642473e-05,0.918531596660614
2251,3885,False,8.527147348286381e-05,0.9147392511367798
2252,9232,False,9.35326430140936e-05,0.0
2252,5201,False,0.0027277236279499,0.0
2252,16783,True,0.0280670699693905,0.8006200194358826
2253,1302,Answer: True,0.0035140109052748,0.8618543148040771
2253,11265,Answer: False,0.0123691407422474,0.9471234083175659
2253,5234,False,0.0001125034498657,0.0
2254,14185,False,5.63787079874714e-05,0.9073696136474609
2254,8257,False,9.638940397858012e-05,0.9175271391868591
2254,6202,False,3.611638404221951e-05,0.8782293200492859
2255,14015,False,3.67216483095058e-05,0.9747186303138733
2256,16545,False,0.0003593680678124,0.0
2256,19805,False,0.0003936679943758,0.0
2256,9030,False,9.858079419176488e-05,0.0
2257,21267,False,0.0014777615748413,0.8141645193099976
2257,8356,Answer: False,0.0013823193780989,0.844280481338501
2257,20424,Answer: False,0.0013823193780989,0.8355715274810791
2258,8795,False,0.05,0.6808164119720459
2259,14834,Answer: False,0.0032654108051188,0.8240149617195129
2259,14374,False,0.0002030307236343,0.0
2259,6684,False,0.0011135885079684,0.0
2260,13722,True,0.001580662862239,0.8398531079292297
2260,21109,False,0.0002099904240128,0.9001682996749878
2260,2211,Answer: True,0.0002300329841838,0.9169952869415283
2261,21508,False,9.882889818955832e-05,0.0
2261,9788,False,0.0001041748056412,0.0
2261,18023,False,0.0001041748056412,0.0
2262,15485,False,3.932792421226501e-05,0.6615867018699646
2262,19343,False,3.932792421226501e-05,0.0
2262,7534,False,3.932792421226501e-05,0.0
2263,6962,False,0.0003930806858326,0.7302378416061401
2264,19564,Answer: False,0.0181632927307211,0.93192058801651
2264,19007,Answer: True,0.0276124045559518,0.967936635017395
2264,14656,False,0.022717205562556,0.9068824052810669
2265,18698,Answer: True,5.69868013793207e-05,0.9132379293441772
2265,18995,Answer: False,3.153580723835106e-05,0.8377320170402527
2265,21530,False,3.153580723835106e-05,0.8590080738067627
2266,1616,Answer: True,0.0471404520791031,0.9447053670883179
2266,13318,False,0.0824957911384305,0.6472954750061035
2267,2527,Answer: True,0.0095030868061585,0.8157635927200317
2267,8533,"False, as the model numbers are different and indicate potentially different products",0.0003186329637091,0.7945367097854614
2267,12022,False,0.0011587244366483,0.0
2268,5295,False,0.0024085019563335,0.6342490911483765
2268,3344,Answer: False,0.0009656090991705,0.6322534084320068
2268,10125,False,0.0040032038451271,0.0
2269,17966,False,0.0005320353317242,0.0
2269,17031,False,0.0004630225118683,0.0
2269,14095,"False, the first record refers to a surge protector and the second record refers to a laptop battery",0.0007259540086406,0.0
2270,21504,False,0.0001400829536701,0.6065894961357117
2271,15401,False,0.0005074050656235,0.0
2271,14858,False,0.0006214417518406,0.0
2271,10991,False,3.4120701706747875e-05,0.6601703763008118
2272,15971,False,5.892761123201494e-05,0.769426703453064
2272,18782,False,5.892761123201494e-05,0.6898679733276367
2272,12417,True,5.555748466837644e-05,0.8418968915939331
2273,3310,False,4.494155079327832e-05,0.8968228697776794
2273,5255,"False, as the second record describes a spindle of 50 discs, while the first record is for a single disc",1.951751334135977e-05,0.8769490122795105
2273,7311,False,1.951751334135977e-05,0.783135175704956
2274,10002,False,0.0001156763766009,0.792210578918457
2274,356,Answer: False,2.6503148416497537e-05,0.8111263513565063
2274,15144,False,0.0001368701345982,0.9120762944221497
2275,19662,True,0.0037348815637784,0.8854966163635254
2275,5644,False,0.0016556654463313,0.8413814306259155
2275,20234,False,4.138301559458228e-05,0.705294668674469
2276,12760,Answer: True,0.0002353807928315,0.8440849781036377
2276,16484,False,0.0001743096951153,0.5844056606292725
2276,8758,False,0.0002180675423984,0.7216722965240479
2277,10330,False,0.0007936507936507,0.0
2277,6626,False,0.0306186217847897,0.7881468534469604
2277,14580,Answer: False,0.0144337567297406,0.0
2278,19082,False,0.0003239249762614,0.7044805288314819
2278,6482,False,0.0005439926748615,0.0
2278,12525,False,0.0004441681590741,0.0
2279,10720,False,4.830946060352362e-05,0.0
2279,19012,False,4.830946060352362e-05,0.0
2280,16862,False,0.0030490240420237,0.0
2280,1393,False,0.000773869573417,0.0
2280,6988,False,0.0006701907097949,0.0
2281,10507,False,0.000963298867068,0.7013778686523438
2281,10508,False,0.0012436134898584,0.6432909965515137
2281,4460,False,0.0002512594538148,0.7259714603424072
2282,20778,False,7.503676764453173e-05,0.0
2283,20308,False,0.0002659104291176,0.0
2283,17524,False,0.0002659104291176,0.48011866211891174
2283,17525,False,0.0002659104291176,0.0
2284,18187,Answer: False,0.0001877503254576,0.8514952063560486
2284,17238,False,0.0001877503254576,0.841855525970459
2284,18495,False,0.0001877503254576,0.8570108413696289
2285,10367,False,0.0001797671653468,0.6187341809272766
2285,17217,False,0.0034752402342845,0.6028497219085693
2285,17550,False,0.0005675043538391,0.0
2286,21127,False,0.0023456455171578,0.6808582544326782
2286,11876,False,0.0001565100471719,0.5642211437225342
2286,4741,False,0.0040709811170988,0.6091228723526001
2287,13379,False,0.0002380952380952,0.0
2287,7506,False,0.000143564401471,0.0
2287,14798,False,0.0001243411828254,0.0
2288,21886,False,0.0003470939194975,0.8480232954025269
2288,19168,False,0.0003470939194975,0.831405758857727
2289,20303,False,1.9639291181740293e-05,0.8318043947219849
2289,8742,False,0.0001770602186468,0.0
2290,18211,False,0.0007592771477896,0.7189016938209534
2290,8322,Answer: False,2.6987563160285157e-05,0.8473919034004211
2290,3297,False,0.001073780040004,0.0
2291,3270,False,0.0012777531299998,0.5821503400802612
2291,11232,False,0.0012777531299998,0.56745445728302
2291,12046,False,0.0004040610178208,0.5095386505126953
2292,12103,False,0.0004165798882284,0.0
2292,18693,False,7.830639880249696e-05,0.0
2292,18134,False,0.0003856780336828,0.0
2293,18077,False,0.0003836574369644,0.0
2293,7043,False,0.0003512124587664,0.733127236366272
2293,17176,False,0.0004698824782934,0.0
2294,18782,False,7.472681241152605e-05,0.5997127294540405
2294,10419,Answer: False,7.472681241152605e-05,0.8658657073974609
2294,4362,False,7.472681241152605e-05,0.874724268913269
2295,19835,Answer: False,0.0013312051063847,0.6690905690193176
2295,235,False,1.2008931664341574e-05,0.6238330006599426
2295,21434,True,1.9675448873976136e-05,0.866290807723999
2296,4823,False,0.0029850976460189,0.9425371885299683
2296,4824,False,0.0018821608937402,0.942031979560852
2296,12892,False,0.0018821608937402,0.9527997970581055
2297,8781,False,3.514626077745233e-05,0.7390941381454468
2298,8176,False,0.0010564428184106,0.0
2298,4161,False,0.0006099375455928,0.0
2298,16117,Answer: False,3.72600379255215e-05,0.0
2299,9096,Answer: False,0.0001163483078588,0.8554517030715942
2299,15829,False,0.000212421975806,0.0
2299,17231,False,9.833226741733176e-05,0.801529586315155
2300,12081,False,0.0004252586358998,0.0
2301,21709,False,0.0005345835825829,0.6591589450836182
2301,1288,False,0.0005345835825829,0.618744969367981
2301,5836,False,0.0005345835825829,0.0
2302,19931,False,0.0001333812406224,0.5724431872367859
2302,15458,False,0.0001333812406224,0.5819507837295532
2302,2269,True,0.0072547625011001,0.7187307476997375
2303,13479,Answer: False,4.521143102215777e-05,0.8842980861663818
2303,6083,False,0.0005601783308279,0.8268076181411743
2303,5476,True,0.0006193004463479,0.831751823425293
2304,15546,False,0.0002251430112326,0.7581808567047119
2304,9630,False,0.0002251430112326,0.7782410383224487
2305,4470,False,0.0016260170339959,0.8188053369522095
2305,8576,False,0.0016260170339959,0.8020802140235901
2305,4469,False,0.0002064547546485,0.7582722306251526
2306,16561,False,0.0001275775907699,0.8794668912887573
2306,16194,Answer: False,0.0001397542485937,0.8803900480270386
2306,18101,Answer: False,0.0001332504477222,0.8691278696060181
2307,16441,False,0.0003637779047231,0.6997512578964233
2307,1104,False,5.587963134070382e-05,0.46330127120018005
2307,17304,False,0.0011703678341914,0.6170487403869629
2308,3303,False,0.0007607257743127,0.0
2308,16405,False,0.0007945521577046,0.0
2308,16687,False,0.0007308816827558,0.0
2309,2471,False,0.0004102075809594,0.0
2309,4217,False,0.0001720225339507,0.0
2309,12091,False,0.0002275644223664,0.0
2311,19587,False,0.0004402506502724,0.8924782276153564
2311,20733,False,0.0004640649320771,0.9315140843391418
2311,14868,False,0.000480377620914,0.8684917688369751
2312,21149,False,0.0004572745711889,0.0
2312,16567,False,0.0006780278124525,0.0
2312,15056,False,0.0006064465117117,0.0
2313,599,False,0.0004173955714306,0.46779903769493103
2313,3472,False,0.0009811468853477,0.0
2313,21641,False,0.0025958706582558,0.6741883754730225
2314,21059,False,0.0005048774385254,0.6598193049430847
2314,3131,False,0.0005037289997681,0.0
2314,5916,False,0.0005857122811566,0.6497151851654053
2315,21828,False,0.0005832118435198,0.6054436564445496
2315,12555,False,0.000752923252421,0.6984323263168335
2315,21153,False,0.0005832118435198,0.6136587262153625
2316,7219,False,0.0057735026918962,0.6463265419006348
2316,15174,False,0.01,0.6842993497848511
2316,7221,False,0.01,0.908928394317627
2317,4718,False,0.0006804138174397,0.8717375993728638
2317,20712,False,0.0006804138174397,0.7275301218032837
2317,15825,Answer: False,0.0001067246191649,0.8385888934135437
2319,21474,False,0.0002795303363481,0.0
2319,12278,False,0.0004419762689865,0.0
2320,21828,False,0.0005737280920732,0.5802242755889893
2320,12555,False,0.0007406797819503,0.7024027705192566
2320,21153,False,0.0005737280920732,0.5984621047973633
2321,11913,False,0.0006015806240642,0.6327840685844421
2321,8046,"False, the two records refer to different entities",3.96220521622387e-05,0.7735482454299927
2321,16035,False,3.96220521622387e-05,0.7663218379020691
2322,10671,False,0.0001974161488264,0.7103987336158752
2322,21797,False,0.0001974161488264,0.6765339970588684
2322,20112,False,0.0001974161488264,0.7141553163528442
2323,16809,Answer: False,6.95889000639221e-05,0.9251692295074463
2323,19464,False,0.0009299207927201,0.4580448567867279
2323,16958,Answer: False,7.516460280028289e-05,0.9270222187042236
2324,19699,False,0.0005333655732934,0.42402833700180054
2324,20693,False,0.0173343811320384,0.7292086482048035
2324,197,False,0.0018531232916527,0.0
2325,21740,False,0.0002909571869813,0.0
2325,5484,False,0.0002909571869813,0.0
2326,1681,True,3.374111256203944e-05,0.8634020686149597
2326,14192,False,0.0005421667071936,0.0
2327,8544,False,0.0001042971196503,0.981134295463562
2327,19925,False,0.0004689692753749,0.0
2327,15875,False,0.0004716456457576,0.0
2328,18170,False,0.0004260639009096,0.6162659525871277
2328,17215,False,0.0004260639009096,0.7095274925231934
2328,16352,False,0.0034975394850794,0.8249191045761108
2329,14073,False,0.0002252423644794,0.8086468577384949
2329,21085,False,0.00083468186383,0.6999648213386536
2329,11562,False,0.00083468186383,0.6831778883934021
2330,18515,False,0.0009929907136923,0.6475868225097656
2331,19076,False,7.984175079421727e-05,0.9107325673103333
2331,21976,False,8.1813448945636e-05,0.9207793474197388
2331,7294,False,7.984175079421727e-05,0.9017853736877441
2332,6743,False,0.0002848494128156,0.973125159740448
2332,18152,False,0.0002931076276593,0.9463534355163574
2333,17482,False,0.0003892494720807,0.0
2333,13075,False,0.0005504818825631,0.0
2333,4265,False,0.0001321960514633,0.0
2334,21403,False,0.0054554472558998,0.8451941013336182
2334,10108,Answer: True,0.0176776695296636,0.8751316070556641
2334,10109,False,0.0043519413988924,0.7994363903999329
2335,8279,Answer: True,0.0058791307542123,0.8288260102272034
2335,7257,False,0.0006264700137907,0.46704450249671936
2336,14666,False,0.0011601572731508,0.55763840675354
2336,16442,False,0.0011179555217251,0.7618628740310669
2337,19231,False,6.660408822179668e-05,0.8443765640258789
2338,14652,False,0.0025298476373096,0.6334437727928162
2338,8746,Answer: False,0.0003274063579841,0.8102898001670837
2338,4684,Answer: False,0.000400989257802,0.7341808080673218
2339,4607,False,0.0002799506434534,0.0
2339,2236,False,0.0029627191278012,0.7513926029205322
2339,16144,False,0.0003312420684001,0.7816132307052612
2340,3758,False,0.0040151004652476,0.8524762988090515
2340,20832,False,0.0023112508176051,0.78179931640625
2340,19673,False,0.0020672455764868,0.7872756123542786
2341,15015,False,0.0003062765541313,0.8108806610107422
2341,7893,True,0.0003345632228757,0.9069064259529114
2341,1100,False,0.0003448261170326,0.777418851852417
2342,638,False,0.0118461140413824,0.9861396551132202
2342,6559,Answer: False,0.0013226001425322,0.7810824513435364
2342,2051,False,0.0008331597764568,0.0
2343,10785,Answer: False,0.0003710047159121,0.842778205871582
2343,10786,Answer: False,0.0004021670688339,0.8246288299560547
2343,12850,"False, as the bundle in record 1 includes dark pink color option and comes with 50 bonus prints, while the camera in record 2 is black and does not have any mention of bonus prints",0.0004098911473649,0.825039267539978
2344,4984,Answer: True,0.0006313453403451,0.8620016574859619
2344,6970,False,0.0053033008588991,0.9515684843063354
2344,14944,Answer: True,0.0006313453403451,0.8656792044639587
2345,14257,False,0.0001564859668506,0.7573535442352295
2345,15061,False,0.0016031136069037,0.9254935383796692
2345,20145,False,0.0001564859668506,0.6560440063476562
2346,17834,False,0.0009126808071427,0.7104325294494629
2346,4009,False,0.0013746434980705,0.562692403793335
2346,9968,False,0.0001255695923618,0.6198464632034302
2347,7743,False,0.0010500401346627,0.8643574118614197
2347,19407,False,0.0012124819088148,0.8425766229629517
2347,2051,False,0.0009126808071427,0.0
2348,8480,False,0.0005181973215071,0.0
2348,617,False,0.0005793622183241,0.0
2348,10668,False,0.0003664208400304,0.6673595905303955
2349,18166,Answer: False,5.881001890395197e-05,0.9244595170021057
2350,2463,False,1.0010416252172878e-05,0.5983836054801941
2350,3994,False,4.34186729009908e-05,0.5681508779525757
2351,18636,False,0.0001157819272577,0.0
2351,21416,False,0.0003051277348988,0.0
2351,10302,False,0.000129448129957,0.0
2352,13306,False,0.0003215066611011,0.0
2352,1210,True,0.0003336432299805,0.8364149332046509
2352,11163,"False, as the capacities are different (4GB vs 1GB)",0.0003336432299805,0.7521358728408813
2353,1415,False,0.0010540925533894,0.6621742248535156
2353,13476,Answer: True,0.0046415350442041,0.9817999601364136
2353,9533,Answer: False,0.0010540925533894,0.8110578060150146
2354,2294,False,0.0032547227745205,0.6445332169532776
2354,21413,False,4.9880808804913353e-05,0.6822674870491028
2354,6218,False,0.0016273613872602,0.5749356746673584
2355,6062,False,0.0006191980139726,0.0
2355,16258,False,0.0002398857223155,0.0
2355,17031,Answer: False,0.0005670844467496,0.0
2356,5527,False,0.0080159559721839,0.9667251706123352
2356,9116,False,0.001524985703326,0.6002451777458191
2356,5524,True,0.0014397658277709,0.560118556022644
2358,10824,False,0.001414213562373,0.0
2358,20070,False,0.001443375672974,0.0
2358,8100,False,0.001443375672974,0.0
2359,190,False,0.0008753762190648,0.0
2359,15658,False,0.0010721125348377,0.0
2359,15733,False,6.316167965205846e-05,0.0
2360,17905,Answer: True,0.000154520936189,0.8168929219245911
2360,16530,False,0.001919375038071,0.5536684989929199
2360,7249,Answer: True,0.0053015746291416,0.8591996431350708
2361,1367,Answer: False,0.0009108238758047,0.0
2361,1128,False,0.0012880994780963,0.0
2361,15402,Answer: False,0.0001200342674726,0.0
2362,17737,Answer: True,0.0011029829031306,0.8681052923202515
2362,17735,True,0.0007856742013183,0.8459895849227905
2362,18064,True,0.0008908708063747,0.7906010746955872
2363,15601,False,4.312088473913138e-05,0.0
2363,916,False,0.0001063861091891,0.0
2364,15963,False,7.201053435627953e-05,0.0
2364,16366,Answer: True,0.0046119474049089,0.8953956365585327
2364,17915,Answer: True,0.0046119474049089,0.8832435011863708
2365,8618,True,0.0001606936366788,0.9487521648406982
2365,19791,False,0.0001358109107469,0.9159537553787231
2365,19514,False,0.0001358109107469,0.8916154503822327
2366,3303,False,0.0007607257743127,0.0
2366,16405,False,0.0007945521577046,0.0
2366,16687,False,0.0007308816827558,0.0
2367,5374,False,0.0003606186020065,0.7240188717842102
2367,15380,False,0.0003483400477705,0.6782957911491394
2367,19395,False,0.0003606186020065,0.6486679315567017
2368,11363,False,0.0031265686826027,0.8907709121704102
2368,15351,False,0.0031567754837047,0.8742249011993408
2368,7390,False,0.0010415698565969,0.7259041666984558
2369,20052,Answer: False,2.949119302740869e-05,0.7668392658233643
2369,4356,False,3.185412914955493e-05,0.8281694650650024
2369,9320,False,3.3786406095663544e-05,0.7501651644706726
2370,16314,False,6.427446723797822e-05,0.6225548386573792
2370,18707,False,0.0003119642714053,0.0
2370,18149,Answer: True,7.19854541883176e-05,0.7833120226860046
2371,8969,False,0.0008825321918918,0.911133885383606
2371,1004,False,0.0008825321918918,0.9098880290985107
2371,6949,False,0.0007783202345848,0.9339075088500977
2373,20709,False,0.003213498885889,0.6877338290214539
2373,13613,False,0.0013884933924503,0.5012860298156738
2373,19824,False,0.0010573447947118,0.6443033218383789
2374,10959,False,0.0003608439182435,0.6791566014289856
2374,14979,False,0.0018051795156565,0.820809006690979
2374,3051,Answer: False,0.0018051795156565,0.9214584827423096
2375,3158,False,0.0001151988111691,0.0
2376,20244,False,0.0007188851546895,0.7237942814826965
2376,8459,False,0.0006225728063646,0.6854056715965271
2376,21401,False,0.0004947706959952,0.7680076360702515
2377,17946,False,0.0009128709291752,0.0
2377,18891,False,0.0018257418583505,0.7895947098731995
2378,12300,False,0.0003780076763554,0.0
2378,1500,False,0.0005071505162084,0.0
2378,11830,Answer: False,4.546206046583175e-05,0.9111950993537903
2379,8320,False,0.0008939088741212,0.6740487813949585
2379,264,Answer: True,0.0001173011045433,0.8456737995147705
2379,10267,Answer: False,0.0001354476485687,0.9649240970611572
2380,2526,False,0.0009787003658578,0.0
2380,3800,False,9.471293863140376e-05,0.0
2380,13188,False,0.0001051090720429,0.0
2381,4375,False,5.850614920242029e-05,0.7094612717628479
2381,21429,False,0.0006581654197323,0.0
2381,3482,Answer: False,0.0040967885586733,0.8444989919662476
2383,12281,False,0.0003273642505493,0.0
2383,18902,False,0.0009820927516479,0.0
2383,14887,False,0.0005670115145331,0.0
2384,9537,False,0.0002986578607168,0.0
2384,1421,False,0.0002695897700344,0.0
2385,7504,False,0.0005264859171294,0.8315660953521729
2385,13185,False,0.000425762915261,0.48736315965652466
2385,3523,False,0.0005264859171294,0.8167741298675537
2386,17200,Answer: False,0.0001250760693823,0.0
2387,20821,False,0.0027737119844933,0.9446110725402832
2387,18358,False,0.0004100013776069,0.0
2387,9709,Answer: False,0.0004851108144634,0.6495561003684998
2388,18425,Answer: False,0.0003494370434286,0.7975716590881348
2388,18273,False,0.0008934271123648,0.0
2388,16480,False,0.0003617017032427,0.7528854608535767
2389,18443,False,6.167174060949182e-05,0.9214123487472534
2389,21566,True,5.942837625931245e-05,0.9059631824493408
2389,21713,False,8.90870806374748e-05,0.0
2391,17179,False,7.963237366212899e-05,0.0
2391,280,False,0.0001070158511846,0.0
2391,3267,False,0.0007491109582924,0.0
2392,1454,False,0.0003630918341252,0.0
2392,4679,False,5.814122506017908e-05,0.0
2392,17643,False,0.0003248099837685,0.9266220331192017
2393,10368,False,0.0002117238009858,0.8598259687423706
2393,521,False,0.0002117238009858,0.7853282690048218
2393,15332,False,0.0002117238009858,0.6837062239646912
2394,13251,Answer: False,0.0024856132505971,0.967458963394165
2394,475,False,0.0006289432567832,0.0
2394,20341,False,0.0005741440152182,0.0
2395,2578,False,0.0005568000551394,0.8008238673210144
2395,6532,False,0.0005568000551394,0.8031117916107178
2395,12583,False,0.0004478897786835,0.8140245079994202
2396,16561,True,0.0001818482418633,0.898979902267456
2396,16194,Answer: False,0.0001992047682223,0.8992221355438232
2396,18101,Answer: True,0.0001899342940993,0.889876127243042
2397,13779,False,0.0001398832629717,0.0
2397,21968,False,0.0009532076707171,0.6921157836914062
2397,10117,Answer: True,0.0005831820900905,0.8168494701385498
2398,4879,False,0.0013966391906795,0.0
2398,10876,False,0.0012930366348612,0.0
2398,8925,False,0.0012930366348612,0.0
2399,14147,False,0.0011904761904761,0.0
2399,7267,False,0.000116896477244,0.0
2400,10787,False,0.0028398091712353,0.7425920963287354
2400,12758,False,0.0004888237167378,0.8653954863548279
2400,12270,False,0.0004888237167378,0.0
2401,4328,False,0.000532880380583,0.8480938673019409
2401,4329,False,0.0005101941215616,0.8673089742660522
2401,20333,False,0.0005498876158088,0.8678112030029297
2402,16273,False,5.5243981729065926e-05,0.8509699702262878
2402,17787,False,0.0001428571428571,0.8495807647705078
2402,18318,True,0.000180701580581,0.792781412601471
2403,1446,False,0.0002388809416775,0.7978609800338745
2403,267,False,0.0002474724481833,0.6711217761039734
2403,468,False,0.0002474724481833,0.5577139854431152
2404,19307,False,0.0003912074453932,0.0
2404,13966,False,0.0004334979493102,0.0
2404,5077,False,0.0004013411146816,0.0
2405,13013,Answer: False,0.0021759706994462,0.8950517773628235
2405,18332,Answer: False,2.4757730239692357e-05,0.0
2405,8668,Answer: False,0.0029193710406057,0.9532445669174194
2406,656,False,6.749892945437497e-05,0.6735581755638123
2406,3609,False,0.0008504865111251,0.0
2407,12311,True,3.4291338862483566e-05,0.977907121181488
2407,7889,False,8.389450690175304e-05,0.0
2407,8331,False,0.0011864474946906,0.7423217296600342
2408,5518,False,0.004684855792842,0.7844648361206055
2408,15482,False,0.0011712139482105,0.621333658695221
2408,13984,False,0.0001341514690045,0.0
2409,5687,False,0.0001094000238439,0.9358888268470764
2409,17740,False,0.0001073358724506,0.0
2409,11714,False,0.0036151241307583,0.9791529178619385
2410,3584,False,0.0001785714285714,0.5655301809310913
2410,21622,False,0.0001458029608799,0.0
2410,5569,False,0.0001597191412499,0.587530255317688
2411,6946,False,6.202710763944084e-05,0.7140892744064331
2411,6945,Answer: False,8.972554979642778e-05,0.7227383255958557
2411,4921,False,6.478520102151371e-05,0.656223475933075
2412,8791,Answer: False,0.0002576559883806,0.0
2412,7233,Answer: True,8.139625899246267e-05,0.9426401853561401
2412,16896,False,6.073872634803984e-05,0.6590376496315002
2413,4840,False,0.0009085850486084,0.8685498237609863
2413,3132,False,0.0009085850486084,0.8335776329040527
2414,33,False,0.0010879853497231,0.7699437141418457
2414,3314,False,0.0001123052286166,0.0
2414,7358,False,0.0007693218186208,0.7769216895103455
2415,13451,False,0.0001161785801129,0.0
2415,4891,False,0.0001254872087368,0.0
2415,13758,False,0.0028867513459481,0.0
2416,14390,False,0.0041666666666666,0.0
2416,5899,Answer: False,0.0043740888263985,0.7961090803146362
2416,2491,False,0.0026352313834736,0.5279233455657959
2417,8464,False,0.0003616926311013,0.0
2417,1411,False,0.0009221388919541,0.0
2417,10180,False,0.0003764616262105,0.0
2418,7679,False,0.0051031036307982,0.669148325920105
2418,20856,False,0.0021516574145596,0.0
2418,18847,False,0.0006881023532039,0.0
2419,3415,False,0.0001081476140871,0.6803497076034546
2419,20205,False,0.0001081476140871,0.0
2419,15372,False,0.0001081476140871,0.6654642820358276
2420,13497,False,0.0007758234401928,0.0
2420,9025,False,0.0027972711943222,0.0
2420,2539,False,0.0007417385363711,0.0
2421,10969,False,0.0010050378152592,0.0
2421,17780,False,0.0021931723165325,0.0
2421,233,False,0.0025949964805384,0.0
2422,8663,Answer: True,6.040980621699199e-05,0.8765435814857483
2422,1256,False,5.566048169474584e-05,0.8985317945480347
2422,15181,False,8.285182179376525e-05,0.8755731582641602
2423,21288,False,0.0007960130728689,0.8385870456695557
2423,21289,False,0.0002489087492806,0.755691409111023
2423,7502,False,0.0008002304995805,0.0
2424,894,False,4.458852753553624e-05,0.0
2424,15634,False,0.0001267652156308,0.0
2424,4801,False,0.0001463758627367,0.0
2425,21979,False,0.0002534432907478,0.0
2425,16751,False,0.0021383343303319,0.0
2425,9886,False,0.0017792017089454,0.0
2426,18369,False,0.0006333354027601,0.8498086929321289
2426,18367,Answer: False,0.0011795502666457,0.7300050258636475
2426,17120,Answer: False,0.0013040418852758,0.7259734869003296
2427,1247,False,8.164965809277261e-05,0.5928874015808105
2427,1159,Answer: False,0.0011878325625526,0.7884671688079834
2427,1156,Answer: True,7.844645405527362e-05,0.8146268129348755
2428,20244,False,0.0005939138709164,0.7446384429931641
2428,8459,False,0.0005143444998736,0.7307279109954834
2428,21401,Answer: False,0.0004087595596566,0.7832950949668884
2429,11988,Answer: False,0.0003223375626513,0.9263498783111572
2429,14247,False,1.829420864147617e-05,0.8238279819488525
2429,13944,Answer: False,5.8216773335400965e-05,0.8533167839050293
2430,18507,Answer: False,4.479639363553656e-05,0.9271417856216431
2431,10840,False,0.000218486481578,0.0
2431,11012,False,0.0002393399489405,0.0
2432,5608,False,0.0002,0.0
2432,14654,False,0.0002236067977499,0.0
2434,7203,False,0.0002000560235309,0.0
2435,20419,Answer: True,0.0061838465294421,0.9169750213623047
2435,3049,False,0.000131571202754,0.0
2435,11382,False,0.0001230735906678,0.0
2436,760,Answer: False,0.0014787404371367,0.9237138032913208
2436,6690,False,0.0001330201292776,0.9278903007507324
2436,14635,False,0.0014787404371367,0.9302914142608643
2437,4430,False,0.0044151078568834,0.7873143553733826
2437,8537,False,0.0038235955645093,0.746135950088501
2437,14435,False,0.0044151078568834,0.7549622058868408
2438,3498,False,0.002817180849095,0.0
2438,15863,False,0.0023809523809523,0.0
2438,2861,Answer: False,0.0001554080837772,0.9469650387763977
2439,12866,Answer: True,0.0012428307479193,0.9375119805335999
2439,881,False,0.0010503836945114,0.8751274347305298
2439,6814,Answer: False,0.0017612558186769,0.8429257869720459
2440,18177,False,0.0007724829577655,0.7823590040206909
2440,6643,"Answer: False, as the second record includes a different quantity of items in the kit",0.0088835540143036,0.9176377058029175
2440,9837,False,0.0006307296938404,0.6434941291809082
2441,20227,False,0.0003137773202117,0.7754005193710327
2441,12769,False,0.0018042195912175,0.0
2441,21373,False,0.0003137773202117,0.8211410045623779
2442,5824,False,0.0030755932607613,0.6478894948959351
2442,17452,False,0.0061347461029776,0.873981237411499
2442,11650,False,0.0031497039417435,0.0
2443,18402,False,0.0005823375560912,0.9142428636550903
2443,17453,Answer: False,0.0005823375560912,0.8882097005844116
2443,16872,False,0.0004212048667164,0.6820859313011169
2444,15724,False,0.002,0.0
2444,5745,False,0.002,0.0
2444,19317,False,0.0012830005981991,0.6361229419708252
2445,15922,False,0.0001927788079571,0.0
2445,13066,True,0.0184466196843155,0.7470294833183289
2445,3884,False,0.0015214515486254,0.0
2446,2071,False,0.0003737071077757,0.0
2446,7905,False,0.0007474142155514,0.0
2446,15980,False,0.0003737071077757,0.0
2447,2526,False,0.0033333333333333,0.6080237030982971
2447,8449,False,0.0091287092917527,0.0
2447,14433,Answer: True,0.0033333333333333,0.6252504587173462
2448,10281,False,3.139182887133381e-05,0.644683837890625
2448,9714,False,0.0002936101097573,0.0
2449,13966,False,0.0005057088038605,0.0
2449,17367,False,9.32376311316258e-05,0.0
2449,5077,False,0.000468195375246,0.0
2450,20465,False,4.166325312014589e-05,0.5812447667121887
2451,21267,False,0.0013526466292541,0.7985026836395264
2451,8356,Answer: False,0.0012652850630108,0.8230718970298767
2451,20424,Answer: False,0.0012652850630108,0.817879855632782
2452,12120,False,0.0006074429030505,0.7722253799438477
2452,2138,False,0.0008149701742024,0.7976618409156799
2452,16070,False,0.00074637919684,0.0
2453,16397,False,0.0002992309175802,0.0
2453,21417,False,0.0004845015831115,0.0
2453,21074,False,0.0004894205070196,0.0
2454,5851,False,0.0001282203031034,0.0
2454,9829,False,0.0001046914390895,0.0
2454,3045,False,0.0001146837255339,0.0
2455,21508,False,8.57240833122733e-05,0.0
2456,9576,False,0.0012749976074026,0.7314181327819824
2456,21085,False,0.0012749976074026,0.7256964445114136
2456,11562,Answer: False,0.0012749976074026,0.785521388053894
2457,6879,False,0.0008928571428571,0.0
2457,18103,Answer: False,0.0001521134678571,0.9016745090484619
2457,17144,Answer: True,0.0001603416737384,0.8891053199768066
2458,15049,False,0.0020979533957417,0.0
2458,11096,False,0.0014834770727423,0.0
2458,9114,False,0.0029669541454846,0.0
2459,173,False,0.0074535599249992,0.7963319420814514
2459,11483,False,0.0052704627669472,0.6899200081825256
2459,7486,False,0.0008298826628866,0.8625857830047607
2460,9626,False,0.0025649458802128,0.0
2461,7240,Answer: True,0.0011489934470935,0.7836897969245911
2461,13243,Answer: True,0.0010397109437069,0.8094489574432373
2461,13244,Answer: True,0.001095522267092,0.8040227890014648
2462,8175,Answer: True,0.0063633629026767,0.931833028793335
2462,12169,False,0.001909008870803,0.7295498847961426
2462,14117,Answer: False,0.0051956640532379,0.9250375032424927
2463,7495,False,0.0011605177063713,0.0
2463,5473,False,0.0011605177063713,0.0
2463,11493,False,0.0011605177063713,0.0
2464,15665,False,0.0001843067791213,0.7625318169593811
2464,22020,False,0.0001843067791213,0.6934449672698975
2464,16112,False,0.0002128191370784,0.8232523202896118
2465,20293,False,0.0013764944032233,0.8603627681732178
2465,21734,False,0.0099795844233694,0.9163769483566284
2465,13406,False,0.0030010962909191,0.8861566781997681
2466,311,Answer: False,0.0004928486273968,0.49914097785949707
2466,18307,False,0.0004928486273968,0.5118247270584106
2466,20930,False,0.0004928486273968,0.5284938216209412
2467,17204,False,2.113996201225003e-05,0.9080331325531006
2468,17737,False,0.0004152438153224,0.7484902143478394
2468,10813,"Answer: False, as the second record provides additional product details that are not mentioned in the first record",0.0015126166731009,0.8242237567901611
2468,16832,Answer: True,0.0011799162663079,0.7731613516807556
2469,10008,False,0.0003745554791462,0.0
2469,15333,False,0.0003165571568323,0.0
2470,14525,False,0.0014403429576819,0.8179224133491516
2471,19283,Answer: True,0.0010840131626634,0.9769045114517212
2471,4728,False,6.82138396929405e-05,0.9300374984741211
2472,17123,False,0.0005590169943749,0.0
2472,2428,False,0.0005103103630798,0.0
2472,18368,False,4.902903378454602e-05,0.0
2473,11680,False,0.000505282552159,0.0
2473,20270,False,0.0004125614762402,0.0
2473,7876,False,0.0007145774380937,0.0
2474,19365,False,9.215916634557658e-05,0.0
2474,14437,Answer: False,0.0004365189348559,0.9170504808425903
2474,4429,False,0.0017094447798556,0.7871345281600952
2475,8416,False,7.413682710038818e-05,0.0
2475,7296,False,0.0009202627172903,0.7363275289535522
2476,1006,False,0.0013623731522826,0.8631735444068909
2476,18730,False,0.0012436708454077,0.8560537695884705
2476,6955,True,0.001638486986807,0.9306631684303284
2477,6906,Example 3:,0.0003339218972678,0.8306020498275757
2477,17116,False,0.0003339218972678,0.7912015914916992
2477,4884,Answer: False,0.0003569801329836,0.8769586086273193
2478,10147,False,0.0008838834764831,0.6555492281913757
2478,16862,Answer: False,0.0023120369536584,0.8123316764831543
2478,20489,False,0.0031570119633978,0.6541853547096252
2479,114,Answer: False,0.0002946278254943,0.5914714932441711
2479,10669,True,0.0012989028944911,0.9311391711235046
2480,19676,False,0.0035533452725935,0.0
2480,12211,False,0.004103049699311,0.0
2480,12709,False,0.0026860765467512,0.0
2481,11093,False,0.0010206207261596,0.6786239743232727
2481,7915,False,0.0010206207261596,0.606815755367279
2481,6885,Answer: True,0.01944543648263,0.884929895401001
2482,16163,False,2.6638641928832696e-05,0.0
2482,3779,False,0.0003438070820862,0.0
2483,20805,False,0.0036155076303109,0.0
2483,21633,False,0.0015419076658678,0.9310067892074585
2483,6004,False,0.0022140372138502,0.0
2484,6068,False,0.0002733342517379,0.7155987620353699
2484,7412,False,0.00107868632964,0.7896285653114319
2484,7413,False,0.00107868632964,0.7815525531768799
2485,13377,False,3.0745598124244806e-05,0.7858635187149048
2485,8095,Answer: True,0.0023200105852737,0.8976835012435913
2485,20010,True,0.0004399800806403,0.8815882205963135
2486,18907,False,0.0035944257734479,0.0
2486,18517,False,9.242337595915434e-05,0.0
2486,21101,False,0.0015326682995723,0.0
2487,19588,Answer: False,7.830660327581584e-05,0.7275885343551636
2488,5635,Answer: True,0.0040539577981932,0.9537482857704163
2488,15463,False,0.0003464794643376,0.5733511447906494
2488,11372,False,0.0003464794643376,0.5044253468513489
2490,18370,False,0.0020286020648339,0.0
2490,11586,False,0.0002805979290422,0.0
2490,17432,False,0.0016037507477489,0.0
2491,21068,Answer: False,0.0008910180942663,0.7965503931045532
2491,1361,False,0.0008249224609328,0.7336536049842834
2491,18687,False,0.0008018753738744,0.6640966534614563
2492,14170,False,0.0001281804804824,0.6475776433944702
2492,15549,False,0.0002723835210252,0.6440411806106567
2492,1492,False,0.0004717820975602,0.5881810188293457
2493,15530,False,0.0015748519708717,0.0
2493,13451,False,0.0001202562553038,0.0
2493,4891,False,0.0001298916013309,0.0
2494,402,False,0.0003706246583305,0.0
2495,17287,False,0.0004738112772368,0.3900318443775177
2495,15568,False,0.0004994409390472,0.6842634081840515
2496,11116,False,0.0003210475535539,0.0
2496,22002,False,0.0002270149022013,0.0
2496,3245,False,0.0003210475535539,0.0
2497,19525,Answer: True,0.0021789133129719,0.8059283494949341
2497,7861,False,0.0002656063576298,0.0
2497,4572,False,0.0003011693009684,0.0
2498,3148,False,0.0016382439572766,0.0
2498,12309,False,0.0028375217691958,0.0
2498,15208,False,0.0017025130615174,0.0
2499,17571,False,0.0029565619799454,0.0
2499,11906,False,0.0039621442587516,0.34411725401878357
2499,21361,False,0.0062017367294604,0.6170946359634399
2500,20319,False,0.0004944923575807,0.715662956237793
2500,9820,False,0.0004944923575807,0.651753842830658
2500,19986,False,0.0004175713241793,0.6195383071899414
2501,10419,False,7.472681241152605e-05,0.8675680160522461
2501,4362,Answer: True,7.472681241152605e-05,0.877240002155304
2501,18782,False,7.472681241152605e-05,0.5579231977462769
2502,16330,False,3.618403511936848e-05,0.6888291835784912
2502,2105,False,2.9221244477557597e-05,0.9282187223434448
2502,4033,Answer: False,0.0002157598992723,0.47257116436958313
2503,20051,Answer: False,0.0111111111111111,0.8898857235908508
2503,496,False,0.0028103819197059,0.7827070355415344
2503,21913,False,0.0037177858243271,0.7552496790885925
2504,10552,False,0.000361475168286,0.0
2504,20080,False,0.0024282146558931,0.0
2506,1894,False,0.001750350105035,0.0
2506,5591,False,0.0013474201390907,0.5755025148391724
2506,10194,False,0.0013634933135064,0.6963312029838562
2507,7055,Answer: False,0.0005519746881316,0.8765119314193726
2507,1090,False,0.0004665037561769,0.870006799697876
2507,5038,Answer: True,0.0018788369192173,0.8676717281341553
2508,3584,False,0.0001814287528574,0.5508009195327759
2508,21866,True,0.0002704848461297,0.7903269529342651
2508,11582,True,0.0002530154056329,0.7665377855300903
2509,920,False,0.0009105972745135,0.0
2509,8785,False,0.0009598538062015,0.0
2509,14824,False,0.0011755760264309,0.0
2510,20229,False,0.0005371688032419,0.6473702192306519
2510,11625,Answer: False,0.0061786088851967,0.9254602193832397
2510,13583,False,0.0005371688032419,0.7236578464508057
2511,21503,Answer: False,0.0009840751499081,0.9108418226242065
2512,21179,False,0.0005723450572964,0.0
2512,4935,False,0.0007571413428616,0.0
2512,9403,False,0.0005723450572964,0.0
2513,1024,False,0.0008202576106459,0.6770808100700378
2513,20426,Answer: False,0.0012736323253267,0.944031834602356
2514,19042,False,0.0008204548590822,0.7535987496376038
2514,10644,False,0.0008660784550564,0.8392007350921631
2515,4294,False,0.0006074903650893,0.0
2515,8088,False,0.0005082629049748,0.0
2515,10206,False,0.0006074903650893,0.0
2516,20309,False,0.0001890134809846,0.902145266532898
2516,19679,False,0.0002070538944157,0.7172307372093201
2517,6790,False,0.0017582699241342,0.5957038998603821
2517,10725,False,0.0019611613513818,0.7751296162605286
2517,17904,False,0.0017582699241342,0.8273931741714478
2518,20648,False,0.0010626278551055,0.0
2518,661,False,0.0012270169563871,0.0
2519,8655,False,0.0010803020268127,0.0
2519,15172,False,0.0006434066934928,0.0
2519,2668,Answer: False,6.773556863964645e-05,0.9468272924423218
2520,19129,False,0.0006017217836013,0.6941426992416382
2520,21628,False,0.0006017217836013,0.6874866485595703
2520,15683,False,0.0013181055558768,0.7781471610069275
2521,19082,False,0.0002631578947368,0.0
2521,18699,False,0.0003038685627313,0.0
2521,3578,False,0.0003038685627313,0.0
2522,3323,False,0.0018518518518518,0.8395959138870239
2522,3324,False,0.0101851851851851,0.890314519405365
2522,3325,False,0.0014344382763731,0.7738550305366516
2523,3766,False,0.0055892580711265,0.5825494527816772
2523,4321,False,0.0017194029290463,0.7750517129898071
2523,10365,Answer: False,0.0062653837968229,0.8656220436096191
2524,18273,False,0.0007839340569863,0.0
2524,7426,False,0.0013718269207881,0.6800181269645691
2524,14111,False,0.0007273630422751,0.0
2525,20627,False,0.0009119215051751,0.8239901065826416
2525,5372,Answer: False,0.0051465023546566,0.8755320310592651
2525,5989,False,0.0009119215051751,0.7573162317276001
2527,11279,False,0.0006331115473195,0.8567451238632202
2527,13282,Answer: False,0.0018449468161456,0.8390591144561768
2527,21062,False,0.0007965748111129,0.8516627550125122
2528,13667,False,0.0017376201171422,0.0
2528,18460,False,0.0010989674556596,0.0
2528,13360,False,0.0009287970209589,0.0
2529,4032,False,9.209555664467132e-05,0.0
2529,10116,False,8.614750495214812e-05,0.0
2530,19502,False,0.000180451919447,0.0
2530,13748,False,0.000180451919447,0.0
2530,21218,False,0.000180451919447,0.0
2531,9740,False,0.0005136112928011,0.0
2531,4659,False,0.0007217862860109,0.9248718023300171
2531,19976,Answer: False,0.002194371324692,0.9598462581634521
2532,15530,False,0.0016343011261515,0.0
2532,6037,False,0.0009065471553673,0.0
2533,16209,False,0.0009435641951204,0.0
2533,6538,False,0.0020016019225635,0.0
2533,2587,False,0.0028306925853614,0.0
2534,6086,False,0.0008694008849288,0.0
2534,6336,False,0.0003800257136082,0.0
2534,6881,False,0.0011501092655705,0.0
2535,14950,False,0.0001951220440795,0.0
2535,4412,False,0.0002137454900177,0.0
2535,2772,False,0.0003379612940224,0.0
2536,7762,False,0.0163299316185545,0.9171968102455139
2536,12331,False,0.0019641855032959,0.8314704895019531
2536,12333,True,0.0026352313834736,0.9184345602989197
2537,10479,False,0.0002520243245454,0.9016400575637817
2537,9248,False,0.0002520243245454,0.6321671605110168
2537,11918,False,0.0002520243245454,0.9285632371902466
2538,2279,Answer: True,0.0020252885111903,0.9766448140144348
2538,4216,False,0.0001448449750788,0.7943311929702759
2538,6192,False,0.0001448449750788,0.9118367433547974
2539,10705,Answer: True,0.0033822442362164,0.8573814630508423
2539,20599,False,0.0001354859327381,0.0
2539,20751,False,0.004055535528269,0.0
2540,11344,True,0.0015212883866058,0.584412693977356
2540,21344,"record 1 and record 2 both refer to the same product, the ZyXEL HomePlug AV 200Mbps Powerline Wall Plug Adapter PLA401V3",0.0017563918071488,0.9238864779472351
2540,5175,False,0.0017563918071488,0.9625819325447083
2541,11272,False,0.0006811323278092,0.6781364679336548
2541,13395,False,0.0002117238009858,0.0
2541,14698,Answer: True,0.0012795923383212,0.7286938428878784
2542,19772,False,0.0002487592975524,0.0
2542,10945,False,0.0002224970797449,0.0
2542,19023,False,0.0002224970797449,0.0
2543,567,False,0.0070164095214017,0.827520489692688
2543,6684,False,0.0017010345435994,0.0
2543,2533,False,0.0144858680868077,0.9262221455574036
2544,18025,False,0.0035454386196737,0.8472989201545715
2544,16195,False,0.0039639208818217,0.8662745952606201
2544,18024,False,0.0003220820066553,0.7337107062339783
2546,2041,False,0.0004545454545454,0.0
2546,16597,False,0.0003668123245982,0.8423271179199219
2546,5349,False,0.0003352710559864,0.9295424222946167
2547,18683,False,0.0001024340716002,0.0
2548,3616,Answer: False,0.0024056261216234,0.8302962779998779
2548,19117,Answer: False,0.0032803992567592,0.8842605352401733
2548,1648,Answer: False,0.0029462782549439,0.9395531415939331
2549,21131,False,0.0007139215614635,0.0
2549,20954,False,0.0006033738452133,0.0
2550,70,False,0.0003735361670774,0.5363097190856934
2550,21389,False,0.0003341009046559,0.6428415775299072
2550,15807,False,0.0003488910673008,0.759182333946228
2551,9491,False,0.0001997158068926,0.0
2551,7486,False,0.0002157177263073,0.0
2552,7190,False,0.0001368566712275,0.0
2552,12292,False,0.0001368566712275,0.6963573098182678
2552,15224,False,0.0001430299315939,0.8419985771179199
2553,4296,False,0.0004176466758604,0.0
2553,11306,False,0.0004176466758604,0.0
2553,20861,False,0.0017902871850985,0.5088627934455872
