,D1,D2,responses,s-weight
0,3,436,True,0.5121687650680542
1,4,2284,True,0.5919520854949951
2,8,3335,False,0.0
3,9,890,True,0.7437613606452942
4,10,1484,False,0.5805370211601257
5,10,5104,True,0.763752281665802
6,11,73,True,0.5308917164802551
7,19,1263,True,0.7274896502494812
8,21,4889,True,0.7204132080078125
9,23,5026,True,0.8474622964859009
10,26,5190,True,0.7632163763046265
11,27,5834,True,0.5460893511772156
12,30,759,False,0.0
13,31,3869,True,0.6939626932144165
14,33,2688,False,0.0
15,33,1494,True,0.8688443899154663
16,33,4089,False,0.4720751941204071
17,34,2605,True,0.6510984897613525
18,37,1450,True,0.5830063819885254
19,40,2930,True,0.6639564037322998
20,41,1694,True,0.8483496308326721
21,42,734,True,0.598915696144104
22,44,2757,True,0.7262867093086243
23,45,3384,False,0.0
24,45,2168,True,0.8029116988182068
25,49,4413,True,0.6892825961112976
26,50,3695,True,0.7679340839385986
27,54,46,True,0.6520261764526367
28,58,1668,True,0.6926147937774658
29,59,5832,True,0.427620530128479
30,59,6037,False,0.0
31,64,2415,True,0.8266816735267639
32,64,1432,False,0.0
33,66,4373,True,0.7126305103302002
34,68,4927,True,0.7524594068527222
35,69,738,True,0.5936456918716431
36,73,5312,True,0.5640683770179749
37,75,1437,True,0.8596277832984924
38,77,5547,True,0.6893410682678223
39,79,3271,True,0.8784659504890442
40,81,5921,True,0.9195994138717652
41,82,1005,True,0.7651561498641968
42,82,5050,False,0.3989185392856598
43,83,76,True,0.5299309492111206
44,89,3288,False,0.5895030498504639
45,90,5260,True,0.7828311920166016
46,91,2658,False,0.0
47,91,2756,True,0.7655919790267944
48,92,4449,False,0.0
49,92,1696,False,0.0
50,92,554,False,0.0
51,95,971,False,0.0
52,95,3319,True,0.6821219325065613
53,99,3085,True,0.6566583514213562
54,100,2766,True,0.665969729423523
55,100,1320,False,0.0
56,102,2294,False,0.0
57,110,3604,True,0.728653073310852
58,111,3685,True,0.5479689836502075
59,111,2113,False,0.0
60,112,2376,True,0.3263565003871918
61,114,5191,True,0.8782569169998169
62,114,3692,False,0.0
63,115,3616,True,0.6682067513465881
64,118,805,True,0.6342483758926392
65,119,1251,True,0.7331428527832031
66,120,3948,True,0.6643410325050354
67,126,2765,True,0.614250123500824
68,127,3872,True,0.6925628781318665
69,129,1443,True,0.6518833041191101
70,131,4824,False,0.3501973152160644
71,132,5946,False,0.0
72,132,1689,False,0.0
73,132,1930,True,0.8992794752120972
74,136,1461,True,0.7371390461921692
75,138,41,True,0.8456442356109619
76,139,1810,True,0.5977203845977783
77,143,829,True,0.8924022316932678
78,143,3880,False,0.0
79,145,5423,False,0.5407772064208984
80,147,1924,True,0.693516731262207
81,151,5124,True,0.5967887043952942
82,156,1049,True,0.8567301034927368
83,158,4906,False,0.4907398223876953
84,159,5522,True,0.4687811136245727
85,160,3999,True,0.7067943215370178
86,161,1356,True,0.6494203209877014
87,163,5138,True,0.6325780153274536
88,166,3115,False,0.0
89,167,2452,False,0.0
90,168,5320,False,0.0
91,168,4930,False,0.0
92,169,3047,True,0.5312545299530029
93,170,5834,False,0.4515825510025024
94,170,1000,False,0.5859105587005615
95,173,3564,True,0.5394473671913147
96,175,1571,False,0.4946780800819397
97,175,4589,True,0.8538366556167603
98,177,256,True,0.6545331478118896
99,180,1330,True,0.6722639203071594
100,183,3170,True,0.5531246662139893
101,184,1470,True,0.6622433066368103
102,186,1803,True,0.4878041446208954
103,186,4560,False,0.0
104,186,5419,False,0.0
105,187,5337,False,0.4997105002403259
106,188,4610,True,0.6961753964424133
107,189,4557,True,0.5585716366767883
108,189,5845,False,0.0
109,191,3586,False,0.4332160949707031
110,192,3081,False,0.0
111,193,4188,True,0.8518941402435303
112,194,3714,False,0.4436266422271728
113,194,670,True,0.6851839423179626
114,203,3859,True,0.5622342228889465
115,204,4858,False,0.0
116,204,4029,False,0.0
117,204,3306,False,0.0
118,204,4046,False,0.0
119,207,4285,False,0.0
120,207,2505,True,0.771669864654541
121,207,4104,False,0.0
122,213,4230,True,0.6248139142990112
123,216,2503,True,0.8822300434112549
124,216,2037,False,0.5190014839172363
125,217,1085,True,0.5971007943153381
126,218,4178,True,0.8148720264434814
127,219,2624,True,0.6730027198791504
128,221,2292,True,0.5808855891227722
129,223,4173,True,0.4617413878440857
130,223,303,False,0.4403842687606811
131,226,4202,True,0.7008559703826904
132,227,5995,False,0.0
133,227,454,True,0.7502763867378235
134,228,5922,True,0.4856590926647186
135,229,796,False,0.4821621477603912
136,232,5603,True,0.7692371606826782
137,235,6053,True,0.6612969636917114
138,236,3268,False,0.6067936420440674
139,239,1554,True,0.8314616084098816
140,241,1188,True,0.5874160528182983
141,242,4309,False,0.0
142,242,4401,False,0.0
143,244,4870,False,0.4489595592021942
144,244,1676,True,0.7286046743392944
145,247,468,True,0.5416269898414612
146,247,4574,False,0.0
147,248,3176,False,0.0
148,248,5955,False,0.0
149,248,4790,True,0.7393373250961304
150,249,2434,False,0.0
151,251,1482,True,0.7335309982299805
152,252,1200,True,0.6456577181816101
153,253,5693,False,0.0
154,255,5227,True,0.8508090972900391
155,255,4979,False,0.0
156,257,1893,True,0.6486913561820984
157,257,2393,False,0.4608252644538879
158,262,2768,True,0.6124359369277954
159,266,5570,False,0.0
160,268,5377,True,0.517465353012085
161,269,4381,True,0.7170242071151733
162,269,5693,False,0.5005667805671692
163,270,6027,False,0.4598073959350586
164,270,5807,False,0.5349398851394653
165,271,5894,True,0.6030470728874207
166,272,5943,False,0.5585943460464478
167,273,4482,False,0.5342926383018494
168,273,225,True,0.8003201484680176
169,273,5686,False,0.4699935913085937
170,274,2307,True,0.863257646560669
171,275,2517,True,0.5356848835945129
172,276,182,True,0.8230186700820923
173,282,1881,True,0.6169966459274292
174,284,5473,False,0.0
175,284,998,True,0.5176386833190918
176,284,3929,False,0.0
177,284,4523,False,0.0
178,285,5205,True,0.74761962890625
179,286,189,True,0.4532241821289062
180,287,714,True,0.7659786343574524
181,288,344,True,0.4767031967639923
182,289,139,True,0.531420886516571
183,290,6036,False,0.0
184,291,2156,True,0.710772693157196
185,292,4969,True,0.7494461536407471
186,293,1846,False,0.4426174163818359
187,293,3785,True,0.7512822151184082
188,294,2556,True,0.7992281913757324
189,295,2798,True,0.7890898585319519
190,301,187,True,0.6166352033615112
191,301,3990,True,0.7090687155723572
192,301,1219,False,0.76365065574646
193,304,3629,True,0.7771884799003601
194,306,4573,False,0.0
195,306,4543,True,0.8790956735610962
196,306,4263,False,0.0
197,307,789,True,0.5830539464950562
198,307,5293,False,0.0
199,309,4306,True,0.7423143982887268
200,310,5268,True,0.4894842207431793
201,311,4870,False,0.4976146817207336
202,311,4341,False,0.4883981943130493
203,312,4934,True,0.600563645362854
204,312,5710,False,0.0
205,314,969,True,0.6460719704627991
206,315,3429,True,0.5923611521720886
207,319,4812,False,0.0
208,319,5737,False,0.0
209,319,1575,True,0.8306015729904175
210,319,572,False,0.0
211,320,4683,True,0.5716928243637085
212,321,5162,True,0.796173632144928
213,322,5337,True,0.7235535383224487
214,323,2373,False,0.0
215,323,4226,True,0.6302440762519836
216,326,876,False,0.0
217,329,5150,True,0.5837198495864868
218,333,3476,True,0.7063785791397095
219,334,3413,True,0.7140591740608215
220,335,5658,False,0.0
221,335,886,True,0.8104067444801331
222,345,3305,False,0.0
223,345,5040,True,0.729555606842041
224,345,3874,False,0.5694081783294678
225,345,5960,False,0.6194512248039246
226,346,4114,False,0.0
227,347,2696,True,0.8531137108802795
228,350,5905,False,0.0
229,354,4206,True,0.6156325936317444
230,355,3755,True,0.6590240597724915
231,358,1678,True,0.7431209087371826
232,361,2347,True,0.7134087085723877
233,365,5176,False,0.0
234,365,3657,False,0.0
235,369,2308,True,0.506662130355835
236,372,5126,False,0.0
237,375,997,True,0.7530754208564758
238,379,5801,False,0.0
239,379,2305,True,0.8009135723114014
240,380,581,True,0.8314027786254883
241,380,4153,False,0.0
242,381,3064,False,0.4998487830162048
243,381,5630,True,0.8189980983734131
244,385,5103,True,0.7125508785247803
245,386,769,False,0.38984414935112
246,387,2869,True,0.7205731868743896
247,388,4695,True,0.6675646901130676
248,390,4314,True,0.6718806028366089
249,392,1127,True,0.5806685090065002
250,392,5775,False,0.0
251,393,3317,True,0.7926523685455322
252,393,5719,False,0.0
253,395,5108,True,0.7369785904884338
254,402,2859,False,0.0
255,402,705,True,0.8684492111206055
256,405,420,True,0.5831128358840942
257,407,1395,False,0.0
258,408,5449,True,0.6175139546394348
259,411,4711,False,0.4510478973388672
260,411,1038,True,0.5148245096206665
261,416,5125,False,0.0
262,417,2096,True,0.7293807864189148
263,418,5008,False,0.0
264,419,4576,True,0.8398284316062927
265,423,5070,True,0.5815905332565308
266,426,647,True,0.7012904286384583
267,427,5948,True,0.7606515288352966
268,428,5675,True,0.6902623176574707
269,430,5321,True,0.6790421009063721
270,431,1416,True,0.5789507627487183
271,433,2806,True,0.551393985748291
272,438,86,True,0.7778394818305969
273,443,788,True,0.667280912399292
274,445,5651,True,0.6912744641304016
275,446,5689,True,0.8356124758720398
276,447,3095,False,0.5338802933692932
277,453,4968,True,0.7901308536529541
278,454,4468,False,0.0
279,454,5112,False,0.0
280,454,5411,False,0.0
281,454,2715,True,0.8523924350738525
282,455,6032,True,0.6142712235450745
283,461,5323,False,0.0
284,462,5637,False,0.4560572206974029
285,462,5485,False,0.5338758826255798
286,463,3767,True,0.5755828619003296
287,464,974,True,0.753591775894165
288,465,2526,False,0.5610944032669067
289,466,4781,True,0.7404490113258362
290,466,3461,False,0.5541079044342041
291,468,1545,True,0.6419276595115662
292,469,1280,True,0.7989424467086792
293,477,5145,True,0.8542224764823914
294,480,4192,True,0.6566991806030273
295,480,1889,False,0.5653164386749268
296,481,29,True,0.5902588367462158
297,482,3617,True,0.7038930058479309
298,484,3890,False,0.0
299,485,2822,False,0.0
300,485,2634,True,0.9072449207305908
301,486,4196,False,0.0
302,486,4872,False,0.0
303,486,4761,True,0.7106844186782837
304,487,429,True,0.7360605001449585
305,488,5516,True,0.7622350454330444
306,489,2153,True,0.4838116765022278
307,490,2598,False,0.6297881007194519
308,490,2705,False,0.6303073167800903
309,493,5246,True,0.8796568512916565
310,494,791,True,0.7298930883407593
311,495,3763,False,0.0
312,495,79,True,0.4162889420986175
313,496,5917,True,0.7443669438362122
314,496,2219,False,0.36383718252182
315,497,5757,True,0.560886025428772
316,499,3734,True,0.7237062454223633
317,500,3914,True,0.4630526602268219
318,502,19,False,0.0
319,502,4592,False,0.0
320,505,2814,False,0.5758051872253418
321,505,5760,False,0.5929931402206421
322,508,4845,True,0.7809680104255676
323,508,2881,False,0.0
324,508,6053,False,0.0
325,509,3725,True,0.4913787245750427
326,510,676,False,0.0
327,510,1142,False,0.0
328,510,2370,False,0.0
329,514,1958,False,0.0
330,515,553,True,0.7143805027008057
331,516,3989,False,0.6305558681488037
332,516,2451,True,0.7092962265014648
333,517,693,False,0.0
334,517,1368,True,0.7503902316093445
335,517,641,False,0.0
336,518,1414,False,0.4252040684223175
337,519,2996,False,0.5029438734054565
338,522,877,True,0.7533472180366516
339,523,937,True,0.9051218628883362
340,524,1521,True,0.7359514236450195
341,528,4966,True,0.6997601985931396
342,532,4741,False,0.0
343,532,2931,True,0.4270649552345276
344,533,3109,True,0.671271800994873
345,538,5208,True,0.825174868106842
346,539,2198,True,0.5429238677024841
347,540,1845,True,0.7552487254142761
348,542,5869,True,0.7425824999809265
349,543,1058,False,0.0
350,546,61,True,0.8232012987136841
351,551,1097,True,0.6953842639923096
352,554,864,False,0.0
353,554,2330,False,0.0
354,556,5938,True,0.477562665939331
355,558,4450,True,0.6981073617935181
356,565,495,True,0.8521690368652344
357,566,5337,False,0.0
358,569,4469,True,0.8085536360740662
359,572,875,False,0.5100491642951965
360,572,3565,True,0.6949564218521118
361,572,4587,False,0.5648096203804016
362,573,2994,True,0.6001920700073242
363,574,1592,True,0.7831813097000122
364,576,3585,True,0.6566829085350037
365,581,5030,False,0.4957826733589172
366,582,6053,False,0.0
367,582,1946,True,0.5063439011573792
368,584,2614,True,0.7258975505828857
369,586,725,True,0.5948596596717834
370,587,3394,True,0.8297867178916931
371,588,5361,False,0.0
372,590,241,True,0.7488420009613037
373,593,5106,False,0.4732967019081116
374,595,1448,True,0.7076977491378784
375,597,5165,False,0.0
376,598,4867,False,0.0
377,598,4175,False,0.5535657405853271
378,598,3238,True,0.8560950756072998
379,598,3577,False,0.5407372713088989
380,599,4275,True,0.6461422443389893
381,602,3514,False,0.5347914695739746
382,602,3494,True,0.6037650108337402
383,604,2950,False,0.0
384,604,1985,True,0.8622232675552368
385,606,5475,False,0.0
386,606,752,False,0.5882295966148376
387,606,1961,True,0.5072662830352783
388,608,3745,False,0.2738882601261139
389,608,3277,True,0.5596711039543152
390,608,5133,False,0.4183974862098694
391,609,5407,False,0.0
392,609,5452,False,0.0
393,609,2339,True,0.4451630115509033
394,610,5840,False,0.0
395,610,3909,True,0.890366792678833
396,611,5206,True,0.8919287919998169
397,611,4845,False,0.0
398,611,5249,False,0.0
399,612,3796,True,0.5729460716247559
400,612,5927,False,0.3501198291778564
401,613,2548,True,0.6595068573951721
402,615,3463,False,0.5619966387748718
403,617,2718,True,0.6563929915428162
404,618,1147,True,0.7698934078216553
405,619,3624,False,0.0
406,619,3962,True,0.7269124984741211
407,620,5498,False,0.5244858860969543
408,621,3741,True,0.5803949236869812
409,622,5167,True,0.6748618483543396
410,627,4844,False,0.4776086807250976
411,627,5504,False,0.4607200026512146
412,629,5142,False,0.3280194103717804
413,629,5717,False,0.0
414,629,5776,False,0.0
415,631,5800,False,0.0
416,631,2974,False,0.0
417,631,5484,True,0.5839813351631165
418,632,3968,True,0.6218265295028687
419,633,1374,True,0.4404431283473968
420,634,5125,False,0.0
421,636,5898,False,0.5945668816566467
422,636,1014,True,0.502226710319519
423,637,5723,False,0.0
424,637,1440,True,0.7973904609680176
425,637,2035,False,0.0
426,638,1397,True,0.650468647480011
427,639,1989,True,1.0000001192092896
428,639,5385,False,0.6196863651275635
429,640,5435,False,0.0
430,641,3495,True,0.7381759285926819
431,643,4548,True,0.6313508749008179
432,645,198,True,0.6720944046974182
433,647,2903,True,0.8261272311210632
434,649,5329,False,0.6205866932868958
435,649,441,True,0.6388066411018372
436,651,5407,False,0.0
437,651,4629,False,0.4315412640571594
438,651,3424,True,0.4935460686683655
439,652,5798,False,0.3430706560611725
440,653,893,True,0.8345810174942017
441,654,3502,False,0.4508237540721893
442,654,368,True,0.7394723296165466
443,654,5020,False,0.0
444,658,3854,True,0.8592638969421387
445,660,1600,True,0.5451368689537048
446,661,3425,False,0.5297788977622986
447,661,4951,True,0.8415212631225586
448,663,2085,True,0.8006013631820679
449,665,5183,False,0.0
450,665,5299,False,0.0
451,665,5523,False,0.0
452,670,5455,False,0.0
453,672,6011,True,0.623329222202301
454,673,1053,True,0.7152577042579651
455,675,5535,False,0.0
456,675,3727,True,0.8404140472412109
457,676,3001,True,0.652172327041626
458,677,1454,True,0.6007521152496338
459,679,5940,True,0.7214924097061157
460,680,1314,True,0.6482906341552734
461,683,676,False,0.5618687272071838
462,683,1631,True,0.7919586896896362
463,684,5930,False,0.0
464,685,550,True,0.6967114210128784
465,685,5037,False,0.4809055626392364
466,686,307,True,0.4375537931919098
467,690,8,True,0.4873189628124237
468,691,6017,False,0.0
469,691,5923,False,0.0
470,691,3237,True,0.601876974105835
471,691,4434,False,0.0
472,692,1742,True,0.7148662805557251
473,693,2463,True,0.7438452243804932
474,694,5878,False,0.0
475,695,3605,True,0.7715139389038086
476,699,5916,True,0.8505914807319641
477,701,385,True,0.6926860809326172
478,702,5679,True,0.6718137860298157
479,707,2787,True,0.7643712162971497
480,709,754,False,0.47589111328125
481,710,4634,True,0.7412419319152832
482,711,4006,True,0.5887327194213867
483,714,3376,False,0.0
484,714,3486,True,0.6085904836654663
485,715,2204,False,0.0
486,716,2725,True,0.7886600494384766
487,718,3232,True,0.7309119701385498
488,720,5584,True,0.7337537407875061
489,724,4862,True,0.6959877610206604
490,724,5211,False,0.0
491,727,3670,False,0.0
492,727,3117,False,0.0
493,727,2195,False,0.0
494,728,1289,False,0.0
495,728,4010,True,0.8220431208610535
496,736,4689,True,0.7535539865493774
497,738,5961,False,0.4814144372940063
498,739,5946,False,0.0
499,743,2005,True,0.5250334739685059
500,743,5968,False,0.6193655729293823
501,744,755,False,0.0
502,744,600,False,0.0
503,745,3450,False,0.5320339202880859
504,746,453,False,0.0
505,747,547,True,0.689218282699585
506,750,2688,False,0.5946245789527893
507,750,1494,False,0.5994449853897095
508,752,4342,True,0.820417046546936
509,753,2189,True,0.7565774917602539
510,753,362,False,0.3808079361915588
511,754,4189,True,0.7973902225494385
512,755,5707,False,0.4307093918323517
513,755,743,True,0.6267006397247314
514,757,2900,True,0.6165144443511963
515,759,2629,True,0.8514399528503418
516,762,878,True,0.6523412466049194
517,763,2752,True,0.8032166957855225
518,763,3652,False,0.0
519,764,133,True,0.5952003002166748
520,767,5481,True,0.7342332601547241
521,768,4362,False,0.7217805981636047
522,768,6015,False,0.6753554940223694
523,769,3972,True,0.61640864610672
524,772,2484,True,0.8266158103942871
525,773,5775,True,0.5584403276443481
526,774,2016,False,0.0
527,774,2653,False,0.0
528,774,5973,False,0.0
529,776,4732,False,0.0
530,779,850,True,0.555082380771637
531,786,1132,True,0.7454178929328918
532,786,5009,False,0.0
533,789,1877,True,0.5782901644706726
534,791,93,True,0.5246093273162842
535,793,2041,True,0.4581876397132873
536,794,4518,True,0.6056074500083923
537,794,6052,False,0.6555347442626953
538,796,6036,False,0.556501030921936
539,797,44,True,0.5480515956878662
540,800,5559,True,0.7406196594238281
541,802,2499,True,0.6670159101486206
542,806,5554,False,0.0
543,806,423,True,0.6568772196769714
544,808,152,True,0.6279423236846924
545,809,1589,False,0.6685819029808044
546,811,1294,False,0.0
547,811,2492,True,0.8529843688011169
548,813,5616,False,0.0
549,813,5852,False,0.4530392289161682
550,813,736,True,0.6716538667678833
551,815,5322,True,0.7955557107925415
552,816,2815,False,0.4574963748455047
553,819,528,True,0.7562196254730225
554,822,5762,True,0.5536128282546997
555,823,896,True,0.5317848920822144
556,824,969,False,0.0
557,824,66,True,0.8515701293945312
558,826,4220,True,0.7603771686553955
559,829,2694,True,0.7249631881713867
560,830,5409,True,0.61457359790802
561,831,5742,False,0.5909304022789001
562,833,2084,True,0.5106733441352844
563,839,885,False,0.0
564,839,2452,False,0.0
565,843,3628,True,0.8733447790145874
566,845,3100,False,0.0
567,846,4557,False,0.0
568,846,5845,True,0.487480103969574
569,847,5333,False,0.0
570,851,4895,False,0.0
571,852,4056,True,0.6068217158317566
572,853,1898,False,0.3309511542320251
573,854,2148,True,0.8008288145065308
574,858,146,True,0.8006840944290161
575,859,4116,True,0.4577623009681701
576,860,4497,False,0.4828923344612121
577,860,4547,False,0.0
578,862,6046,True,0.4338619709014892
579,866,1430,True,0.6961162090301514
580,869,3719,True,0.6752504706382751
581,870,457,True,0.6798040866851807
582,874,3659,False,0.0
583,874,3700,False,0.0
584,874,4587,False,0.0
585,879,4444,False,0.6103962659835815
586,879,3605,False,0.6979621052742004
587,881,3392,False,0.0
588,881,5664,False,0.0
589,881,2175,False,0.0
590,882,4442,False,0.0
591,884,2826,True,0.5674998760223389
592,885,2233,False,0.6361445188522339
593,886,5288,False,0.0
594,886,1013,True,0.5410217642784119
595,887,3949,True,0.6492490172386169
596,887,2130,False,0.0
597,889,2957,True,0.6789786219596863
598,890,6044,True,0.8001368641853333
599,891,4182,True,0.7611113786697388
600,897,1348,True,0.8515703678131104
601,897,2703,False,0.0
602,897,2184,False,0.0
603,897,5408,False,0.0
604,898,5305,False,0.4471887350082397
605,901,4218,True,0.6058908700942993
606,902,413,True,0.7434760928153992
607,902,4512,False,0.4918257296085357
608,902,5133,False,0.4611627161502838
609,911,4248,False,0.4477400183677673
610,916,5867,True,0.5935816168785095
611,918,164,True,0.4403674006462097
612,919,3306,False,0.0
613,919,4024,False,0.0
614,919,5270,True,0.6319498419761658
615,925,1093,True,0.4927022457122803
616,927,5089,True,0.6322180032730103
617,929,5664,True,0.5739420652389526
618,931,5554,False,0.5181728601455688
619,931,2875,True,0.6993908882141113
620,932,5459,True,0.6776002645492554
621,934,5633,True,0.555706799030304
622,935,3490,True,0.6727208495140076
623,938,4908,True,0.5431301593780518
624,939,2697,False,0.0
625,939,3383,True,0.6935434937477112
626,940,3037,True,0.7829070091247559
627,943,2063,False,0.0
628,943,2256,True,0.5863906741142273
629,947,3267,False,0.4347308874130249
630,947,5430,False,0.0
631,948,97,True,0.6407266855239868
632,951,2485,False,0.4093869924545288
633,951,5783,True,0.6940970420837402
634,952,4992,False,0.5378097295761108
635,952,3029,False,0.0
636,955,4174,True,0.5279978513717651
637,956,1863,True,0.7106611728668213
638,956,3871,False,0.5128229856491089
639,960,2070,False,0.0
640,962,3355,True,0.7722655534744263
641,965,1220,False,0.0
642,965,2167,False,0.0
643,965,3961,True,0.9086988568305968
644,967,2331,True,0.6006529927253723
645,968,28,True,0.7136503458023071
646,972,552,True,0.6439027190208435
647,973,755,False,0.0
648,973,6004,False,0.5681719183921814
649,973,4024,False,0.0
650,973,3422,False,0.6322641372680664
651,974,3718,True,0.7477571964263916
652,976,4876,False,0.4388315081596374
653,977,2,True,0.6431147456169128
654,979,3840,True,0.7155900597572327
655,981,1338,True,0.6905683875083923
656,982,4400,False,0.0
657,982,810,False,0.3911886513233185
658,983,6016,False,0.0
659,986,5255,True,0.8081468939781189
660,987,5402,True,0.6245089769363403
661,991,2326,True,0.5171612501144409
662,991,5209,False,0.0
663,993,3953,True,0.7594693899154663
664,997,2804,False,0.5253764390945435
665,997,2957,False,0.54143226146698
666,1000,1245,False,0.4676202535629272
667,1000,5361,False,0.0
668,1001,2927,True,0.8467023968696594
669,1003,4510,True,0.5295697450637817
670,1005,1401,True,0.6060103178024292
671,1006,1256,True,0.7219299077987671
672,1007,5222,False,0.5015257596969604
673,1012,1222,True,0.8761751651763916
674,1012,4336,False,0.0
675,1012,4707,False,0.0
676,1013,4803,True,0.7771443128585815
677,1020,1937,True,0.6915945410728455
678,1023,5698,False,0.0
679,1025,2846,True,0.5428712368011475
680,1025,261,False,0.0
681,1027,4902,False,0.0
682,1027,3732,False,0.0
683,1027,5180,False,0.0
684,1027,5856,False,0.0
685,1028,2915,True,0.7524340152740479
686,1029,842,True,0.690161943435669
687,1032,3039,True,0.5820891857147217
688,1032,4849,False,0.0
689,1034,930,True,0.713322103023529
690,1035,3668,True,0.8640936613082886
691,1036,5536,False,0.0
692,1036,5507,True,0.5470208525657654
693,1037,2071,True,0.5749682188034058
694,1038,3862,False,0.0
695,1038,346,False,0.0
696,1039,2992,False,0.717555820941925
697,1039,4681,False,0.6773073673248291
698,1040,257,True,0.7433210611343384
699,1042,3576,True,0.6608812212944031
700,1043,735,True,0.842450737953186
701,1044,203,True,0.7093397378921509
702,1045,2337,True,0.615641713142395
703,1046,5064,True,0.4406504034996032
704,1049,2710,True,0.7802515625953674
705,1050,2630,False,0.0
706,1051,4680,True,0.7164853811264038
707,1052,124,True,0.6854747533798218
708,1053,1220,True,0.8373228311538696
709,1054,5860,False,0.0
710,1056,5863,False,0.4946151375770569
711,1057,1852,True,0.7936750650405884
712,1057,2129,False,0.5722672939300537
713,1060,2784,True,0.680253267288208
714,1060,5316,False,0.0
715,1061,4593,True,0.7283802628517151
716,1062,2872,True,0.618454098701477
717,1063,4402,True,0.7812407612800598
718,1066,4014,True,0.7419621348381042
719,1067,2380,True,0.7707354426383972
720,1071,3820,False,0.5439983010292053
721,1071,3163,False,0.5541930198669434
722,1071,4088,False,0.4812533557415008
723,1072,2801,True,0.781876802444458
724,1073,6015,False,0.6035574078559875
725,1073,4362,False,0.6695641279220581
726,1073,4650,False,0.6831307411193848
727,1074,2822,False,0.7080842852592468
728,1074,2386,True,0.7035115361213684
729,1077,5290,True,0.6605613231658936
730,1078,2882,True,0.797784686088562
731,1082,4347,False,0.697326123714447
732,1085,3016,False,0.556908369064331
733,1086,2087,True,0.8536983728408813
734,1087,2783,True,0.4705725312232971
735,1087,3134,False,0.0
736,1088,5990,False,0.4224438667297363
737,1089,4199,False,0.0
738,1089,4379,True,0.5183502435684204
739,1090,3211,True,0.6968491673469543
740,1091,5970,False,0.5199189782142639
741,1092,2701,False,0.0
742,1092,3593,True,0.5142836570739746
743,1095,3972,False,0.4083109200000763
744,1100,4889,False,0.5930995941162109
745,1102,3217,True,0.7343342304229736
746,1106,4825,True,0.7647587656974792
747,1109,3342,False,0.4430118501186371
748,1110,3048,False,0.6316596269607544
749,1110,1582,False,0.6015177369117737
750,1110,5891,False,0.6677777767181396
751,1113,3193,True,0.8326503038406372
752,1114,1583,True,0.7593678832054138
753,1114,5831,False,0.0
754,1115,2280,True,0.6733745336532593
755,1118,4500,True,0.7921982407569885
756,1119,1181,True,0.6152341365814209
757,1123,2750,False,0.0
758,1123,1689,True,0.770553708076477
759,1125,723,True,0.7610199451446533
760,1125,5455,False,0.5780544877052307
761,1126,2363,True,0.4487009644508362
762,1131,2661,True,0.6825776100158691
763,1132,3264,False,0.0
764,1132,3559,True,0.8094714879989624
765,1135,3307,True,0.7264523506164551
766,1135,3927,False,0.0
767,1136,3716,True,0.7177866101264954
768,1137,5403,False,0.5246378779411316
769,1138,2651,False,0.0
770,1140,5226,False,0.5941503047943115
771,1142,2606,False,0.0
772,1142,2782,True,0.7125120759010315
773,1143,362,False,0.0
774,1145,496,True,0.5442065000534058
775,1147,4005,True,0.427464097738266
776,1148,4007,True,0.5821056962013245
777,1150,4728,True,0.7185809016227722
778,1155,3650,False,0.0
779,1156,2022,True,0.3914088010787964
780,1159,1562,True,0.8061069250106812
781,1161,3437,False,0.0
782,1161,560,True,0.8682944774627686
783,1163,4092,True,0.8333410620689392
784,1168,3620,True,0.6377037167549133
785,1169,1333,True,0.6424596905708313
786,1172,5211,False,0.0
787,1177,2402,True,0.5440869331359863
788,1178,5144,True,0.7892016172409058
789,1180,1763,False,0.620552659034729
790,1180,3272,False,0.4043620228767395
791,1183,3673,True,0.741764485836029
792,1187,325,True,0.7518525719642639
793,1188,654,True,0.7830800414085388
794,1194,3797,True,0.7019685506820679
795,1195,5947,False,0.5642513632774353
796,1196,2514,False,0.0
797,1197,1234,True,0.6821246147155762
798,1199,4302,True,0.5635325908660889
799,1201,1310,False,0.0
800,1201,1041,True,0.5194898247718811
801,1202,530,True,0.5176132321357727
802,1204,3127,True,0.6722223162651062
803,1205,3971,True,0.7501137852668762
804,1205,2824,False,0.3023612797260284
805,1206,1076,True,1.0
806,1206,2275,False,0.5319330096244812
807,1208,5102,True,0.525788426399231
808,1209,3468,True,0.4503922462463379
809,1210,2683,True,0.6395780444145203
810,1214,3160,True,0.7302272319793701
811,1216,846,True,0.668609619140625
812,1217,4317,False,0.0
813,1218,4983,True,0.8411995768547058
814,1219,1746,True,0.5763557553291321
815,1223,2504,True,0.8241329193115234
816,1224,148,False,0.3782821893692016
817,1224,3789,True,0.7232272028923035
818,1225,2320,True,0.6576381921768188
819,1228,5218,False,0.4090373814105987
820,1228,4066,False,0.0
821,1234,1323,True,0.6449328660964966
822,1236,5465,True,0.6740646362304688
823,1238,2566,True,0.6725929379463196
824,1239,2877,False,0.425824224948883
825,1239,3537,False,0.4296462535858154
826,1241,2890,True,0.7504045367240906
827,1242,3245,True,0.5918768644332886
828,1243,5280,True,0.5644071102142334
829,1247,5008,False,0.5140682458877563
830,1248,1963,True,0.7911877632141113
831,1249,5074,True,0.732340931892395
832,1252,4703,True,0.7996459007263184
833,1253,733,True,0.5459228157997131
834,1254,608,True,0.860835611820221
835,1256,2608,False,0.0
836,1256,5298,True,0.8750555515289307
837,1258,4441,True,0.6329094171524048
838,1259,2491,False,0.0
839,1259,2868,False,0.0
840,1259,4893,False,0.5444381237030029
841,1260,5798,True,0.3567083477973938
842,1262,1090,True,0.3372617661952972
843,1263,3537,True,0.605513334274292
844,1264,2743,False,0.0
845,1264,2584,True,0.7686241269111633
846,1264,4909,False,0.5137695074081421
847,1266,5793,True,0.4898167252540588
848,1266,2015,False,0.0
849,1267,4725,True,0.7392783761024475
850,1272,2514,True,0.56022047996521
851,1274,3913,False,0.0
852,1274,4387,False,0.3587898910045624
853,1275,2211,True,0.5357398986816406
854,1276,3658,True,1.0
855,1277,5258,True,0.7055882215499878
856,1277,5772,False,0.4273787438869476
857,1280,5608,False,0.6259620189666748
858,1281,2747,False,0.0
859,1281,1209,True,0.6236221790313721
860,1282,1709,True,0.8501602411270142
861,1282,1175,False,0.0
862,1282,3866,False,0.0
863,1282,3890,False,0.0
864,1283,499,True,0.4776592254638672
865,1283,2067,False,0.0
866,1285,5593,True,1.000000238418579
867,1286,709,True,0.7545953392982483
868,1287,5938,False,0.7669685482978821
869,1289,3974,True,0.7860601544380188
870,1293,5536,False,0.0
871,1293,3079,True,0.6478754281997681
872,1293,5831,False,0.0
873,1297,3209,True,0.5934963822364807
874,1297,4727,False,0.0
875,1301,5574,False,0.0
876,1303,5741,False,0.0
877,1305,2808,True,0.5620411038398743
878,1305,4795,False,0.0
879,1308,708,True,0.7786697745323181
880,1308,3968,False,0.5788121819496155
881,1310,5352,False,0.5811537504196167
882,1310,262,False,0.5523185729980469
883,1310,3414,False,0.5537108778953552
884,1311,4950,False,0.504952073097229
885,1311,5805,True,0.7898283004760742
886,1312,2879,True,0.5852012634277344
887,1315,5176,True,0.7552922964096069
888,1315,3657,False,0.2281520217657089
889,1315,6040,False,0.3423233032226562
890,1317,5407,False,0.0
891,1317,3932,False,0.0
892,1318,5431,True,0.6786020994186401
893,1320,4702,True,0.6758922934532166
894,1324,469,True,0.8002070188522339
895,1326,4054,True,0.7335385084152222
896,1334,653,True,0.6145347356796265
897,1335,5158,False,0.0
898,1335,4526,False,0.0
899,1335,6012,False,0.0
900,1335,4197,True,0.7730647325515747
901,1336,5771,False,0.5923537611961365
902,1337,1672,True,0.5982208251953125
903,1337,1457,False,0.0
904,1338,4748,True,0.6503629088401794
905,1338,3492,False,0.0
906,1338,5017,False,0.0
907,1338,3372,False,0.0
908,1341,4076,False,0.5138353109359741
909,1341,3889,False,0.5939561128616333
910,1342,673,True,0.5407965779304504
911,1343,2035,True,0.772955060005188
912,1346,4371,True,0.637779951095581
913,1348,2851,False,0.6092245578765869
914,1350,4710,True,0.8726497888565063
915,1351,4077,False,0.0
916,1351,785,False,0.0
917,1351,5008,True,0.6941655874252319
918,1353,3708,True,0.7970861196517944
919,1354,1741,True,0.7706481218338013
920,1360,3551,True,0.716744601726532
921,1361,4739,False,0.4606537222862243
922,1362,1128,True,0.8420276641845703
923,1363,271,True,0.7343757152557373
924,1364,5688,True,0.6302680969238281
925,1365,532,True,0.6922823786735535
926,1365,3391,False,0.0
927,1365,5806,False,0.0
928,1365,3705,False,0.0
929,1369,2731,True,0.8787299990653992
930,1370,3737,True,0.6057884693145752
931,1371,3641,False,0.0
932,1372,1509,False,0.0
933,1374,1035,True,0.5530481338500977
934,1375,2597,False,0.5299741625785828
935,1377,3738,True,0.7318391799926758
936,1377,5738,False,0.0
937,1377,5786,False,0.0
938,1378,4657,True,0.7174643278121948
939,1380,5493,False,0.0
940,1383,4942,True,0.5130005478858948
941,1384,4347,True,0.7763326168060303
942,1385,5100,False,0.4747348427772522
943,1385,5013,True,0.8616302013397217
944,1386,1033,True,0.6173882484436035
945,1387,3120,False,0.601993978023529
946,1387,4187,False,0.6420161724090576
947,1387,922,False,0.5268762707710266
948,1390,2374,False,0.0
949,1392,541,True,0.5502465963363647
950,1393,4493,True,0.7929732203483582
951,1393,3008,False,0.0
952,1394,6052,True,0.7605932950973511
953,1394,2650,False,0.0
954,1398,1515,True,0.5785107612609863
955,1400,1130,True,0.685250997543335
956,1403,5725,True,0.897965669631958
957,1404,5889,False,0.0
958,1404,3068,True,0.5659343600273132
959,1405,2729,True,0.7567273378372192
960,1407,4550,True,0.5195935964584351
961,1408,4826,True,0.8721458911895752
962,1410,3715,True,0.502852201461792
963,1411,5403,False,0.5189332365989685
964,1413,4165,False,0.0
965,1413,1270,True,0.904505968093872
966,1413,2653,False,0.0
967,1413,3069,False,0.0
968,1415,4946,False,0.0
969,1416,5786,False,0.4851219058036804
970,1418,3240,False,0.0
971,1420,1933,True,0.7348991632461548
972,1421,3508,True,1.0000001192092896
973,1425,3114,True,1.0
974,1426,5800,True,0.7406954765319824
975,1427,5428,True,0.7629374265670776
976,1431,5702,True,0.8728030920028687
977,1432,5907,False,0.5396440029144287
978,1432,5355,False,0.4786128997802734
979,1432,5179,False,0.578898012638092
980,1432,5687,True,0.7375721335411072
981,1433,2007,False,0.0
982,1433,2899,False,0.3457359671592712
983,1433,4900,True,0.8946207761764526
984,1434,2054,True,0.7553174495697021
985,1435,5277,True,0.7511818408966064
986,1436,4555,False,0.0
987,1437,3473,True,0.6832007169723511
988,1438,3692,True,0.5871285796165466
989,1439,4141,False,0.479650616645813
990,1439,5098,False,0.5233402848243713
991,1439,5990,False,0.0
992,1441,4781,False,0.5273421406745911
993,1441,3461,True,0.6742134690284729
994,1445,4492,False,0.0
995,1446,4468,False,0.4657446444034576
996,1446,5112,False,0.0
997,1446,5658,True,0.8821733593940735
998,1446,5411,False,0.0
999,1447,1134,True,0.6978662014007568
1000,1448,5048,True,0.5672911405563354
1001,1448,841,False,0.5591117739677429
1002,1451,5350,True,0.7420099973678589
1003,1453,1385,True,0.7679705023765564
1004,1456,3163,True,0.6527705788612366
1005,1458,2122,True,0.5600360631942749
1006,1461,5460,True,0.8527522087097168
1007,1462,507,False,0.5023475289344788
1008,1462,5177,True,0.7145432829856873
1009,1465,5653,True,0.7732343673706055
1010,1467,1944,False,0.0
1011,1467,2917,True,0.3761138916015625
1012,1470,1760,True,0.5629975199699402
1013,1473,4167,False,0.4579293727874756
1014,1474,2362,True,0.7437187433242798
1015,1475,4453,False,0.0
1016,1475,5650,True,0.6370517611503601
1017,1477,5934,True,0.895439624786377
1018,1477,4867,False,0.0
1019,1478,1767,True,0.6504607200622559
1020,1478,4307,False,0.0
1021,1479,1714,True,0.5493538975715637
1022,1480,5767,True,0.7689884901046753
1023,1481,1249,True,0.6366680860519409
1024,1482,4729,True,0.6637811660766602
1025,1483,4756,False,0.4180257320404053
1026,1483,2746,False,0.0
1027,1483,1019,True,0.6399142742156982
1028,1485,2012,False,0.0
1029,1486,4854,False,0.4981251955032348
1030,1486,5310,False,0.562829852104187
1031,1487,5133,False,0.0
1032,1488,6002,False,0.0
1033,1488,5980,False,0.0
1034,1488,2706,False,0.0
1035,1488,300,False,0.0
1036,1490,5259,False,0.0
1037,1490,2996,False,0.0
1038,1491,1408,True,0.5653738975524902
1039,1492,32,True,0.6906804442405701
1040,1493,3937,False,0.0
1041,1493,1786,False,0.0
1042,1493,5967,False,0.0
1043,1493,4427,False,0.0
1044,1500,449,True,0.8502272367477417
1045,1500,5342,True,0.8766981363296509
1046,1501,3288,True,0.7211082577705383
1047,1502,5330,False,0.0
1048,1502,5493,True,0.5801531672477722
1049,1503,312,True,0.7411327958106995
1050,1504,753,True,0.7581992745399475
1051,1506,1743,True,0.8086156249046326
1052,1509,1929,True,0.6980193257331848
1053,1510,2766,False,0.0
1054,1510,1320,True,0.4283850491046905
1055,1512,1894,False,0.6728702187538147
1056,1512,5748,False,0.5962020754814148
1057,1512,6031,False,0.570591926574707
1058,1512,3207,True,0.7451869249343872
1059,1513,3122,True,0.7673998475074768
1060,1516,4673,True,0.575696587562561
1061,1518,634,True,0.4792873859405517
1062,1519,4154,True,0.4106755256652832
1063,1523,958,True,0.7079784274101257
1064,1525,5072,True,0.6932263374328613
1065,1527,5597,False,0.5934008359909058
1066,1531,473,False,0.4789302945137024
1067,1532,890,False,0.4643614292144775
1068,1533,1361,True,0.6434853076934814
1069,1535,5969,False,0.5137271881103516
1070,1535,5392,True,0.5986875891685486
1071,1535,3183,False,0.6698358058929443
1072,1536,2486,True,0.6958365440368652
1073,1536,4863,False,0.5042014718055725
1074,1537,2755,True,0.6355574131011963
1075,1539,1196,True,0.73504239320755
1076,1540,2373,True,0.5541730523109436
1077,1540,5666,False,0.0
1078,1541,4156,True,0.7550540566444397
1079,1544,4926,True,0.8116832375526428
1080,1544,950,False,0.0
1081,1544,5638,False,0.0
1082,1544,3745,False,0.0
1083,1546,5139,False,0.4960449337959289
1084,1546,4346,False,0.5135120749473572
1085,1546,5005,False,0.5156058669090271
1086,1547,5666,False,0.3732882142066955
1087,1547,4443,True,0.7974520921707153
1088,1548,5305,True,0.7275373935699463
1089,1549,3016,True,0.6800233125686646
1090,1550,1781,True,0.6764301061630249
1091,1552,4887,False,0.6489280462265015
1092,1552,5620,False,0.7469141483306885
1093,1552,1260,True,0.8267881870269775
1094,1552,3230,False,0.6035175919532776
1095,1553,1913,True,0.7920677661895752
1096,1556,4303,False,0.4951494634151459
1097,1557,2848,True,0.8005550503730774
1098,1558,5472,True,0.6836866140365601
1099,1559,5616,True,0.6283748745918274
1100,1559,5852,False,0.0
1101,1560,1789,True,0.7694462537765503
1102,1560,4625,False,0.0
1103,1560,176,False,0.0
1104,1562,5828,False,0.0
1105,1562,167,False,0.0
1106,1563,1082,False,0.0
1107,1564,3169,True,0.5877811908721924
1108,1564,1084,False,0.5970510244369507
1109,1565,4204,True,0.72633957862854
1110,1572,3274,True,0.7150721549987793
1111,1573,5263,False,0.474903404712677
1112,1577,4309,False,0.6592106819152832
1113,1577,5988,False,0.0
1114,1579,3989,False,0.0
1115,1579,2451,False,0.0
1116,1581,5336,False,0.3449227511882782
1117,1582,3212,False,0.0
1118,1583,4789,False,0.0
1119,1583,4044,True,0.847604513168335
1120,1583,4168,False,0.0
1121,1583,6032,False,0.0
1122,1584,4623,True,0.7231293320655823
1123,1585,811,True,0.6803829073905945
1124,1586,1426,False,0.0
1125,1586,1244,False,0.0
1126,1586,1892,True,0.6495230793952942
1127,1586,2607,False,0.0
1128,1587,2261,True,0.8206986784934998
1129,1588,2643,True,0.7668147087097168
1130,1591,4018,True,0.8671144843101501
1131,1593,5736,False,0.0
1132,1593,96,True,0.7697425484657288
1133,1598,4517,False,0.0
1134,1599,2914,True,0.7950528860092163
1135,1600,872,True,0.5760659575462341
1136,1604,1819,True,0.8199368119239807
1137,1604,5810,False,0.0
1138,1606,1823,False,0.6111293435096741
1139,1606,671,False,0.3364219665527344
1140,1606,3405,True,0.6969190835952759
1141,1607,5756,False,0.0
1142,1608,1777,False,0.0
1143,1609,4413,False,0.4869495332241058
1144,1609,1447,False,0.474551796913147
1145,1610,6051,False,0.4790090918540954
1146,1610,3510,False,0.4217899441719055
1147,1610,375,True,0.774726390838623
1148,1613,5701,False,0.5868725180625916
1149,1613,4965,False,0.5786766409873962
1150,1617,5778,True,0.8505131602287292
1151,1618,4293,True,0.7689780592918396
1152,1618,5771,False,0.4698437452316284
1153,1624,5753,True,0.8031318783760071
1154,1624,614,False,0.0
1155,1625,1201,True,0.6883426904678345
1156,1630,2037,True,0.7495862245559692
1157,1634,5469,False,0.0
1158,1634,6037,True,0.4871269464492798
1159,1634,6007,False,0.0
1160,1636,507,True,0.7008209228515625
1161,1636,5177,False,0.4827556014060974
1162,1637,1969,True,0.7779150605201721
1163,1638,5712,False,0.0
1164,1638,557,True,0.7495459318161011
1165,1638,3522,False,0.7495459318161011
1166,1639,5876,False,0.0
1167,1640,776,True,0.3542585372924804
1168,1643,1692,False,0.0
1169,1644,5678,False,0.0
1170,1647,4293,False,0.4558085799217224
1171,1648,1380,True,0.7950173020362854
1172,1652,5681,False,0.4029649794101715
1173,1652,5963,False,0.0
1174,1652,4737,False,0.0
1175,1652,4586,True,0.6141474843025208
1176,1655,3965,True,0.8369084000587463
1177,1657,5649,False,0.0
1178,1657,3263,False,0.0
1179,1658,1523,True,0.574682354927063
1180,1659,1710,False,0.0
1181,1660,3264,False,0.5878344774246216
1182,1660,2039,True,0.7545934319496155
1183,1660,3559,False,0.0
1184,1661,1253,True,0.6434406638145447
1185,1662,45,True,0.5970669984817505
1186,1664,497,True,0.7711912393569946
1187,1665,3719,False,0.5688642859458923
1188,1665,3318,False,0.5021403431892395
1189,1665,458,True,0.8256806135177612
1190,1666,908,True,0.6360691785812378
1191,1667,1592,False,0.0
1192,1667,1882,True,0.7713499665260315
1193,1668,4780,False,0.4378587603569031
1194,1668,4903,False,0.496156632900238
1195,1669,5954,True,0.4312295913696289
1196,1673,6051,False,0.0
1197,1676,630,True,0.4793432950973511
1198,1677,1687,True,0.5969811081886292
1199,1679,797,False,0.0
1200,1679,2286,False,0.4840410351753235
1201,1681,4002,True,0.6298151016235352
1202,1683,370,True,0.7091864347457886
1203,1684,5975,True,0.4561046361923218
1204,1686,5969,False,0.0
1205,1687,5939,True,0.583687961101532
1206,1688,3887,True,0.4795014262199402
1207,1690,1398,True,0.7900445461273193
1208,1690,4384,False,0.0
1209,1690,3761,False,0.0
1210,1690,5751,False,0.0
1211,1691,3876,True,0.882169246673584
1212,1691,3646,False,0.4589755535125732
1213,1692,5007,True,0.7008911371231079
1214,1693,783,True,0.473528504371643
1215,1694,4430,False,0.0
1216,1694,4696,False,0.0
1217,1696,1059,True,0.4967197179794311
1218,1697,5097,True,0.7673454880714417
1219,1698,2564,True,0.4917899966239929
1220,1698,698,False,0.4506926536560058
1221,1699,3507,True,0.5943425893783569
1222,1699,5731,False,0.0
1223,1700,5842,False,0.478598028421402
1224,1701,4843,True,0.7749453783035278
1225,1702,3853,False,0.5547207593917847
1226,1704,327,True,0.7189381718635559
1227,1705,1646,True,0.6658180952072144
1228,1706,2372,True,0.8899317383766174
1229,1706,2961,False,0.0
1230,1707,4787,False,0.0
1231,1708,1255,False,0.6104356646537781
1232,1710,1656,True,0.4607991278171539
1233,1712,5699,False,0.5477924942970276
1234,1713,3087,False,0.5055871605873108
1235,1713,3724,False,0.0
1236,1713,4592,False,0.0
1237,1714,27,True,0.7102834582328796
1238,1716,4883,True,0.7958382368087769
1239,1719,1720,True,0.6749104261398315
1240,1720,5297,True,0.6895326972007751
1241,1721,4575,True,0.6646906137466431
1242,1722,5141,True,0.6285350918769836
1243,1724,635,True,0.6593360900878906
1244,1725,3696,True,0.6632182598114014
1245,1728,2000,True,0.666096568107605
1246,1730,2974,True,0.6748239994049072
1247,1730,80,False,0.545864462852478
1248,1731,5050,True,0.6713995933532715
1249,1732,5929,False,0.0
1250,1732,5240,False,0.0
1251,1732,4590,False,0.0
1252,1732,4515,True,0.7108879089355469
1253,1734,4565,False,0.5613212585449219
1254,1734,2053,True,0.7797485589981079
1255,1735,4148,True,0.3903610706329345
1256,1736,5293,False,0.0
1257,1738,3609,True,0.7613551020622253
1258,1739,1191,False,0.8233674764633179
1259,1739,7,True,0.8130283951759338
1260,1740,3978,True,0.7474220991134644
1261,1741,4438,False,0.416736364364624
1262,1741,5699,False,0.5272026062011719
1263,1742,5391,False,0.4195351600646972
1264,1745,4478,False,0.5476195812225342
1265,1745,5947,False,0.5654746294021606
1266,1746,101,True,0.8052942752838135
1267,1747,5117,True,0.6312007904052734
1268,1750,1158,True,0.7942481637001038
1269,1757,809,True,0.480484277009964
1270,1762,625,True,0.779464602470398
1271,1764,1445,False,0.5658115744590759
1272,1764,3928,True,0.8264142274856567
1273,1766,3910,True,0.789742112159729
1274,1772,2292,False,0.0
1275,1773,3418,True,0.5627105236053467
1276,1776,6035,True,0.6604571342468262
1277,1777,4991,False,0.0
1278,1777,4435,True,0.8169316053390503
1279,1779,5851,False,0.4042172431945801
1280,1779,888,True,0.5483779907226562
1281,1780,4572,False,0.0
1282,1781,1920,False,0.0
1283,1781,5590,False,0.0
1284,1783,1925,True,0.691892683506012
1285,1784,645,True,0.7416109442710876
1286,1784,1136,False,0.6121545433998108
1287,1784,2411,False,0.5381075739860535
1288,1785,1822,False,0.0
1289,1786,1563,True,0.8741309642791748
1290,1787,3707,True,0.7894483804702759
1291,1789,3775,True,0.6157909631729126
1292,1790,612,False,0.5606677532196045
1293,1790,5396,True,0.6020668745040894
1294,1791,3675,False,0.0
1295,1796,5257,False,0.4194613099098205
1296,1796,4954,False,0.341587483882904
1297,1796,1018,True,0.7050110101699829
1298,1797,1874,True,0.5527689456939697
1299,1798,5678,False,0.4901037812232971
1300,1799,840,False,0.4156007766723633
1301,1799,3713,False,0.0
1302,1801,5832,False,0.0
1303,1801,1243,True,0.8069348335266113
1304,1802,547,False,0.6793996095657349
1305,1804,4634,False,0.5105274319648743
1306,1804,2387,True,0.7476498484611511
1307,1805,3387,True,0.6722732782363892
1308,1805,4226,False,0.0
1309,1807,4975,True,0.5769023895263672
1310,1809,651,True,0.782572865486145
1311,1810,846,False,0.0
1312,1810,2843,True,0.8453752398490906
1313,1814,5898,False,0.0
1314,1814,5777,True,0.5521894693374634
1315,1814,5710,False,0.0
1316,1814,4603,False,0.0
1317,1815,4122,True,0.7407729625701904
1318,1816,3595,False,0.0
1319,1816,2973,True,0.6873632073402405
1320,1818,940,True,0.8067003488540649
1321,1818,5684,False,0.0
1322,1819,2544,False,0.4926124215126037
1323,1819,5059,True,0.7095057368278503
1324,1821,4679,False,0.0
1325,1821,4622,False,0.4299582839012146
1326,1821,3814,False,0.0
1327,1823,4938,False,0.0
1328,1823,2201,True,0.6875797510147095
1329,1824,3807,True,0.8500158786773682
1330,1824,2931,False,0.0
1331,1825,4764,True,0.6210037469863892
1332,1825,2077,False,0.67928147315979
1333,1825,5981,False,0.5925241708755493
1334,1826,5351,False,0.0
1335,1826,5017,False,0.0
1336,1826,456,True,0.5196386575698853
1337,1828,3389,False,0.0
1338,1828,5975,False,0.0
1339,1829,5796,False,0.0
1340,1831,3015,True,0.7970882654190063
1341,1831,3822,False,0.0
1342,1832,3086,False,0.0
1343,1833,3265,True,0.6463571190834045
1344,1834,2292,False,0.0
1345,1835,5163,True,0.8229444026947021
1346,1836,1487,True,0.7043898701667786
1347,1837,6052,False,0.0
1348,1837,2650,True,0.9071955680847168
1349,1838,2507,True,0.4651510715484619
1350,1840,802,True,0.5745790004730225
1351,1841,603,False,0.0
1352,1843,5701,True,0.7712767720222473
1353,1844,4424,False,0.6017051339149475
1354,1844,3221,True,0.6155056953430176
1355,1845,4766,True,0.8018490076065063
1356,1845,2701,False,0.0
1357,1846,5201,True,0.7229025959968567
1358,1847,3134,False,0.0
1359,1847,5922,False,0.0
1360,1847,3099,False,0.0
1361,1847,5253,True,0.86573326587677
1362,1848,134,True,0.569675624370575
1363,1849,3297,True,0.712782621383667
1364,1850,5615,False,0.359537124633789
1365,1851,5403,False,0.5320490598678589
1366,1853,5153,False,0.4442554414272308
1367,1853,4425,True,0.6815645694732666
1368,1855,4392,False,0.0
1369,1855,4818,True,0.5283222198486328
1370,1856,5780,False,0.4372110366821289
1371,1856,5796,False,0.513403594493866
1372,1856,1321,True,0.7700953483581543
1373,1857,5800,False,0.0
1374,1857,5689,False,0.5848439335823059
1375,1857,3458,False,0.0
1376,1859,4326,False,0.0
1377,1860,2203,True,0.5535284876823425
1378,1861,3491,True,0.7626179456710815
1379,1864,4936,False,0.4370819926261902
1380,1864,3573,True,0.724619448184967
1381,1864,3761,False,0.397552341222763
1382,1864,5517,False,0.0
1383,1865,215,True,0.5305713415145874
1384,1866,5271,False,0.6516048908233643
1385,1867,3756,True,0.788709282875061
1386,1869,511,False,0.5184139013290405
1387,1869,2955,False,0.5169128179550171
1388,1876,3799,True,0.707087516784668
1389,1877,5510,True,0.7735764980316162
1390,1878,3023,False,0.6116317510604858
1391,1878,1975,True,0.5920103192329407
1392,1879,5829,True,0.6323419809341431
1393,1882,2940,True,0.5660530924797058
1394,1884,2993,True,0.814393162727356
1395,1885,4300,False,0.0
1396,1885,4585,True,0.6372097730636597
1397,1886,2483,True,0.5846046209335327
1398,1887,5971,True,0.5837889313697815
1399,1888,1702,True,0.6945173144340515
1400,1890,3286,True,0.8362108469009399
1401,1891,83,True,0.6983941793441772
1402,1891,3119,False,0.0
1403,1893,2157,False,0.4307084083557129
1404,1893,2777,False,0.0
1405,1893,2218,True,0.5582806468009949
1406,1894,5190,False,0.0
1407,1894,4599,False,0.0
1408,1894,1534,True,0.8419675827026367
1409,1895,5279,True,0.3500511050224304
1410,1895,3878,False,0.0
1411,1896,5256,False,0.4833911061286926
1412,1896,3844,True,0.5502320528030396
1413,1896,5148,False,0.4506414830684662
1414,1898,2246,False,0.0
1415,1898,1638,True,0.7535319328308105
1416,1898,2840,False,0.0
1417,1899,4572,False,0.0
1418,1899,1517,True,0.6017073392868042
1419,1899,3119,False,0.0
1420,1903,5474,False,0.5430186986923218
1421,1905,5466,False,0.0
1422,1905,5340,False,0.0
1423,1905,5068,True,0.7795783281326294
1424,1905,4266,False,0.0
1425,1907,1198,True,0.8829562664031982
1426,1910,3989,True,0.7230818867683411
1427,1910,2451,False,0.5971527695655823
1428,1911,2774,False,0.3697033822536468
1429,1913,5129,True,0.8821359872817993
1430,1921,1519,True,0.6886488199234009
1431,1922,451,False,0.4836428761482239
1432,1925,5286,True,0.616855263710022
1433,1926,3778,False,0.4217769801616668
1434,1928,3915,True,0.7834278345108032
1435,1929,3980,True,0.7892903089523315
1436,1931,3599,False,0.0
1437,1931,4884,True,0.8540676236152649
1438,1931,3657,False,0.0
1439,1932,407,True,0.5329793691635132
1440,1933,5847,False,0.0
1441,1934,4434,True,0.623026430606842
1442,1934,2130,False,0.0
1443,1935,830,True,0.866242527961731
1444,1935,4801,False,0.0
1445,1935,1497,False,0.0
1446,1936,386,True,0.57525634765625
1447,1937,5142,False,0.3964003026485443
1448,1937,4977,False,0.0
1449,1937,5242,True,0.4404396116733551
1450,1938,2684,False,0.0
1451,1938,2980,True,0.8116957545280457
1452,1938,5100,False,0.0
1453,1942,282,True,0.6021385192871094
1454,1943,2934,False,0.0
1455,1945,1984,True,0.7174465656280518
1456,1946,4620,False,0.58775395154953
1457,1946,2870,True,0.6850805282592773
1458,1946,2453,False,0.6493833065032959
1459,1947,2986,False,0.6234002709388733
1460,1949,4454,True,0.5273571014404297
1461,1952,3386,True,0.595098614692688
1462,1952,4369,False,0.0
1463,1953,2273,True,0.696892261505127
1464,1954,832,False,0.5801055431365967
1465,1956,3537,False,0.4157634973526001
1466,1958,3856,False,0.0
1467,1962,6018,True,0.4714391827583313
1468,1962,4707,False,0.0
1469,1964,794,True,0.6524386405944824
1470,1965,4203,True,0.8607631921768188
1471,1969,3273,True,0.7563861608505249
1472,1970,342,True,0.7498872876167297
1473,1971,5670,True,0.6897959113121033
1474,1974,5830,True,0.6749899983406067
1475,1976,4063,True,0.6932483911514282
1476,1976,5284,False,0.7002152800559998
1477,1976,5020,False,0.0
1478,1977,5086,False,0.0
1479,1977,951,False,0.4243902266025543
1480,1977,1000,False,0.464695006608963
1481,1978,2585,True,0.6556287407875061
1482,1981,1903,False,0.4450623989105224
1483,1982,5886,False,0.6256857514381409
1484,1982,3343,True,0.8443982005119324
1485,1985,5585,True,0.6406087875366211
1486,1988,2697,False,0.0
1487,1988,3383,False,0.4606789648532867
1488,1991,4722,True,0.7296656966209412
1489,1992,2606,False,0.0
1490,1992,5377,False,0.0
1491,2000,5223,True,0.5348185300827026
1492,2001,5055,False,0.0
1493,2003,4217,True,0.5507716536521912
1494,2003,2403,False,0.0
1495,2004,3939,False,0.0
1496,2006,1383,False,0.5434009432792664
1497,2006,5072,False,0.0
1498,2006,1302,True,0.785528302192688
1499,2006,3967,False,0.4702309966087341
1500,2007,4437,True,0.5168212652206421
1501,2009,1941,False,0.0
1502,2012,5268,False,0.0
1503,2013,51,True,0.8344645500183105
1504,2013,95,False,0.6919243335723877
1505,2015,5154,True,0.7016431093215942
1506,2016,605,True,0.6224235892295837
1507,2019,4467,False,0.0
1508,2020,3034,True,0.530491292476654
1509,2022,3900,False,0.0
1510,2022,5754,False,0.0
1511,2023,3542,True,0.660380482673645
1512,2025,5415,False,0.5360889434814453
1513,2029,571,True,0.7141988277435303
1514,2029,1253,False,0.0
1515,2031,588,True,0.7602949738502502
1516,2036,4509,True,0.749706506729126
1517,2037,5702,False,0.0
1518,2038,2887,True,0.5628482103347778
1519,2040,5187,False,0.0
1520,2043,646,True,0.710908830165863
1521,2044,5493,False,0.0
1522,2045,1419,True,0.7709221839904785
1523,2047,5792,False,0.4746950268745422
1524,2047,5010,True,0.8292231559753418
1525,2055,5320,False,0.0
1526,2055,4573,True,0.8355125188827515
1527,2055,5621,False,0.0
1528,2059,5780,True,0.7071422934532166
1529,2060,958,False,0.0
1530,2060,2128,True,0.7725034952163696
1531,2061,4121,False,0.533911943435669
1532,2062,3557,True,0.5489896535873413
1533,2062,5949,False,0.0
1534,2065,1262,True,0.7556754946708679
1535,2068,322,True,0.6461631059646606
1536,2075,830,False,0.6024935245513916
1537,2075,4801,False,0.5049804449081421
1538,2075,1497,True,0.8650074005126953
1539,2079,1319,True,0.5536296367645264
1540,2080,831,True,0.7313876152038574
1541,2083,4804,False,0.0
1542,2083,2719,True,0.7232951521873474
1543,2083,4520,False,0.0
1544,2085,2028,False,0.0
1545,2089,4312,True,0.6766293048858643
1546,2092,3892,True,0.8053763508796692
1547,2094,5248,False,0.0
1548,2094,4045,False,0.0
1549,2094,5491,False,0.0
1550,2094,5184,False,0.0
1551,2096,5876,False,0.0
1552,2098,5003,True,0.6682350635528564
1553,2100,3026,True,0.7062109708786011
1554,2102,3776,True,0.5375025868415833
1555,2104,993,True,0.425100713968277
1556,2108,4643,False,0.0
1557,2109,1553,False,0.0
1558,2112,4031,False,0.6277679204940796
1559,2113,5879,False,0.0
1560,2113,3648,True,0.7065441608428955
1561,2114,5932,False,0.4246661067008972
1562,2114,3710,True,0.7204016447067261
1563,2117,1511,True,0.5829277038574219
1564,2118,5991,True,0.4176792204380035
1565,2120,2149,True,0.5438106060028076
1566,2122,2764,True,0.7055630087852478
1567,2123,1370,True,0.6998167037963867
1568,2125,5566,False,0.552101731300354
1569,2129,710,True,0.9091224670410156
1570,2130,1541,True,0.7270368337631226
1571,2131,2753,True,0.3747026622295379
1572,2132,3126,False,0.0
1573,2132,1274,True,0.5093448162078857
1574,2135,6022,True,0.7689463496208191
1575,2136,5847,False,0.0
1576,2137,4063,False,0.6910402178764343
1577,2137,5284,True,0.7069128751754761
1578,2137,5020,False,0.0
1579,2138,5415,True,0.6800633668899536
1580,2139,4115,False,0.0
1581,2139,3904,True,0.7785716652870178
1582,2139,5984,False,0.0
1583,2142,2623,True,0.7281438112258911
1584,2146,5944,True,0.6409841775894165
1585,2147,2319,True,0.5983605980873108
1586,2147,4424,False,0.6198107600212097
1587,2149,2365,True,0.3873398900032043
1588,2151,5042,False,0.0
1589,2153,5624,False,0.0
1590,2153,4430,False,0.0
1591,2153,4696,False,0.0
1592,2153,5909,False,0.0
1593,2154,5394,True,0.4317017197608948
1594,2156,4742,False,0.4381060600280761
1595,2157,1325,True,0.4703844785690307
1596,2161,5706,False,0.6547017693519592
1597,2161,4932,False,0.5564053654670715
1598,2163,3951,False,0.543720006942749
1599,2165,5738,False,0.0
1600,2165,5786,True,0.7071176767349243
1601,2166,1076,False,0.5319330096244812
1602,2166,3149,False,0.6519598364830017
1603,2166,2275,True,0.9999998807907104
1604,2167,313,True,0.5805134177207947
1605,2168,470,True,0.6980641484260559
1606,2170,807,False,0.0
1607,2171,5697,True,0.8496502637863159
1608,2171,3327,False,0.0
1609,2172,5963,False,0.0
1610,2172,5133,False,0.0
1611,2174,5034,False,0.3840952515602112
1612,2174,933,True,0.7026140093803406
1613,2174,2874,False,0.5320590734481812
1614,2175,5272,True,0.7604377269744873
1615,2176,4413,False,0.4371335506439209
1616,2176,1447,False,0.4283278882503509
1617,2177,2591,False,0.0
1618,2177,3577,True,0.7912240624427795
1619,2180,5415,False,0.6144939064979553
1620,2182,2262,True,0.7705265283584595
1621,2184,4299,False,0.0
1622,2187,1683,True,0.5926828384399414
1623,2191,2108,True,0.7245262861251831
1624,2192,419,True,0.6073058843612671
1625,2195,4552,False,0.0
1626,2195,5555,False,0.4405410289764404
1627,2195,3574,True,0.6989287734031677
1628,2196,1609,False,0.5229238271713257
1629,2196,3809,True,0.5741006135940552
1630,2197,3683,True,0.6485174894332886
1631,2197,5788,False,0.4731045663356781
1632,2198,51,False,0.6600751280784607
1633,2198,326,False,0.0
1634,2198,95,True,0.8123131394386292
1635,2199,3623,False,0.0
1636,2200,5335,False,0.4830327033996582
1637,2201,2287,False,0.0
1638,2201,1026,False,0.0
1639,2202,3910,False,0.5905922651290894
1640,2204,4377,True,0.4560481905937195
1641,2207,2979,True,0.6533278226852417
1642,2210,3731,False,0.0
1643,2214,2358,False,0.0
1644,2216,4605,True,0.6336305737495422
1645,2216,4888,False,0.0
1646,2216,5377,False,0.3727472722530365
1647,2216,4154,False,0.3797642886638641
1648,2217,1745,True,0.8452538251876831
1649,2217,2893,False,0.5450074076652527
1650,2218,5366,False,0.0
1651,2219,4987,True,0.4249134063720703
1652,2221,3087,True,0.6525778770446777
1653,2221,813,False,0.4070790410041809
1654,2223,2334,False,0.4887484312057495
1655,2225,4632,False,0.0
1656,2225,1058,False,0.0
1657,2226,5364,False,0.0
1658,2226,5614,True,0.7423315048217773
1659,2227,361,False,0.3500257432460785
1660,2227,3127,False,0.499394416809082
1661,2229,5049,True,0.6100546717643738
1662,2229,3775,False,0.0
1663,2232,5724,True,0.8069363832473755
1664,2233,3682,False,0.5273904800415039
1665,2235,3963,True,0.7950022220611572
1666,2237,995,False,0.0
1667,2239,867,True,0.6310712695121765
1668,2241,5638,False,0.0
1669,2246,5418,True,0.4385421276092529
1670,2248,5832,False,0.0
1671,2248,4494,False,0.0
1672,2248,486,True,0.5336654186248779
1673,2248,5509,True,0.7795938849449158
1674,2249,2977,True,0.7633453607559204
1675,2249,4331,False,0.5129914879798889
1676,2251,2305,False,0.0
1677,2256,5325,True,0.3970828354358673
1678,2257,5438,True,0.5860514640808105
1679,2258,1883,True,0.6554090976715088
1680,2259,2348,False,0.0
1681,2259,5875,False,0.0
1682,2259,4031,False,0.0
1683,2259,4315,True,0.6272571086883545
1684,2260,3264,False,0.0
1685,2260,4,True,0.7267661690711975
1686,2260,2659,False,0.6258878707885742
1687,2260,3559,False,0.4481800496578216
1688,2261,2456,False,0.5535039305686951
1689,2261,1240,True,0.6916723251342773
1690,2263,5600,False,0.3815585672855377
1691,2263,2015,True,0.6795300841331482
1692,2263,5967,False,0.3827647566795349
1693,2267,4109,True,0.5999425053596497
1694,2268,1168,True,0.7583404779434204
1695,2271,2896,False,0.577673614025116
1696,2271,2378,True,0.7791184186935425
1697,2274,5014,False,0.0
1698,2274,1357,True,0.852454423904419
1699,2274,1605,True,0.4480325579643249
1700,2275,4606,True,0.5128854513168335
1701,2277,3693,False,0.4786143898963928
1702,2277,3943,True,0.6399030685424805
1703,2277,1849,False,0.5374279618263245
1704,2278,543,True,0.7119059562683105
1705,2280,5037,True,0.6050246357917786
1706,2282,5649,False,0.0
1707,2282,5525,True,0.6512113213539124
1708,2283,4756,False,0.0
1709,2283,2913,True,0.7619015574455261
1710,2283,4393,False,0.0
1711,2284,4483,True,0.6129661798477173
1712,2285,5857,False,0.4687364101409912
1713,2286,1170,True,0.6318418383598328
1714,2288,2768,False,0.0
1715,2288,2398,False,0.0
1716,2289,811,False,0.0
1717,2289,1674,True,0.4445840120315552
1718,2290,3224,True,0.6252026557922363
1719,2291,4196,False,0.0
1720,2291,4872,False,0.0
1721,2291,4761,False,0.0
1722,2292,5357,True,0.517740786075592
1723,2293,3855,True,0.6563069820404053
1724,2294,1951,True,0.7523482441902161
1725,2294,5125,False,0.0
1726,2295,2805,True,0.8344528675079346
1727,2298,1910,True,0.6699144244194031
1728,2299,2232,True,0.7444015145301819
1729,2299,3882,False,0.6162817478179932
1730,2299,5202,False,0.6497606039047241
1731,2301,3674,True,0.8061001300811768
1732,2302,3879,True,0.8151839971542358
1733,2303,637,True,0.4811591506004333
1734,2304,2342,True,0.70136958360672
1735,2310,3801,True,0.6978458762168884
1736,2315,2886,True,0.6678365468978882
1737,2317,3638,False,0.0
1738,2318,1812,False,0.6503087878227234
1739,2318,4861,False,0.0
1740,2323,4881,True,0.7831993699073792
1741,2328,3500,False,0.4226092398166656
1742,2328,5366,False,0.4363501667976379
1743,2329,4397,False,0.6034016013145447
1744,2329,3502,False,0.4030001163482666
1745,2329,4688,True,0.4881798923015594
1746,2330,5779,False,0.0
1747,2330,975,True,0.752639889717102
1748,2331,5635,False,0.0
1749,2331,223,False,0.0
1750,2332,544,False,0.4973531365394592
1751,2332,1542,True,0.6950421333312988
1752,2332,1816,False,0.6131497621536255
1753,2336,5527,False,0.0
1754,2336,6043,False,0.5519400835037231
1755,2336,49,True,0.826538622379303
1756,2341,4098,True,0.8567039370536804
1757,2343,3043,True,0.8628122806549072
1758,2345,2582,True,0.755260705947876
1759,2347,2531,False,0.5037621259689331
1760,2347,4152,True,0.6384202241897583
1761,2349,5858,False,0.4127142429351806
1762,2349,2936,True,0.7337957620620728
1763,2350,2204,False,0.0
1764,2350,5937,True,0.765072226524353
1765,2353,4649,True,0.7025518417358398
1766,2356,1768,True,0.5778950452804565
1767,2358,5797,True,0.8885844349861145
1768,2359,2113,False,0.0
1769,2359,1673,True,0.6297146081924438
1770,2360,4753,True,0.5325836539268494
1771,2361,2591,True,0.5208027362823486
1772,2364,1548,True,0.8109935522079468
1773,2364,5748,False,0.4201505184173584
1774,2364,6031,False,0.449439525604248
1775,2367,4425,False,0.0
1776,2368,261,True,0.7554212808609009
1777,2368,1058,False,0.0
1778,2371,2887,False,0.0
1779,2371,5349,True,0.4964118003845215
1780,2372,912,True,0.6563408374786377
1781,2374,5902,True,0.7298427224159241
1782,2377,5463,False,0.0
1783,2377,5475,True,0.4957607686519623
1784,2380,1669,True,0.8432050943374634
1785,2387,5218,False,0.4250652492046356
1786,2389,6041,True,0.64576655626297
1787,2390,5696,False,0.0
1788,2390,1322,True,0.5569350719451904
1789,2394,2990,False,0.5334414839744568
1790,2394,2935,False,0.4580487608909607
1791,2394,4039,False,0.4477673768997192
1792,2395,4004,True,0.8848665952682495
1793,2397,3241,False,0.0
1794,2399,4278,False,0.0
1795,2402,2995,True,0.5817974805831909
1796,2404,3206,True,0.674595832824707
1797,2407,4552,False,0.0
1798,2407,3181,True,0.6257920265197754
1799,2410,5932,False,0.42239511013031
1800,2411,145,True,0.6199507117271423
1801,2412,4842,True,0.8636486530303955
1802,2414,2852,True,0.7938483953475952
1803,2414,5348,False,0.6943340301513672
1804,2414,3664,False,0.5701946020126343
1805,2414,4226,False,0.0
1806,2415,5913,False,0.5936131477355957
1807,2415,3821,True,0.7846423983573914
1808,2415,440,False,0.6886405348777771
1809,2419,2700,False,0.4565169811248779
1810,2422,3942,True,0.893410861492157
1811,2423,2544,True,0.5911382436752319
1812,2423,5059,False,0.3955360054969787
1813,2426,1399,False,0.3374144434928894
1814,2426,2168,False,0.4401029050350189
1815,2429,3435,True,0.5602753758430481
1816,2430,5690,True,0.482683390378952
1817,2431,2441,True,0.8743069171905518
1818,2432,2796,True,0.8592036366462708
1819,2433,5962,False,0.0
1820,2434,396,True,0.4695357978343963
1821,2435,4191,True,0.5152079463005066
1822,2437,3534,True,0.593935489654541
1823,2438,3483,False,0.0
1824,2438,5058,False,0.4159581661224365
1825,2438,5422,False,0.0
1826,2443,4310,True,1.000000238418579
1827,2445,2162,True,0.6887738704681396
1828,2446,767,True,0.7724527716636658
1829,2446,3615,False,0.6991126537322998
1830,2448,2838,True,0.5693938732147217
1831,2450,3165,True,0.5885274410247803
1832,2450,5646,False,0.0
1833,2450,5542,False,0.0
1834,2451,72,True,0.7614636421203613
1835,2451,4900,False,0.0
1836,2452,593,True,0.5649171471595764
1837,2453,5394,False,0.0
1838,2453,2283,True,0.6341280937194824
1839,2456,165,True,0.8406775593757629
1840,2462,6029,True,0.7253185510635376
1841,2467,4878,False,0.4938063025474548
1842,2467,4629,False,0.5115727782249451
1843,2467,5834,False,0.5359575748443604
1844,2467,1000,True,0.5295873284339905
1845,2468,4787,False,0.0
1846,2470,2010,True,0.34360271692276
1847,2471,3072,False,0.0
1848,2471,5723,True,0.9154452085494996
1849,2471,5371,False,0.0
1850,2471,5411,False,0.0
1851,2472,2355,True,0.7702381610870361
1852,2477,4775,False,0.0
1853,2477,1936,True,0.6123891472816467
1854,2477,5443,False,0.5920605659484863
1855,2477,5546,False,0.0
1856,2480,4608,True,0.8543452024459839
1857,2481,3724,True,0.8074966669082642
1858,2482,2046,True,0.6150338649749756
1859,2484,264,True,0.673735499382019
1860,2485,5864,True,0.4042777419090271
1861,2485,4042,False,0.0
1862,2486,1272,True,0.7613160014152527
1863,2487,6026,False,0.7320696115493774
1864,2487,697,True,0.7320696115493774
1865,2489,4055,True,0.4736558794975281
1866,2491,2416,False,0.3064179420471191
1867,2494,3190,True,0.58744877576828
1868,2495,5126,True,0.7200934290885925
1869,2496,5748,False,0.5688523054122925
1870,2496,6031,False,0.5266016125679016
1871,2496,3207,False,0.5355195999145508
1872,2498,96,False,0.0
1873,2498,617,True,0.5983365774154663
1874,2501,6042,True,0.8314511179924011
1875,2502,1539,False,0.5510026216506958
1876,2502,3996,False,0.5456817746162415
1877,2503,1715,True,0.6298304796218872
1878,2508,4391,False,0.494504302740097
1879,2509,603,True,0.6697048544883728
1880,2510,3171,True,0.7291440963745117
1881,2513,5458,True,0.5797554850578308
1882,2515,953,True,0.3980433046817779
1883,2516,4943,False,0.5602436661720276
1884,2516,5281,False,0.458418607711792
1885,2516,5306,True,0.694907546043396
1886,2516,5669,False,0.5339361429214478
1887,2518,3663,True,0.7319661974906921
1888,2520,5848,False,0.5839376449584961
1889,2521,5320,False,0.3707304000854492
1890,2521,449,False,0.8763126730918884
1891,2521,5342,True,0.8808526992797852
1892,2524,5836,False,0.0
1893,2524,5982,False,0.0
1894,2524,4874,False,0.4112356305122375
1895,2524,106,True,0.8972113132476807
1896,2526,6051,True,0.6219147443771362
1897,2528,3362,True,0.7802226543426514
1898,2529,4629,True,0.6454967856407166
1899,2529,2130,False,0.32563117146492
1900,2530,4304,True,0.6892798542976379
1901,2531,2394,False,0.0
1902,2532,4083,True,0.7021393775939941
1903,2533,3790,True,0.5021060705184937
1904,2534,759,False,0.0
1905,2535,4985,False,0.4361015856266022
1906,2536,2761,True,0.6138399839401245
1907,2536,2523,False,0.0
1908,2537,227,False,0.5611835718154907
1909,2537,230,True,0.8313054442405701
1910,2538,4727,False,0.4199484288692474
1911,2538,2899,True,0.546227753162384
1912,2539,2916,True,0.5148816704750061
1913,2540,2819,True,0.6288015842437744
1914,2542,3213,True,1.000000238418579
1915,2543,5183,False,0.0
1916,2543,5299,False,0.5017063021659851
1917,2543,5523,False,0.0
1918,2543,1912,True,0.7391006946563721
1919,2545,4958,True,0.6668192744255066
1920,2547,2609,True,0.6436445713043213
1921,2551,803,True,0.5462455153465271
1922,2555,3950,False,0.0
1923,2559,4759,True,0.7176131010055542
1924,2560,3208,False,0.520958662033081
1925,2560,2467,False,0.5619062185287476
1926,2560,3946,False,0.6118841767311096
1927,2561,4798,True,0.5844725966453552
1928,2564,2959,True,0.6881349086761475
1929,2565,2458,True,0.7751451730728149
1930,2569,3066,True,0.6398212909698486
1931,2569,2845,False,0.0
1932,2570,2111,True,0.7326377630233765
1933,2570,2351,False,0.0
1934,2570,4917,False,0.0
1935,2571,4616,False,0.5435785055160522
1936,2572,1274,False,0.0
1937,2573,4503,False,0.0
1938,2573,5310,True,0.6894115805625916
1939,2574,37,True,0.8432254791259766
1940,2575,4017,True,0.6457589268684387
1941,2576,4722,False,0.0
1942,2576,1642,True,0.7411192655563354
1943,2580,4599,True,0.8197224140167236
1944,2581,546,True,0.7365994453430176
1945,2582,589,False,0.0
1946,2582,2826,False,0.0
1947,2582,2859,True,0.431064248085022
1948,2583,4924,True,0.5029709339141846
1949,2585,2637,True,0.719687819480896
1950,2587,5514,True,0.6683675050735474
1951,2587,2130,False,0.0
1952,2589,5160,True,0.5301131010055542
1953,2589,5210,False,0.0
1954,2591,127,True,0.77198326587677
1955,2592,4448,False,0.0
1956,2593,5907,False,0.6039029955863953
1957,2593,5355,False,0.5541074275970459
1958,2593,5179,True,0.7173442840576172
1959,2595,1288,True,0.7540463805198669
1960,2597,5674,False,0.0
1961,2597,2042,True,0.5461519360542297
1962,2598,6020,True,0.7245234847068787
1963,2598,1696,False,0.0
1964,2599,4600,False,0.0
1965,2600,1445,True,0.7190865278244019
1966,2600,3928,False,0.0
1967,2602,4848,True,0.5012279748916626
1968,2602,5117,False,0.0
1969,2603,5927,True,0.60060715675354
1970,2604,4797,True,0.3903448581695556
1971,2604,4069,False,0.56376051902771
1972,2605,3649,True,0.7513330578804016
1973,2606,2816,True,0.6149056553840637
1974,2607,1719,True,0.739484965801239
1975,2607,4602,False,0.0
1976,2608,5715,True,0.4048933088779449
1977,2609,4115,True,0.7553259134292603
1978,2609,5629,False,0.0
1979,2609,3880,False,0.0
1980,2611,1492,True,0.5406140089035034
1981,2612,3298,True,0.5019542574882507
1982,2612,658,False,0.0
1983,2613,4569,False,0.0
1984,2614,4778,True,0.4771700799465179
1985,2615,4604,False,0.0
1986,2615,5130,False,0.0
1987,2617,5907,True,0.7774532437324524
1988,2617,5226,False,0.5875220894813538
1989,2617,5355,False,0.5484497547149658
1990,2617,5687,False,0.6719620227813721
1991,2619,4722,False,0.0
1992,2621,1043,True,0.5422552824020386
1993,2622,4636,False,0.0
1994,2623,3006,False,0.7154874801635742
1995,2623,2186,True,1.000000238418579
1996,2625,90,True,0.6820045113563538
1997,2626,3200,True,0.725917637348175
1998,2628,5554,False,0.0
1999,2628,2144,True,0.741484522819519
2000,2631,1644,True,0.6668153405189514
2001,2632,5333,False,0.5187374949455261
2002,2633,1175,True,0.4574884176254272
2003,2634,3506,True,0.4836717545986175
2004,2634,4936,False,0.0
2005,2634,3573,False,0.3792051374912262
2006,2636,3652,True,0.7873060703277588
2007,2638,5972,False,0.568837583065033
2008,2639,1512,True,0.7320753931999207
2009,2644,1802,True,0.5914351940155029
2010,2646,5066,True,0.7266145348548889
2011,2647,5803,False,0.3898021876811981
2012,2647,2699,False,0.5962024927139282
2013,2647,2018,False,0.4170072674751282
2014,2648,5588,True,0.9138602018356324
2015,2648,506,False,0.0
2016,2649,5204,False,0.4501913785934448
2017,2650,4559,True,0.8069040775299072
2018,2650,4979,False,0.0
2019,2651,5707,False,0.445211261510849
2020,2652,463,True,0.7505987882614136
2021,2655,3924,True,0.7209947109222412
2022,2655,2373,False,0.0
2023,2655,5452,False,0.0
2024,2658,42,False,0.0
2025,2661,4984,False,0.0
2026,2665,870,True,0.7620868682861328
2027,2667,3214,False,0.5842910408973694
2028,2668,2440,True,0.8301609754562378
2029,2669,5792,True,0.5705020427703857
2030,2670,4600,False,0.0
2031,2670,2050,False,0.0
2032,2672,4071,False,0.0
2033,2672,2056,True,0.5816787481307983
2034,2673,40,True,0.8621240258216858
2035,2675,2697,False,0.0
2036,2675,3455,True,0.723805844783783
2037,2676,2822,True,0.7138744592666626
2038,2676,2634,False,0.0
2039,2677,2719,False,0.0
2040,2677,3653,False,0.0
2041,2677,2663,True,0.6568672060966492
2042,2680,5996,True,0.7453733682632446
2043,2682,1613,True,0.7799211144447327
2044,2682,5741,False,0.0
2045,2683,1733,False,0.0
2046,2683,1293,True,0.5050109624862671
2047,2683,1319,False,0.0
2048,2683,4470,False,0.0
2049,2684,1403,True,0.8025013208389282
2050,2685,621,False,0.5564610362052917
2051,2688,5191,False,0.0
2052,2688,3620,False,0.0
2053,2688,3692,False,0.4068094491958618
2054,2689,5624,False,0.0
2055,2689,3573,False,0.0
2056,2689,5517,True,0.7687703371047974
2057,2691,5606,True,0.5270087122917175
2058,2692,4442,True,0.545424222946167
2059,2693,2311,False,0.5653398036956787
2060,2697,2204,False,0.0
2061,2698,6017,False,0.0
2062,2698,4627,True,0.2925954461097717
2063,2700,501,False,0.6169249415397644
2064,2700,5458,False,0.6601388454437256
2065,2702,5827,False,0.4110980033874511
2066,2703,1109,False,0.0
2067,2705,5139,False,0.4879252910614013
2068,2706,384,True,0.6216171383857727
2069,2708,1151,True,0.8157153725624084
2070,2709,2564,False,0.4746362566947937
2071,2709,698,True,0.4754256010055542
2072,2710,1667,False,0.0
2073,2710,1732,False,0.0
2074,2711,3290,False,0.0
2075,2711,2781,True,0.6338233351707458
2076,2712,5110,False,0.0
2077,2712,1466,False,0.0
2078,2713,4468,True,0.8396077156066895
2079,2718,5417,False,0.7753933668136597
2080,2719,5778,False,0.0
2081,2719,527,True,0.8916784524917603
2082,2720,2722,False,0.0
2083,2720,4265,False,0.0
2084,2720,5114,False,0.0
2085,2721,4367,True,0.6490223407745361
2086,2722,5193,False,0.5301970839500427
2087,2722,5435,False,0.4570688307285309
2088,2722,5876,False,0.0
2089,2724,5648,True,0.6960018277168274
2090,2725,4694,True,1.0000003576278689
2091,2726,5702,False,0.5034043192863464
2092,2727,374,False,0.0
2093,2727,5326,False,0.0
2094,2728,1562,False,0.6345094442367554
2095,2730,4535,True,0.5580933690071106
2096,2730,5596,False,0.0
2097,2731,5626,False,0.0
2098,2731,3615,False,0.0
2099,2732,5315,False,0.5719414949417114
2100,2733,1472,True,0.5715799331665039
2101,2734,2581,False,0.0
2102,2736,1415,True,0.5955065488815308
2103,2737,4943,False,0.0
2104,2737,5669,False,0.0
2105,2738,1191,True,0.8261470794677734
2106,2738,7,False,0.8014560341835022
2107,2740,3918,True,0.7572382092475891
2108,2741,1442,True,0.6941249370574951
2109,2742,5809,False,0.0
2110,2742,5268,False,0.0
2111,2743,5624,False,0.0
2112,2743,4430,False,0.0
2113,2743,4696,False,0.0
2114,2743,5909,False,0.0
2115,2744,1868,True,0.7140806913375854
2116,2746,3823,False,0.0
2117,2746,1880,False,0.0
2118,2747,4546,True,0.6266701221466064
2119,2748,3676,True,0.5385321974754333
2120,2749,3211,False,0.5418884754180908
2121,2749,3253,False,0.5343022346496582
2122,2751,5597,False,0.4053428769111633
2123,2752,3103,True,0.8816832900047302
2124,2753,5690,False,0.0
2125,2756,1477,True,0.8139820694923401
2126,2756,3325,False,0.8214259147644043
2127,2760,1943,True,0.6895859241485596
2128,2763,1238,True,0.8276987075805664
2129,2763,4632,False,0.0
2130,2765,6027,True,0.768929123878479
2131,2769,3148,True,0.8456064462661743
2132,2770,5922,False,0.0
2133,2770,4711,False,0.3916418254375458
2134,2770,5590,True,0.3502830266952514
2135,2771,5946,False,0.0
2136,2771,1496,False,0.0
2137,2773,5481,False,0.6251540184020996
2138,2775,4188,False,0.3584024906158447
2139,2775,4905,False,0.5184240341186523
2140,2775,4154,False,0.0
2141,2776,5743,True,0.6605501770973206
2142,2777,4205,True,0.5625813007354736
2143,2778,37,False,0.0
2144,2778,4823,True,0.8160243630409241
2145,2778,4263,False,0.7682595252990723
2146,2780,1224,True,0.8940707445144653
2147,2781,2571,True,0.6349272727966309
2148,2782,3827,True,0.7021520733833313
2149,2783,3384,False,0.0
2150,2783,2528,True,0.7185059189796448
2151,2783,5748,False,0.5779598355293274
2152,2783,6031,False,0.5473422408103943
2153,2785,4617,True,0.6491947174072266
2154,2786,3564,False,0.0
2155,2786,4873,False,0.513015627861023
2156,2786,839,True,0.8073501586914062
2157,2787,5334,True,0.7755746841430664
2158,2788,3763,True,0.5918104648590088
2159,2788,2532,False,0.3417883515357971
2160,2789,4396,True,0.4826933145523071
2161,2791,5619,False,0.0
2162,2791,4856,False,0.0
2163,2791,4907,False,0.0
2164,2791,3625,False,0.0
2165,2792,403,False,0.4097245335578918
2166,2793,5882,False,0.5352171659469604
2167,2793,2851,True,0.7504229545593262
2168,2794,3263,False,0.0
2169,2794,2110,False,0.0
2170,2794,6040,False,0.0
2171,2796,1236,False,0.5972083806991577
2172,2799,5993,False,0.0
2173,2800,2138,True,0.6856381893157959
2174,2801,694,True,0.5522335767745972
2175,2803,5199,True,0.5691063404083252
2176,2803,4231,False,0.0
2177,2804,5625,False,0.487770140171051
2178,2804,5571,False,0.3471884131431579
2179,2804,3305,True,0.6313202381134033
2180,2806,1455,True,0.7251172661781311
2181,2807,2883,True,0.8538362979888916
2182,2809,5780,False,0.0
2183,2809,5796,False,0.0
2184,2809,4955,True,0.669560432434082
2185,2810,1636,True,0.4228122532367706
2186,2813,5858,False,0.3994750380516052
2187,2815,5524,True,0.7687159776687622
2188,2815,3326,False,0.4460085332393646
2189,2816,5044,True,0.6866345405578613
2190,2820,5722,False,0.0
2191,2820,5362,False,0.0
2192,2820,2107,True,0.7455388903617859
2193,2821,4764,False,0.6110327243804932
2194,2821,2077,False,0.6727549433708191
2195,2821,5981,True,0.5923615097999573
2196,2822,1717,True,0.7400320172309875
2197,2823,5252,True,0.5118346214294434
2198,2826,5600,True,0.5264755487442017
2199,2826,4671,False,0.0
2200,2828,6012,True,0.7955009937286377
2201,2830,874,True,0.7078686356544495
2202,2831,4086,True,0.7594037055969238
2203,2834,5104,False,0.5286911725997925
2204,2834,5315,False,0.0
2205,2839,268,False,0.5110552310943604
2206,2841,3450,False,0.5505784153938293
2207,2842,677,False,0.4454846084117889
2208,2842,4590,True,0.7654540538787842
2209,2842,5548,False,0.4306157827377319
2210,2842,4354,False,0.5830098390579224
2211,2843,331,True,0.8071966767311096
2212,2844,740,False,0.0
2213,2845,2519,True,0.6050735712051392
2214,2846,4962,True,0.6723694801330566
2215,2848,1867,False,0.5259104371070862
2216,2848,5546,False,0.0
2217,2848,4047,True,0.8580269813537598
2218,2850,4889,False,0.5050307512283325
2219,2850,4840,True,0.7556482553482056
2220,2852,3211,False,0.450721800327301
2221,2852,3253,False,0.0
2222,2853,3410,False,0.7234421968460083
2223,2853,1616,False,0.5071240663528442
2224,2856,3117,True,0.7910659909248352
2225,2857,5864,False,0.3814391195774078
2226,2857,3134,True,0.5014693140983582
2227,2858,459,True,0.705376386642456
2228,2858,1374,False,0.0
2229,2859,566,True,0.6755765676498413
2230,2861,1658,True,0.6452015042304993
2231,2863,1764,True,0.6190485954284668
2232,2864,1085,False,0.0
2233,2864,5171,True,0.861395001411438
2234,2866,3859,False,0.0
2235,2866,4168,False,0.0
2236,2868,2190,True,0.9999998211860656
2237,2868,3677,False,0.596566915512085
2238,2870,5335,False,0.4123895168304443
2239,2871,5975,False,0.0
2240,2874,4235,True,0.8075400590896606
2241,2876,597,True,0.7295740842819214
2242,2878,1388,True,0.7384074330329895
2243,2880,3006,False,0.0
2244,2880,2186,False,0.0
2245,2881,1489,True,0.8194555044174194
2246,2882,2975,True,0.757966160774231
2247,2883,5835,False,0.4672880470752716
2248,2883,5957,False,0.5229559540748596
2249,2883,3166,True,0.6134191751480103
2250,2885,3737,False,0.4708596765995025
2251,2887,2592,True,0.7433841228485107
2252,2889,2321,False,0.0
2253,2889,5500,True,0.4685949981212616
2254,2891,5809,False,0.0
2255,2891,5926,False,0.3725150823593139
2256,2891,5573,False,0.4501996338367462
2257,2892,2911,True,0.602213978767395
2258,2892,5983,False,0.0
2259,2894,5158,True,0.802717924118042
2260,2896,5172,True,0.7182630896568298
2261,2897,1538,False,0.0
2262,2897,2436,True,0.8561892509460449
2263,2898,1310,False,0.0
2264,2898,1647,True,0.6598280668258667
2265,2900,5815,True,0.7035006284713745
2266,2902,4025,False,0.0
2267,2904,261,False,0.0
2268,2904,2233,True,0.8513855934143066
2269,2905,5187,False,0.4577049612998962
2270,2906,2980,False,0.5264595150947571
2271,2906,5100,True,0.4672760963439941
2272,2906,5013,False,0.8304213285446167
2273,2908,347,True,0.6454359292984009
2274,2909,5041,False,0.2916308641433716
2275,2911,652,True,0.6910260915756226
2276,2913,5239,True,0.5955697298049927
2277,2913,3723,False,0.4936182200908661
2278,2914,5384,True,0.781374454498291
2279,2917,5063,False,0.0
2280,2917,3173,True,0.5822349786758423
2281,2918,5953,False,0.0
2282,2918,3547,False,0.0
2283,2918,4731,False,0.0
2284,2918,5607,False,0.0
2285,2920,914,False,0.0
2286,2920,3294,True,0.7494402527809143
2287,2920,1106,False,0.0
2288,2921,5675,False,0.0
2289,2921,4320,False,0.4769259691238403
2290,2922,1870,True,0.6150386333465576
2291,2923,5072,False,0.0
2292,2923,3967,True,0.7602394819259644
2293,2924,3031,True,0.6357111930847168
2294,2924,846,False,0.0
2295,2925,5015,True,0.6514425277709961
2296,2930,4208,True,0.7060205936431885
2297,2931,5901,True,0.7288251519203186
2298,2933,3703,True,0.9239603877067566
2299,2934,5007,False,0.6284377574920654
2300,2934,4438,False,0.4901418089866638
2301,2937,4471,True,0.6418664455413818
2302,2938,3028,True,0.626953125
2303,2940,5183,False,0.5220975279808044
2304,2940,5299,False,0.0
2305,2940,5523,False,0.4047323167324066
2306,2942,3717,False,0.5033409595489502
2307,2942,5788,False,0.5088373422622681
2308,2942,4505,False,0.6108834743499756
2309,2942,5703,False,0.707319974899292
2310,2943,5017,True,0.5872483849525452
2311,2950,353,True,0.6684080958366394
2312,2952,5372,True,0.4475052952766418
2313,2954,2774,True,0.5361884832382202
2314,2955,5537,True,0.8903151750564575
2315,2957,5809,False,0.0
2316,2957,5926,False,0.3747699856758117
2317,2957,5573,False,0.0
2318,2958,5645,False,0.4604289531707763
2319,2959,5257,False,0.0
2320,2959,4129,True,0.5176687240600586
2321,2960,1539,True,0.70832759141922
2322,2960,3996,False,0.5595187544822693
2323,2961,5135,False,0.0
2324,2961,4470,True,0.5287174582481384
2325,2961,6003,False,0.227243110537529
2326,2962,3950,False,0.0
2327,2962,4110,False,0.0
2328,2962,4411,False,0.0
2329,2963,1609,True,0.4910483956336975
2330,2964,5801,False,0.0
2331,2964,989,False,0.0
2332,2964,3339,False,0.0
2333,2964,1257,True,0.7959721088409424
2334,2965,3485,True,0.7609654068946838
2335,2966,1667,False,0.0
2336,2966,3973,False,0.0
2337,2966,5156,True,0.5393948554992676
2338,2966,4427,False,0.0
2339,2967,1277,True,0.5008586645126343
2340,2967,258,False,0.0
2341,2968,2606,True,0.4859715104103088
2342,2970,2542,True,0.8011846542358398
2343,2971,24,True,0.7427478432655334
2344,2975,5420,False,0.0
2345,2976,1971,True,0.7089939117431641
2346,2980,2987,True,0.711097240447998
2347,2981,3618,False,0.0
2348,2981,5960,False,0.0
2349,2981,6032,False,0.0
2350,2983,4097,True,0.5698709487915039
2351,2984,3120,False,0.5904902219772339
2352,2984,4187,False,0.6006403565406799
2353,2984,922,False,0.5194247961044312
2354,2985,2295,False,0.0
2355,2985,3428,False,0.0
2356,2985,1690,True,0.5355831384658813
2357,2988,5969,False,0.0
2358,2988,5554,False,0.0
2359,2988,5958,False,0.0
2360,2988,2338,True,0.752140462398529
2361,2989,892,True,0.5002232789993286
2362,2991,4424,True,0.5964853167533875
2363,2991,3221,False,0.6085231304168701
2364,2992,303,False,0.0
2365,2992,3952,True,0.7382245063781738
2366,2993,5615,False,0.0
2367,2994,2398,True,0.5071197748184204
2368,2995,3930,True,0.503267765045166
2369,2998,4707,True,0.553740382194519
2370,2999,5573,True,0.5581562519073486
2371,3001,5686,False,0.0
2372,3001,5706,False,0.0
2373,3001,4482,True,0.6435114145278931
2374,3002,4264,True,0.722389817237854
2375,3004,6020,False,0.3371577262878418
2376,3004,2027,True,0.6075583100318909
2377,3005,2254,False,0.0
2378,3005,3573,False,0.0
2379,3005,4936,False,0.0
2380,3005,3761,False,0.0
2381,3007,5961,False,0.0
2382,3007,753,False,0.0
2383,3009,4804,False,0.4606456160545349
2384,3009,5985,True,0.7555800676345825
2385,3009,3630,False,0.5490763783454895
2386,3009,3296,False,0.6813255548477173
2387,3010,651,False,0.5464029312133789
2388,3010,1344,False,0.5306240320205688
2389,3010,360,False,0.6082781553268433
2390,3013,493,False,0.0
2391,3013,3830,True,0.825026273727417
2392,3015,5351,True,0.454224944114685
2393,3016,4126,True,0.722365140914917
2394,3018,5599,True,0.6974650621414185
2395,3019,4544,False,0.0
2396,3020,764,True,0.7138057947158813
2397,3021,4184,True,0.7430505752563477
2398,3024,5356,True,0.7444800138473511
2399,3025,684,False,0.0
2400,3025,5880,True,0.658759593963623
2401,3026,1807,False,0.6200011968612671
2402,3028,103,True,0.5883640646934509
2403,3034,3562,False,0.5343414545059204
2404,3034,3028,False,0.5661255121231079
2405,3037,3280,True,0.6559860706329346
2406,3039,429,False,0.5421004295349121
2407,3039,2097,True,0.605204164981842
2408,3040,1833,False,0.5288088917732239
2409,3042,177,True,0.6842977404594421
2410,3043,3720,True,0.6729758381843567
2411,3045,2152,True,0.512242317199707
2412,3047,2892,True,0.7794848084449768
2413,3047,3068,False,0.0
2414,3048,2795,True,0.7539942860603333
2415,3049,910,True,0.7683318257331848
2416,3050,4039,True,0.4872922301292419
2417,3054,2222,True,0.6405283808708191
2418,3055,2044,False,0.0
2419,3055,52,False,0.0
2420,3055,2814,True,0.530440628528595
2421,3056,5851,True,0.6400332450866699
2422,3056,888,False,0.4459109902381897
2423,3058,3718,False,0.5849883556365967
2424,3058,4965,False,0.6017613410949707
2425,3059,3895,True,0.5523980259895325
2426,3059,96,False,0.5010440349578857
2427,3060,4895,True,0.7089307308197021
2428,3061,5745,False,0.0
2429,3061,3613,False,0.0
2430,3061,1832,False,0.0
2431,3061,577,True,0.4221592843532562
2432,3063,6019,True,0.6282525658607483
2433,3068,4525,True,0.780541181564331
2434,3071,3155,True,0.8839801549911499
2435,3072,4861,False,0.5176267623901367
2436,3073,4570,True,0.7164723873138428
2437,3075,1028,False,0.0
2438,3075,4448,True,0.6133930683135986
2439,3076,3645,False,0.0
2440,3078,5953,False,0.558225154876709
2441,3078,4419,False,0.0
2442,3078,4731,False,0.0
2443,3078,5607,False,0.5485314726829529
2444,3081,5871,True,0.5859183073043823
2445,3082,3556,False,0.6206988096237183
2446,3082,391,True,0.610580563545227
2447,3085,5336,False,0.4497482478618622
2448,3086,3272,True,0.402467668056488
2449,3087,1836,True,0.6888189911842346
2450,3088,259,True,0.774505615234375
2451,3088,5834,False,0.0
2452,3088,5797,False,0.0
2453,3089,4984,True,0.4863941669464111
2454,3091,3627,False,0.4324435591697693
2455,3091,4423,False,0.0
2456,3091,3151,False,0.4046688079833984
2457,3091,3359,False,0.0
2458,3092,43,False,0.6774252653121948
2459,3092,3496,False,0.6538697481155396
2460,3092,4611,True,0.4773077368736267
2461,3094,5539,True,0.742388129234314
2462,3095,4592,False,0.0
2463,3096,4798,False,0.434129923582077
2464,3096,4496,True,0.7518072128295898
2465,3097,4772,True,0.5250880122184753
2466,3101,4296,False,0.5657055377960205
2467,3101,4802,False,0.6015775203704834
2468,3102,2485,True,0.7502847909927368
2469,3102,5783,False,0.6366069912910461
2470,3107,917,False,0.0
2471,3107,5492,False,0.0
2472,3107,544,True,0.8302704095840454
2473,3108,584,True,0.7282609939575195
2474,3108,5029,False,0.0
2475,3109,3465,True,0.8826786279678345
2476,3111,3706,False,0.0
2477,3111,4192,False,0.0
2478,3112,5143,False,0.0
2479,3114,1129,False,0.0
2480,3115,849,True,0.7108474969863892
2481,3116,5801,False,0.0
2482,3116,6020,False,0.0
2483,3116,5868,False,0.0
2484,3116,3446,True,0.3794121444225311
2485,3118,3523,False,0.0
2486,3118,3728,False,0.0
2487,3119,4425,False,0.0
2488,3120,4015,False,0.6097695827484131
2489,3120,665,False,0.4934068918228149
2490,3120,1514,True,0.8423800468444824
2491,3121,2416,True,0.4462220668792724
2492,3124,4141,False,0.0
2493,3124,5098,False,0.0
2494,3125,2770,True,0.7678214907646179
2495,3126,5983,False,0.0
2496,3128,1851,False,0.4338805973529815
2497,3128,5265,False,0.553440511226654
2498,3128,5644,True,0.6521660685539246
2499,3128,6039,False,0.4262655675411224
2500,3130,5448,False,0.4659684300422668
2501,3130,390,True,0.6944226026535034
2502,3130,5092,False,0.4216940999031067
2503,3131,4828,False,0.0
2504,3131,1475,True,0.9053103923797609
2505,3133,3932,False,0.0
2506,3133,1516,True,0.7686474323272705
2507,3134,4015,False,0.0
2508,3134,665,True,0.613330602645874
2509,3135,12,True,0.7080894112586975
2510,3136,5121,False,0.0
2511,3142,1776,False,0.7777411341667175
2512,3142,5854,True,0.8704110383987427
2513,3143,5758,False,0.3856250643730163
2514,3144,1249,True,0.6294857263565063
2515,3146,5187,False,0.4974197149276733
2516,3147,4225,False,0.0
2517,3148,3757,True,0.5830913186073303
2518,3149,2469,True,0.8392630219459534
2519,3150,914,True,0.5507732629776001
2520,3152,5341,False,0.4250966906547546
2521,3155,2954,True,0.8202826976776123
2522,3156,186,True,0.6605536937713623
2523,3159,4418,True,0.648078203201294
2524,3160,5354,True,0.7395225763320923
2525,3160,2083,False,0.0
2526,3162,3067,True,0.6235198378562927
2527,3163,3590,True,0.6923768520355225
2528,3164,5751,True,0.5101536512374878
2529,3165,3456,True,0.695953369140625
2530,3166,4465,True,0.8352749943733215
2531,3167,5113,False,0.0
2532,3170,5672,False,0.0
2533,3171,5699,False,0.552046537399292
2534,3172,214,True,0.7105540037155151
2535,3174,5231,True,0.6040447950363159
2536,3175,188,True,0.5910903215408325
2537,3178,5950,True,0.5244993567466736
2538,3179,1520,True,0.8440083265304565
2539,3180,5086,False,0.0
2540,3180,3694,False,0.0
2541,3180,4435,False,0.563361644744873
2542,3180,1418,True,0.820101261138916
2543,3181,5993,False,0.0
2544,3181,2853,True,0.7106194496154785
2545,3182,5323,False,0.0
2546,3182,5196,False,0.0
2547,3184,5087,False,0.0
2548,3186,1867,False,0.0
2549,3186,5268,False,0.0
2550,3187,1388,False,0.5686434507369995
2551,3188,75,True,0.7873584628105164
2552,3188,5858,False,0.0
2553,3189,1060,True,0.8015205264091492
2554,3189,5701,False,0.5256237983703613
2555,3190,1693,True,0.6807484030723572
2556,3191,1684,True,0.8313935995101929
2557,3193,4743,True,0.7200347185134888
2558,3193,176,False,0.5581250190734863
2559,3200,932,True,0.35903000831604
2560,3200,3098,False,0.6211155652999878
2561,3200,4350,False,0.3982668220996856
2562,3200,5542,False,0.6369197368621826
2563,3201,2684,True,0.8413472771644592
2564,3203,4110,False,0.0
2565,3203,4411,False,0.0
2566,3206,3789,False,0.0
2567,3206,3170,False,0.0
2568,3207,5272,False,0.0
2569,3208,4200,True,0.7422657608985901
2570,3209,2815,False,0.7199687957763672
2571,3209,4478,False,0.5273389220237732
2572,3209,5947,False,0.5961841344833374
2573,3211,3852,True,0.7188599109649658
2574,3212,4325,True,0.7633771896362305
2575,3214,1931,True,0.7273213863372803
2576,3216,5209,False,0.4609622955322265
2577,3216,3429,False,0.5602637529373169
2578,3218,4935,False,0.5066602230072021
2579,3219,3466,True,0.7748005390167236
2580,3220,5876,False,0.0
2581,3220,3702,False,0.0
2582,3220,3623,False,0.0
2583,3222,3564,False,0.4067088961601257
2584,3222,1135,True,0.6431287527084351
2585,3222,4746,False,0.3853390216827392
2586,3225,5987,False,0.6207668781280518
2587,3225,5693,False,0.0
2588,3225,4713,False,0.0
2589,3225,5332,False,0.0
2590,3226,1755,False,0.0
2591,3226,3001,False,0.0
2592,3229,4928,True,0.8334600925445557
2593,3229,5735,False,0.4838761687278747
2594,3230,3400,False,0.389847844839096
2595,3230,3468,False,0.4143421053886413
2596,3230,2716,True,0.4506416916847229
2597,3231,960,False,0.0
2598,3233,251,True,0.7420138120651245
2599,3236,5511,True,0.5642401576042175
2600,3237,1624,True,0.8252725005149841
2601,3238,2633,False,0.0
2602,3238,5637,False,0.4411338269710541
2603,3241,2639,True,0.4904063940048218
2604,3244,4373,False,0.4353273510932922
2605,3244,4802,False,0.0
2606,3245,5656,False,0.0
2607,3245,2063,True,0.7852176427841187
2608,3245,2702,False,0.3206864595413208
2609,3247,4316,True,0.6981179118156433
2610,3247,5281,False,0.4951416254043579
2611,3247,5306,False,0.0
2612,3247,5669,False,0.0
2613,3250,2181,False,0.4761121869087219
2614,3250,4666,True,0.6063195466995239
2615,3251,1876,False,0.4071828722953796
2616,3251,4775,True,0.594630241394043
2617,3252,2775,False,0.0
2618,3254,6008,True,0.5366367101669312
2619,3256,4691,True,0.7556454539299011
2620,3257,5480,False,0.5293448567390442
2621,3258,3512,True,0.7803249955177307
2622,3262,4795,False,0.0
2623,3262,3749,False,0.0
2624,3262,5828,False,0.0
2625,3262,4427,False,0.0
2626,3264,3313,True,0.8336354494094849
2627,3265,3779,False,0.5745867490768433
2628,3266,5538,True,0.5402050018310547
2629,3269,3361,False,0.0
2630,3269,231,True,0.4468352198600769
2631,3269,5340,False,0.0
2632,3269,5622,False,0.0
2633,3270,1526,False,0.7073531746864319
2634,3273,2285,True,0.7283505201339722
2635,3274,5984,True,0.8171352744102478
2636,3275,3047,False,0.0
2637,3275,2651,False,0.0
2638,3276,1134,False,0.0
2639,3276,2354,False,0.0
2640,3278,1826,True,0.6578197479248047
2641,3283,3843,True,0.689539909362793
2642,3283,5685,False,0.5681283473968506
2643,3284,4708,True,0.5651736855506897
2644,3284,5256,False,0.4836115837097168
2645,3286,5092,True,0.7786486744880676
2646,3288,4802,True,0.7634171843528748
2647,3289,3757,False,0.0
2648,3289,3991,False,0.0
2649,3289,4048,False,0.0
2650,3289,3372,True,0.7040792107582092
2651,3292,1100,True,0.762772798538208
2652,3293,3290,False,0.0
2653,3294,3520,True,0.6501652002334595
2654,3295,668,True,0.7323520183563232
2655,3297,5741,False,0.0
2656,3297,3488,True,0.7109220027923584
2657,3298,3053,True,0.7513285875320435
2658,3299,987,True,0.7090526819229126
2659,3299,3986,False,0.4646146297454834
2660,3300,2706,True,0.6368265151977539
2661,3301,1294,True,0.7904364466667175
2662,3301,3246,False,0.4448718428611755
2663,3303,3871,False,0.5209950804710388
2664,3303,1863,False,0.0
2665,3305,4452,True,0.7222810983657837
2666,3306,4784,False,0.5448423624038696
2667,3307,3269,True,0.5394835472106934
2668,3311,4060,True,0.6530407071113586
2669,3311,145,False,0.5714704394340515
2670,3314,2697,False,0.0
2671,3314,3383,False,0.0
2672,3315,5566,False,0.5066115260124207
2673,3316,1916,False,0.4743892848491668
2674,3317,5044,False,0.4254969358444214
2675,3318,4376,True,0.4899544715881347
2676,3319,5143,False,0.5307680368423462
2677,3321,5898,True,0.5958449840545654
2678,3321,1014,False,0.5123662948608398
2679,3322,4797,False,0.3871581554412842
2680,3322,4069,True,0.467306911945343
2681,3325,2207,True,0.6325682401657104
2682,3326,4686,True,0.6410565376281738
2683,3326,4742,False,0.4383028745651245
2684,3327,4888,True,0.8316054344177246
2685,3327,4278,False,0.0
2686,3327,4515,False,0.0
2687,3328,4016,True,0.7724594473838806
2688,3329,3046,True,0.7161720395088196
2689,3329,2046,False,0.0
2690,3329,4407,False,0.0
2691,3330,2932,False,0.0
2692,3333,0,True,0.5516318678855896
2693,3335,5663,True,0.855779767036438
2694,3339,5526,False,0.0
2695,3340,2723,False,0.5743399858474731
2696,3341,5885,False,0.0
2697,3342,4778,False,0.4179186224937439
2698,3343,3555,False,0.0
2699,3343,4782,False,0.0
2700,3343,3420,True,0.6361920833587646
2701,3343,901,False,0.0
2702,3344,3552,False,0.0
2703,3344,4682,True,0.6615567803382874
2704,3345,5591,True,0.3364367187023163
2705,3346,2294,True,0.5584904551506042
2706,3350,1300,True,0.772000253200531
2707,3351,594,True,0.5458843111991882
2708,3352,5722,True,0.7758294939994812
2709,3353,147,True,0.6403464078903198
2710,3354,1307,False,0.5197851657867432
2711,3354,5040,False,0.0
2712,3354,5331,True,0.6533277034759521
2713,3357,5169,True,0.8023651838302612
2714,3359,123,True,0.6919200420379639
2715,3359,5257,False,0.0
2716,3360,4222,False,0.410022497177124
2717,3361,2098,False,0.4383523762226105
2718,3362,4876,False,0.0
2719,3363,5189,True,0.4962542057037353
2720,3364,3258,True,0.7782313227653503
2721,3366,3984,True,0.8405275344848633
2722,3367,3536,True,0.5579617619514465
2723,3370,5351,False,0.0
2724,3370,3246,False,0.0
2725,3370,3520,False,0.0
2726,3370,1817,True,0.5722238421440125
2727,3371,4530,True,0.8154104948043823
2728,3374,4985,False,0.5049486756324768
2729,3376,5627,False,0.4787007570266723
2730,3377,5675,False,0.4901155829429626
2731,3379,4620,False,0.3890410661697387
2732,3379,2870,False,0.0
2733,3379,2453,False,0.5533444881439209
2734,3380,3667,True,0.7543781995773315
2735,3381,1139,True,0.5764996409416199
2736,3381,5810,False,0.3834525644779205
2737,3381,5491,False,0.3891167640686035
2738,3381,5184,False,0.411192387342453
2739,3382,5818,False,0.0
2740,3383,4619,True,0.5897354483604431
2741,3388,4591,False,0.5132656097412109
2742,3389,5737,True,0.852563738822937
2743,3389,4880,False,0.0
2744,3389,4234,False,0.0
2745,3391,3432,False,0.3546214401721954
2746,3391,5594,True,0.6792875528335571
2747,3392,4229,False,0.4633641242980957
2748,3393,695,False,0.0
2749,3393,4463,False,0.0
2750,3393,3002,False,0.0
2751,3393,343,True,0.7757759690284729
2752,3394,3970,False,0.0
2753,3395,5745,False,0.0
2754,3395,2339,False,0.0
2755,3395,3287,True,0.5463970899581909
2756,3396,4935,False,0.5224407911300659
2757,3397,4986,True,0.8778954148292542
2758,3398,5131,True,0.7153987884521484
2759,3399,3457,False,0.4826364815235138
2760,3399,4256,False,0.4155514240264892
2761,3401,4132,False,0.0
2762,3404,2552,True,0.7165259122848511
2763,3404,5009,False,0.5889537334442139
2764,3404,55,False,0.5260612368583679
2765,3404,669,False,0.5262489914894104
2766,3406,1064,True,0.8124674558639526
2767,3408,3891,False,0.0
2768,3408,2610,False,0.0
2769,3408,5067,False,0.0
2770,3408,3834,False,0.0
2771,3409,4951,False,0.5264394283294678
2772,3409,3425,True,0.7342523336410522
2773,3411,5195,False,0.0
2774,3411,2539,True,0.6515598297119141
2775,3412,3338,False,0.0
2776,3412,381,True,0.6363469362258911
2777,3412,2549,False,0.0
2778,3415,5113,False,0.3399845063686371
2779,3415,5867,False,0.3914787769317627
2780,3416,5508,True,0.855957567691803
2781,3418,2561,True,0.78012615442276
2782,3421,3314,False,0.0
2783,3421,1998,False,0.0
2784,3421,326,True,0.8563076257705688
2785,3421,2337,False,0.0
2786,3422,316,False,0.0
2787,3422,231,False,0.0
2788,3425,288,True,0.5568739771842957
2789,3426,4990,True,0.8765274286270142
2790,3428,5596,False,0.5693280696868896
2791,3430,4632,False,0.0
2792,3431,5769,False,0.4267556369304657
2793,3431,5056,False,0.0
2794,3431,5957,False,0.4220011234283447
2795,3434,5091,True,0.6983955502510071
2796,3435,3675,True,0.6173714399337769
2797,3436,3626,True,0.899043083190918
2798,3436,4801,False,0.0
2799,3437,5618,False,0.5701414346694946
2800,3437,5933,False,0.5005136728286743
2801,3439,3685,False,0.0
2802,3439,4905,True,0.7801169753074646
2803,3440,5151,True,0.6154358386993408
2804,3441,4181,False,0.5324662327766418
2805,3442,5933,False,0.0
2806,3443,4824,True,0.5472190976142883
2807,3444,4501,True,0.7452656626701355
2808,3447,4210,True,0.7064405083656311
2809,3448,3316,False,0.0
2810,3449,3119,False,0.0
2811,3450,5456,False,0.3585590422153473
2812,3450,2073,False,0.4061485826969147
2813,3450,2475,True,0.720425009727478
2814,3451,4746,False,0.0
2815,3453,810,True,0.4150718450546264
2816,3454,5385,False,0.5531152486801147
2817,3454,1818,True,0.7720849514007568
2818,3456,1944,True,0.4214080572128296
2819,3456,4666,False,0.0
2820,3457,2842,True,0.8654347062110901
2821,3459,4453,True,0.5620924830436707
2822,3461,3087,False,0.4875270426273346
2823,3461,813,True,0.6620301008224487
2824,3461,3319,False,0.4535030126571655
2825,3463,4167,False,0.0
2826,3463,369,False,0.4706795215606689
2827,3464,185,True,0.8673710823059082
2828,3466,1537,True,0.7410323619842529
2829,3467,2182,True,0.7256177663803101
2830,3468,4591,False,0.5460327863693237
2831,3468,498,True,0.656941294670105
2832,3470,989,False,0.0
2833,3471,4742,False,0.0
2834,3471,3437,True,0.567867636680603
2835,3474,1125,False,0.0
2836,3474,4023,False,0.0
2837,3475,2168,False,0.5232807397842407
2838,3476,6005,False,0.0
2839,3477,4011,False,0.0
2840,3481,4862,False,0.4833146929740906
2841,3481,5211,True,0.6293720006942749
2842,3483,4567,True,0.6889205574989319
2843,3484,2248,True,0.8686792850494385
2844,3489,1696,False,0.0
2845,3490,394,True,0.7195827960968018
2846,3490,3431,False,0.0
2847,3491,693,True,0.5778260827064514
2848,3495,907,False,0.0
2849,3495,4457,False,0.0
2850,3495,4572,True,0.5193701386451721
2851,3497,5376,True,0.6846836805343628
2852,3497,5850,False,0.5146965980529785
2853,3498,3411,True,0.6258705854415894
2854,3499,5962,False,0.0
2855,3499,39,True,0.8053353428840637
2856,3500,3305,False,0.0
2857,3500,4605,False,0.3759206533432007
2858,3500,481,True,0.6177340745925903
2859,3502,5526,False,0.5727420449256897
2860,3503,5610,True,0.9999997615814208
2861,3505,5771,False,0.0
2862,3505,4891,True,0.6251453161239624
2863,3506,3690,True,0.6588773727416992
2864,3508,3556,False,0.0
2865,3508,4433,False,0.0
2866,3509,595,True,0.5619436502456665
2867,3511,1707,False,0.0
2868,3511,3973,True,0.6127889752388
2869,3515,3299,False,0.0
2870,3516,3208,False,0.0
2871,3516,1488,True,0.7322731018066406
2872,3516,3946,False,0.4544380307197571
2873,3517,1588,True,0.5911284685134888
2874,3518,2742,True,0.6216846704483032
2875,3519,5071,False,0.5581972599029541
2876,3519,4983,False,0.501207172870636
2877,3521,5309,True,0.664372444152832
2878,3522,5885,False,0.0
2879,3522,192,False,0.4336264431476593
2880,3522,4475,True,0.6560788750648499
2881,3523,5915,True,0.860075831413269
2882,3524,3765,True,0.5430753827095032
2883,3525,1002,True,0.725280225276947
2884,3528,4327,True,0.5908169150352478
2885,3529,4506,False,0.5038506984710693
2886,3530,3415,False,0.597443163394928
2887,3533,3598,False,0.0
2888,3533,4432,False,0.0
2889,3533,5525,False,0.0
2890,3533,3670,True,0.7630027532577515
2891,3534,4314,False,0.0
2892,3539,4364,True,0.4670433402061462
2893,3540,5826,True,0.7509283423423767
2894,3540,1889,False,0.0
2895,3541,3765,False,0.0
2896,3542,174,True,0.7739623785018921
2897,3542,4552,False,0.0
2898,3543,398,True,0.550341010093689
2899,3545,5480,False,0.5746744871139526
2900,3545,3654,False,0.0
2901,3546,2154,True,0.723619282245636
2902,3549,5204,False,0.5522722601890564
2903,3551,2949,True,0.723218560218811
2904,3555,1753,False,0.0
2905,3558,1831,True,0.4924239814281463
2906,3560,1190,False,0.0
2907,3562,2127,True,0.5047109723091125
2908,3563,5159,False,0.492766797542572
2909,3563,957,True,0.6735901236534119
2910,3564,400,True,0.6875076293945312
2911,3566,4091,False,0.0
2912,3566,2343,False,0.0
2913,3567,1549,True,0.6050113439559937
2914,3568,5163,False,0.0
2915,3569,674,False,0.0
2916,3570,1753,False,0.6386863589286804
2917,3571,1902,True,0.6244974732398987
2918,3572,3475,True,0.736021101474762
2919,3574,5054,False,0.0
2920,3574,2846,False,0.0
2921,3574,6025,False,0.0
2922,3574,2701,False,0.0
2923,3576,4267,False,0.4430335760116577
2924,3576,4334,True,0.6994993686676025
2925,3577,4701,False,0.0
2926,3577,3458,False,0.0
2927,3577,5909,False,0.0
2928,3578,2382,False,0.0
2929,3578,2007,True,0.5833821892738342
2930,3579,539,False,0.0
2931,3579,3719,False,0.0
2932,3582,5850,False,0.0
2933,3583,1681,True,0.8119342923164368
2934,3585,2256,False,0.0
2935,3585,5647,True,0.8217720985412598
2936,3589,5456,False,0.0
2937,3591,5723,False,0.519282877445221
2938,3591,5411,True,0.8825687170028687
2939,3593,1346,True,0.5833290815353394
2940,3594,5720,False,0.3693373203277588
2941,3597,4238,True,0.8083956837654114
2942,3598,1727,True,0.7231804132461548
2943,3600,276,True,0.7924455404281616
2944,3600,493,False,0.0
2945,3601,5444,True,0.8257787823677063
2946,3603,2322,False,0.4690315127372741
2947,3604,5713,False,0.0
2948,3605,891,False,0.0
2949,3605,1086,False,0.5678989887237549
2950,3605,3922,False,0.0
2951,3608,3094,True,0.7734342217445374
2952,3610,4734,False,0.0
2953,3611,4885,False,0.0
2954,3614,4326,False,0.0
2955,3614,3077,True,0.3996258378028869
2956,3616,5930,False,0.4763050079345703
2957,3617,1092,True,0.8012560606002808
2958,3617,5963,False,0.0
2959,3618,4828,False,0.0
2960,3619,3915,False,0.6722239255905151
2961,3620,3467,False,0.0
2962,3621,2401,False,0.0
2963,3622,5264,True,0.6209303736686707
2964,3623,1182,True,0.6675677299499512
2965,3625,5561,False,0.6146481037139893
2966,3627,5906,False,0.0
2967,3635,421,True,0.5904914736747742
2968,3638,472,True,0.6829432249069214
2969,3641,4539,True,0.7273929119110107
2970,3642,357,True,0.81626296043396
2971,3643,5858,False,0.0
2972,3643,4937,True,0.7398266792297363
2973,3644,1745,False,0.0
2974,3644,2893,False,0.4454880952835083
2975,3646,3251,True,0.7163146734237671
2976,3648,4800,True,0.9159221649169922
2977,3649,1211,True,0.5420966744422913
2978,3649,5331,False,0.0
2979,3649,3728,False,0.0
2980,3653,253,True,0.4594643712043762
2981,3654,3087,False,0.4118896722793579
2982,3654,5987,False,0.5781130194664001
2983,3654,813,False,0.3630541563034057
2984,3654,3319,False,0.4360519349575043
2985,3655,5352,False,0.5312632322311401
2986,3656,152,False,0.5219318866729736
2987,3656,2597,False,0.5108609199523926
2988,3659,2550,True,0.702897846698761
2989,3659,1929,False,0.481802374124527
2990,3660,524,True,0.8754456043243408
2991,3661,4666,False,0.5122256278991699
2992,3664,2204,False,0.0
2993,3665,2328,True,0.7443898320198059
2994,3666,3417,True,0.60246342420578
2995,3667,4398,False,0.0
2996,3669,4621,True,0.8262436389923096
2997,3670,5054,False,0.0
2998,3670,1036,True,0.8012558221817017
2999,3674,4196,False,0.5310303568840027
3000,3674,4872,False,0.5864700078964233
3001,3674,3476,False,0.5995762348175049
3002,3674,4761,False,0.4666442275047302
3003,3675,3956,True,1.000000238418579
3004,3677,4091,False,0.0
3005,3677,1634,True,0.7619364261627197
3006,3678,4636,False,0.0
3007,3678,5118,False,0.0
3008,3678,5443,True,0.5772300958633423
3009,3678,5759,False,0.0
3010,3681,204,True,0.6638931632041931
3011,3681,2311,False,0.0
3012,3682,4746,True,0.450254738330841
3013,3683,6025,False,0.0
3014,3683,1761,True,0.8322986364364624
3015,3683,5558,False,0.0
3016,3688,2260,True,0.4722632467746734
3017,3688,1584,False,0.4567373692989349
3018,3689,2175,True,0.615166187286377
3019,3691,4784,False,0.0
3020,3693,1755,True,0.6721356511116028
3021,3693,1998,False,0.0
3022,3693,5163,False,0.0
3023,3693,1689,False,0.0
3024,3694,3045,True,0.5480378270149231
3025,3695,5165,True,0.6303204298019409
3026,3697,4183,True,0.8139616250991821
3027,3699,4236,True,0.614719569683075
3028,3701,3749,False,0.0
3029,3701,2424,True,0.5077497363090515
3030,3701,3874,False,0.0
3031,3704,5745,False,0.0
3032,3705,3897,False,0.5802213549613953
3033,3705,5173,True,0.6644041538238525
3034,3706,64,False,0.5302122235298157
3035,3707,4526,True,0.8216732740402222
3036,3707,4744,False,0.0
3037,3707,5156,False,0.0
3038,3711,2590,False,0.0
3039,3711,2173,True,0.7525571584701538
3040,3711,4407,False,0.0
3041,3711,5046,False,0.0
3042,3712,1061,True,0.7108751535415649
3043,3717,3996,False,0.0
3044,3717,4770,False,0.0
3045,3718,3092,False,0.0
3046,3719,4368,True,0.723234236240387
3047,3720,939,False,0.0
3048,3721,4546,False,0.0
3049,3721,2050,True,0.6223135590553284
3050,3723,2698,True,0.5483061671257019
3051,3725,1965,True,0.5404586791992188
3052,3726,5128,True,0.8001887202262878
3053,3727,1445,False,0.0
3054,3727,5116,True,0.901522696018219
3055,3730,4453,False,0.0
3056,3732,4357,True,0.7106937170028687
3057,3734,1507,False,0.7014309167861938
3058,3734,4967,False,0.5197259187698364
3059,3734,1119,False,0.5198207497596741
3060,3735,3690,False,0.4341872632503509
3061,3735,3892,False,0.0
3062,3735,4638,False,0.4917240142822265
3063,3736,5818,False,0.0
3064,3737,4510,False,0.0
3065,3737,5740,False,0.0
3066,3737,6054,True,0.6166667938232422
3067,3737,4523,False,0.0
3068,3738,4756,False,0.4215221405029297
3069,3738,4393,False,0.0
3070,3739,5769,False,0.0
3071,3739,5957,False,0.0
3072,3741,3638,True,0.6117364168167114
3073,3743,1360,True,0.6461994051933289
3074,3745,3384,False,0.0
3075,3745,5932,False,0.4886430203914642
3076,3745,2168,False,0.4368671774864197
3077,3745,1399,False,0.0
3078,3746,5297,False,0.5811684727668762
3079,3746,5498,False,0.5536263585090637
3080,3749,3745,False,0.4124698042869568
3081,3749,2351,True,0.5931512117385864
3082,3749,4917,False,0.3247078061103821
3083,3750,4771,True,0.8825891017913818
3084,3751,5241,True,0.7795898914337158
3085,3752,4220,False,0.5225327014923096
3086,3754,4638,False,0.4215692579746246
3087,3755,2448,False,0.5331922769546509
3088,3758,171,False,0.0
3089,3758,2590,False,0.0
3090,3758,1382,False,0.0
3091,3758,5046,False,0.0
3092,3759,2184,False,0.0
3093,3760,4115,False,0.5242295265197754
3094,3760,4080,False,0.0
3095,3760,3922,False,0.0
3096,3760,3061,True,0.7698938250541687
3097,3764,5597,False,0.0
3098,3765,5592,False,0.0
3099,3765,3444,True,0.6837925910949707
3100,3768,5867,False,0.0
3101,3772,5755,False,0.0
3102,3773,1445,False,0.5654853582382202
3103,3773,2578,True,0.8120532035827637
3104,3773,4753,False,0.0
3105,3774,1029,False,0.5761675834655762
3106,3774,5675,False,0.0
3107,3775,3156,True,0.4321582913398742
3108,3775,5085,False,0.3820390701293945
3109,3777,2181,True,0.5378423929214478
3110,3777,6040,False,0.3286433815956116
3111,3778,5207,False,0.0
3112,3779,2367,True,0.7581400871276855
3113,3781,4338,False,0.0
3114,3783,4904,True,0.8471132516860962
3115,3784,1469,False,0.0
3116,3784,5571,False,0.0
3117,3784,4874,False,0.3748698532581329
3118,3786,1539,False,0.532524824142456
3119,3786,3996,True,0.7268502712249756
3120,3786,5940,False,0.5519086122512817
3121,3787,4823,False,0.8088293075561523
3122,3787,4263,True,0.8458315134048462
3123,3788,3054,True,0.6549466848373413
3124,3794,3631,True,0.616370677947998
3125,3795,1756,False,0.0
3126,3795,1767,False,0.0
3127,3795,202,True,0.6035753488540649
3128,3796,3187,True,0.5905877351760864
3129,3797,5319,True,0.6663406491279602
3130,3799,1875,True,0.6423956155776978
3131,3801,3314,False,0.0
3132,3801,3613,False,0.0
3133,3801,3261,False,0.0
3134,3806,5161,False,0.0
3135,3806,1500,False,0.0
3136,3806,278,True,0.7927948236465454
3137,3806,2441,False,0.0
3138,3807,4132,False,0.0
3139,3808,4947,True,0.7060135006904602
3140,3809,5959,True,0.8564731478691101
3141,3810,5448,False,0.4348394870758056
3142,3811,4072,True,0.6609861850738525
3143,3814,5243,False,0.484474778175354
3144,3817,1073,True,0.6366761326789856
3145,3820,852,True,0.7688508033752441
3146,3820,816,False,0.0
3147,3821,4764,False,0.6172466278076172
3148,3821,2077,True,0.6884806752204895
3149,3821,5981,False,0.6045110821723938
3150,3822,4901,False,0.4100566208362579
3151,3823,3246,True,0.50693678855896
3152,3823,1817,False,0.0
3153,3824,3500,False,0.694663405418396
3154,3824,5380,False,0.5387318730354309
3155,3824,5366,False,0.597050666809082
3156,3827,4891,False,0.0
3157,3827,5629,True,0.9015394449234008
3158,3827,3271,False,0.0
3159,3828,1615,True,0.6327745914459229
3160,3829,1579,False,0.6350539922714233
3161,3829,2405,False,0.68389493227005
3162,3829,2869,False,0.6309847831726074
3163,3831,5321,False,0.6074487566947937
3164,3831,64,False,0.0
3165,3832,4659,False,0.420897901058197
3166,3833,1386,True,0.606694757938385
3167,3834,3989,False,0.0
3168,3834,2451,False,0.0
3169,3835,1807,False,0.5845918655395508
3170,3836,4338,False,0.0
3171,3836,5349,False,0.0
3172,3837,3514,True,0.5378609895706177
3173,3837,332,False,0.4317152202129364
3174,3838,4487,False,0.6198353171348572
3175,3839,5015,False,0.0
3176,3839,2011,True,0.5416562557220459
3177,3841,4309,True,0.7810038924217224
3178,3844,4609,False,0.0
3179,3844,4641,False,0.0
3180,3845,291,False,0.6032727956771851
3181,3847,6041,False,0.0
3182,3847,3013,True,0.6352862119674683
3183,3849,4880,True,0.725305438041687
3184,3851,3747,True,0.807032585144043
3185,3851,4481,False,0.0
3186,3853,3719,False,0.636478066444397
3187,3853,3318,False,0.5228366255760193
3188,3854,3317,False,0.580303430557251
3189,3854,5719,True,0.7890152335166931
3190,3855,283,True,0.8080809116363525
3191,3857,1899,False,0.0
3192,3857,3126,False,0.0
3193,3859,5456,False,0.0
3194,3860,4552,True,0.56370609998703
3195,3860,3552,False,0.0
3196,3860,4226,False,0.0
3197,3861,858,True,0.9023520946502686
3198,3862,5987,False,0.5278683304786682
3199,3865,989,False,0.0
3200,3865,3407,False,0.0
3201,3865,5615,True,0.5309177041053772
3202,3867,3392,False,0.0
3203,3867,2679,False,0.0
3204,3869,393,False,0.0
3205,3870,5848,False,0.502281665802002
3206,3872,1509,True,0.5337786674499512
3207,3872,3607,False,0.0
3208,3876,5962,False,0.3386232852935791
3209,3876,2460,True,0.5753154754638672
3210,3877,3000,True,0.7348641157150269
3211,3877,977,False,0.4124896824359894
3212,3878,3391,False,0.0
3213,3878,1728,False,0.4760004878044128
3214,3878,5806,False,0.0
3215,3878,3705,False,0.0
3216,3879,935,True,0.7093682289123535
3217,3879,3552,False,0.0
3218,3880,1235,True,0.7820427417755127
3219,3881,5613,False,0.5433332920074463
3220,3881,5570,False,0.5296800136566162
3221,3881,4686,False,0.6123074293136597
3222,3881,5894,False,0.6121976375579834
3223,3882,5657,True,0.7509909868240356
3224,3884,4142,True,0.6870298385620117
3225,3885,5259,False,0.0
3226,3885,4024,False,0.0
3227,3885,2996,False,0.0
3228,3886,2622,True,0.6125668883323669
3229,3886,5115,False,0.0
3230,3887,2426,False,0.0
3231,3889,2022,False,0.0
3232,3889,2215,True,0.4571853280067444
3233,3889,4496,False,0.0
3234,3889,3446,False,0.0
3235,3891,4338,False,0.0
3236,3891,5114,False,0.0
3237,3891,5349,False,0.0
3238,3892,4152,False,0.4763228595256805
3239,3892,135,False,0.0
3240,3892,2531,True,0.7600124478340149
3241,3893,3973,False,0.0
3242,3893,4199,False,0.0
3243,3893,4379,True,0.5224881768226624
3244,3894,2590,False,0.0
3245,3894,5412,False,0.0
3246,3894,5061,True,0.6933526992797852
3247,3895,3726,True,0.8484199047088623
3248,3896,3871,False,0.0
3249,3898,4192,False,0.0
3250,3899,2604,True,0.8262193202972412
3251,3900,2901,True,0.8062016367912292
3252,3901,2774,False,0.4184004068374634
3253,3901,5938,False,0.5742900371551514
3254,3902,4961,False,0.5441185235977173
3255,3902,3873,False,0.5845097899436951
3256,3903,1355,True,0.7588335275650024
3257,3903,5893,False,0.0
3258,3904,316,True,0.4599548280239105
3259,3905,4022,False,0.4712831377983093
3260,3906,4570,False,0.642189085483551
3261,3908,3754,True,0.5620888471603394
3262,3909,2373,False,0.0
3263,3909,3823,True,0.6040674448013306
3264,3911,4863,False,0.4778055250644684
3265,3912,1970,True,0.7357790470123291
3266,3914,4059,True,0.7464597225189209
3267,3916,4885,True,0.6995420455932617
3268,3918,5214,True,0.8459261059761047
3269,3920,5560,False,0.5195252299308777
3270,3920,5682,False,0.4441142082214355
3271,3924,4645,False,0.0
3272,3925,5580,False,0.0
3273,3926,4256,False,0.0
3274,3928,1142,True,0.491223394870758
3275,3928,1489,False,0.0
3276,3930,3395,True,0.5321604013442993
3277,3931,4825,False,0.3641861379146576
3278,3932,2783,False,0.0
3279,3932,3252,False,0.0
3280,3932,5828,False,0.0
3281,3932,2009,True,0.6814975738525391
3282,3933,3757,False,0.0
3283,3933,3991,True,0.7356104850769043
3284,3933,4048,False,0.0
3285,3934,291,False,0.5824396014213562
3286,3934,443,False,0.4342213273048401
3287,3935,4553,True,0.7421826720237732
3288,3936,383,True,0.6327563524246216
3289,3937,3432,False,0.3666456937789917
3290,3937,2583,False,0.0
3291,3937,2595,True,0.4304624199867248
3292,3938,5713,False,0.6998417377471924
3293,3938,5473,False,0.0
3294,3938,5920,False,0.6192694306373596
3295,3939,3392,False,0.0
3296,3939,5492,True,0.523887038230896
3297,3940,5668,False,0.5883476734161377
3298,3941,4349,True,0.8962221741676331
3299,3941,5626,False,0.0
3300,3945,4632,False,0.0
3301,3948,4022,False,0.460691750049591
3302,3949,5556,True,0.6331362128257751
3303,3951,2926,False,0.0
3304,3951,5898,False,0.2632706761360168
3305,3951,2666,True,0.5317056775093079
3306,3955,5867,False,0.3032260537147522
3307,3955,5108,False,0.5100254416465759
3308,3955,5113,False,0.0
3309,3956,92,True,0.7496391534805298
3310,3957,3336,False,0.0
3311,3958,5701,False,0.4965322613716125
3312,3958,3906,True,0.7467845678329468
3313,3961,4976,True,0.6616430282592773
3314,3963,5611,True,0.614109992980957
3315,3968,6015,False,0.4290508031845093
3316,3969,556,True,0.7562198638916016
3317,3969,5195,False,0.2623253166675567
3318,3970,2849,True,0.6203432083129883
3319,3971,5416,True,0.7315320372581482
3320,3972,6020,False,0.0
3321,3972,4104,True,0.7194526195526123
3322,3972,2505,False,0.0
3323,3973,2926,True,0.5883473753929138
3324,3976,5448,False,0.5290274024009705
3325,3976,5074,False,0.4818024039268493
3326,3976,5092,False,0.424782395362854
3327,3976,4151,False,0.4684430956840515
3328,3977,4309,False,0.0
3329,3979,3376,False,0.47537362575531
3330,3979,1037,False,0.7023898363113403
3331,3979,479,True,0.70762038230896
3332,3979,4136,False,0.6877924203872681
3333,3982,1739,True,0.7747085094451904
3334,3983,2866,True,0.7312297821044922
3335,3986,2702,False,0.0
3336,3987,5456,False,0.0
3337,3987,5595,False,0.0
3338,3987,5051,False,0.0
3339,3987,5045,False,0.0
3340,3988,5539,False,0.4955657124519348
3341,3988,4626,True,0.7549300193786621
3342,3990,815,True,0.682555079460144
3343,3993,1462,False,0.0
3344,3995,3057,False,0.0
3345,3995,2272,True,0.4962567985057831
3346,3996,903,True,0.6931998133659363
3347,3997,4646,False,0.5425001382827759
3348,3997,5574,False,0.5414568781852722
3349,3997,1250,True,0.6378597617149353
3350,3998,4645,False,0.0
3351,3998,2720,True,0.4804728925228119
3352,3998,4848,False,0.0
3353,3999,1084,False,0.6219387650489807
3354,3999,1522,True,0.5825395584106445
3355,4000,5933,False,0.4728283882141113
3356,4001,2246,False,0.0
3357,4001,1046,False,0.0
3358,4001,1888,True,0.4938482046127319
3359,4002,5320,True,0.5087494850158691
3360,4002,6038,False,0.0
3361,4003,2478,False,0.0
3362,4003,5782,False,0.0
3363,4003,5838,False,0.0
3364,4003,658,False,0.0
3365,4004,5194,True,0.4722049832344055
3366,4009,4148,False,0.0
3367,4009,5418,False,0.0
3368,4009,5372,False,0.0
3369,4009,4212,True,0.5353342294692993
3370,4010,780,True,0.723160445690155
3371,4011,4901,False,0.4294345378875732
3372,4012,5199,False,0.0
3373,4012,2079,True,0.6342967748641968
3374,4012,5892,False,0.0
3375,4013,2224,True,0.7221453189849854
3376,4013,5999,False,0.0
3377,4014,143,True,0.8980726599693298
3378,4015,4964,True,0.6208176612854004
3379,4016,1245,False,0.3340012729167938
3380,4016,5361,False,0.3981010019779205
3381,4017,5508,False,0.5914244055747986
3382,4017,4876,False,0.4752644896507263
3383,4019,965,True,0.6926838755607605
3384,4019,5562,False,0.534946858882904
3385,4019,5716,False,0.0
3386,4023,1760,False,0.0
3387,4023,1464,True,0.5671403408050537
3388,4024,5518,True,0.655799925327301
3389,4026,150,False,0.7485561370849609
3390,4026,5020,True,0.7538881897926331
3391,4027,5250,False,0.5591391324996948
3392,4027,5805,False,0.4887846112251282
3393,4029,1399,True,0.3828912377357483
3394,4033,3651,True,0.7045448422431946
3395,4034,3556,False,0.0
3396,4034,3442,False,0.0
3397,4036,5301,True,0.4931889772415161
3398,4040,664,True,0.6538068652153015
3399,4041,6005,False,0.0
3400,4041,4940,False,0.0
3401,4042,5766,True,0.5707643628120422
3402,4046,2438,True,0.6508888602256775
3403,4046,5595,False,0.0
3404,4046,5051,False,0.51759934425354
3405,4047,1006,False,0.0
3406,4048,5850,False,0.5423323512077332
3407,4049,525,False,0.0
3408,4049,3223,False,0.0
3409,4055,4549,False,0.0
3410,4056,2631,False,0.0
3411,4056,5838,False,0.0
3412,4056,5349,False,0.0
3413,4056,5782,False,0.0
3414,4057,2265,True,0.7115627527236938
3415,4059,1814,True,0.5625012516975403
3416,4060,3463,False,0.0
3417,4061,3361,True,0.6619665622711182
3418,4061,231,False,0.2745009362697601
3419,4063,5007,False,0.4014275372028351
3420,4063,5566,False,0.0
3421,4064,267,True,0.6750612258911133
3422,4066,475,True,0.6722824573516846
3423,4066,5087,False,0.0
3424,4066,2958,False,0.6535602807998657
3425,4068,2830,True,0.599212646484375
3426,4069,5295,True,0.8011188507080078
3427,4070,1883,False,0.6251524686813354
3428,4070,1244,False,0.6035565733909607
3429,4070,3350,False,0.5518835783004761
3430,4071,5789,True,0.7263932228088379
3431,4072,1360,False,0.0
3432,4072,5539,False,0.0
3433,4072,5107,True,0.6493613719940186
3434,4074,642,False,0.6482685804367065
3435,4074,5997,False,0.7026636004447937
3436,4074,3945,True,0.7430374622344971
3437,4074,3076,False,0.0
3438,4075,5742,True,0.7141913175582886
3439,4077,4412,False,0.3476707339286804
3440,4077,5602,False,0.2936423718929291
3441,4077,5580,True,0.4259030818939209
3442,4077,5563,False,0.3669213354587555
3443,4080,3047,False,0.0
3444,4080,2651,False,0.0
3445,4081,4250,True,0.4826220571994781
3446,4082,1981,True,0.7758088111877441
3447,4084,756,True,0.8144118785858154
3448,4085,3410,True,0.599778413772583
3449,4085,1616,False,0.4146474599838257
3450,4086,4878,True,0.4637032747268677
3451,4086,2149,False,0.0
3452,4087,3939,False,0.0
3453,4087,4956,False,0.0
3454,4090,5094,True,0.4592911303043365
3455,4090,3861,True,0.4066548645496368
3456,4090,5981,False,0.0
3457,4090,4419,False,0.0
3458,4093,89,True,0.6362155079841614
3459,4094,2639,False,0.0
3460,4094,5033,False,0.0
3461,4094,4987,False,0.0
3462,4094,3809,False,0.0
3463,4095,2809,True,0.7806454300880432
3464,4096,3873,True,0.6412866115570068
3465,4097,5186,False,0.0
3466,4097,4933,False,0.0
3467,4098,4146,True,0.6525387167930603
3468,4099,5071,False,0.0
3469,4100,482,True,0.6881592273712158
3470,4101,5928,True,0.7641467452049255
3471,4105,3047,False,0.3252463638782501
3472,4110,5480,False,0.5235525369644165
3473,4111,471,True,0.7186800837516785
3474,4113,948,True,0.5921587944030762
3475,4114,4479,True,0.6030226349830627
3476,4115,2348,False,0.0
3477,4115,5875,False,0.0
3478,4115,4031,True,0.5095428824424744
3479,4115,4315,False,0.0
3480,4116,3450,True,0.7821372747421265
3481,4116,2650,False,0.0
3482,4116,4080,False,0.0
3483,4116,4515,False,0.0
3484,4117,2439,False,0.0
3485,4117,2167,True,0.8053091764450073
3486,4118,5494,False,0.0
3487,4119,1940,False,0.4886778593063354
3488,4119,1492,False,0.6680464744567871
3489,4119,2448,True,1.0
3490,4120,4180,True,0.4191096127033233
3491,4120,5200,False,0.0
3492,4121,3414,True,0.7268010377883911
3493,4123,159,True,0.8269911408424377
3494,4124,1832,False,0.0
3495,4125,1732,False,0.0
3496,4125,5694,True,0.6284657716751099
3497,4126,5653,False,0.4579412937164306
3498,4126,5155,True,0.8226238489151001
3499,4126,5999,False,0.3714174628257751
3500,4128,2579,True,0.4855079352855682
3501,4129,1489,False,0.6589052081108093
3502,4130,1918,True,0.8634725213050842
3503,4131,4507,False,0.0
3504,4132,4698,True,0.6807371377944946
3505,4133,4982,False,0.0
3506,4133,5332,False,0.0
3507,4133,5693,False,0.0
3508,4134,3384,False,0.0
3509,4135,1553,True,0.6473586559295654
3510,4137,5953,False,0.0
3511,4137,4419,False,0.0
3512,4137,4731,False,0.0
3513,4137,5607,False,0.5347366333007812
3514,4138,2145,False,0.0
3515,4140,5562,False,0.5146861672401428
3516,4140,5716,False,0.3871491551399231
3517,4141,4300,False,0.0
3518,4142,5345,True,0.5426925420761108
3519,4143,4398,True,0.699492335319519
3520,4144,5983,False,0.0
3521,4145,3930,False,0.4738885760307312
3522,4146,4261,True,0.6516085267066956
3523,4146,391,False,0.6281107068061829
3524,4147,3841,True,0.6880938410758972
3525,4148,3523,False,0.0
3526,4150,4873,True,0.7665501832962036
3527,4154,5251,True,0.515745222568512
3528,4154,2916,False,0.0
3529,4155,64,False,0.5430984497070312
3530,4156,3208,False,0.5617818236351013
3531,4156,2467,False,0.5001093745231628
3532,4156,3946,False,0.5593084096908569
3533,4157,5990,False,0.0
3534,4157,3295,True,0.4988024830818176
3535,4161,4605,False,0.0
3536,4165,4494,True,0.6515830159187317
3537,4166,4198,True,0.5547410249710083
3538,4167,2348,False,0.4357500076293945
3539,4167,5875,False,0.5302542448043823
3540,4167,4031,False,0.0
3541,4167,4315,False,0.2919504642486572
3542,4169,854,True,0.7460798025131226
3543,4170,5780,False,0.0
3544,4170,5796,False,0.608558177947998
3545,4171,190,True,0.8386314511299133
3546,4172,5730,False,0.0
3547,4172,5919,False,0.0
3548,4173,3760,True,0.4980426728725433
3549,4173,3254,False,0.4222369492053985
3550,4174,5933,False,0.6248719096183777
3551,4174,4545,False,0.4754521250724792
3552,4174,4608,False,0.5065264701843262
3553,4175,2948,False,0.0
3554,4176,5730,True,0.7565189599990845
3555,4176,5919,False,0.0
3556,4177,5769,False,0.0
3557,4177,5604,False,0.0
3558,4177,4466,False,0.4654070138931274
3559,4177,5957,False,0.0
3560,4178,2065,True,0.9059158563613892
3561,4179,986,True,0.6653908491134644
3562,4182,5082,False,0.5436080098152161
3563,4182,5605,True,0.6523120403289795
3564,4182,4347,False,0.0
3565,4183,1914,True,0.5090511441230774
3566,4185,125,False,0.0
3567,4186,3626,False,0.0
3568,4186,980,False,0.0
3569,4186,579,True,0.7801488041877747
3570,4187,5267,False,0.0
3571,4189,2990,True,0.6960874199867249
3572,4189,5237,False,0.5956083536148071
3573,4191,604,True,0.5919464230537415
3574,4192,5397,False,0.4347035884857178
3575,4192,1754,False,0.0
3576,4193,2374,True,0.7469261884689331
3577,4194,5941,False,0.3594142198562622
3578,4196,5937,False,0.0
3579,4197,4188,False,0.0
3580,4202,4219,False,0.0
3581,4202,2928,True,0.4789745807647705
3582,4202,3261,False,0.0
3583,4205,4025,False,0.6110643148422241
3584,4206,3438,True,0.739909291267395
3585,4207,5079,False,0.5700387954711914
3586,4208,1690,False,0.0
3587,4209,4905,False,0.4017437100410461
3588,4210,1117,False,0.0
3589,4211,561,True,0.679330050945282
3590,4212,806,True,0.9199085235595704
3591,4213,4121,True,0.6103875041007996
3592,4215,2574,False,0.5794950127601624
3593,4215,1791,True,0.6216055154800415
3594,4216,5645,False,0.5244489908218384
3595,4220,4721,False,0.0
3596,4221,699,False,0.0
3597,4221,2179,False,0.0
3598,4222,5923,False,0.0
3599,4222,1077,False,0.0
3600,4222,328,True,0.6166536808013916
3601,4222,3973,False,0.0
3602,4226,4634,False,0.0
3603,4227,1189,False,0.0
3604,4228,5595,False,0.0
3605,4228,3998,False,0.502490222454071
3606,4228,2645,False,0.5065167546272278
3607,4231,76,False,0.4474425315856933
3608,4232,3713,True,0.7305804491043091
3609,4233,2227,True,0.7969608902931213
3610,4236,5882,False,0.4958167672157287
3611,4239,2487,True,0.806357741355896
3612,4239,605,False,0.0
3613,4239,598,False,0.0
3614,4240,2554,True,0.4717808067798614
3615,4244,5945,False,0.5269781947135925
3616,4244,5464,False,0.5364776253700256
3617,4245,1283,True,0.8396837711334229
3618,4245,5547,False,0.4575342237949371
3619,4245,5671,False,0.4473977386951446
3620,4245,5724,False,0.0
3621,4248,5892,False,0.4561521410942077
3622,4248,6036,False,0.4769971966743469
3623,4249,4896,False,0.0
3624,4249,5162,False,0.0
3625,4250,5396,False,0.4176413714885711
3626,4251,5250,True,0.6712158918380737
3627,4252,4813,False,0.571897029876709
3628,4252,5489,False,0.6096506118774414
3629,4254,5683,False,0.4236122965812683
3630,4254,3156,False,0.0
3631,4254,712,True,0.5060092210769653
3632,4255,5634,False,0.0
3633,4255,758,True,0.6026425361633301
3634,4256,4023,False,0.0
3635,4257,1205,True,0.6555579304695129
3636,4258,929,False,0.0
3637,4258,3496,True,0.6463967561721802
3638,4258,4611,False,0.0
3639,4259,891,True,0.7246333360671997
3640,4260,1883,False,0.6382484436035156
3641,4260,1143,False,0.4902903139591217
3642,4261,4722,False,0.6728740930557251
3643,4262,5327,True,0.6866359710693359
3644,4266,4757,True,0.7891750335693359
3645,4268,4630,False,0.0
3646,4268,5571,True,0.490363210439682
3647,4270,5267,True,0.4538743197917938
3648,4271,3901,True,0.7862651348114014
3649,4272,180,False,0.0
3650,4272,5865,True,0.623178243637085
3651,4273,4627,False,0.0
3652,4273,1552,True,0.7530520558357239
3653,4273,5285,False,0.0
3654,4273,4097,False,0.0
3655,4274,767,False,0.7619665861129761
3656,4274,3615,True,0.6921367645263672
3657,4275,5282,True,0.6347513794898987
3658,4276,5033,True,0.4890623688697815
3659,4277,5937,False,0.5432066917419434
3660,4277,5587,False,0.5542665719985962
3661,4277,5997,False,0.4786616563796997
3662,4278,4598,False,0.4658218026161194
3663,4278,5627,False,0.0
3664,4278,5518,False,0.0
3665,4280,5670,False,0.0
3666,4285,3250,True,0.6660159230232239
3667,4285,5679,False,0.0
3668,4287,6013,False,0.0
3669,4287,4457,False,0.0
3670,4288,4630,False,0.0
3671,4288,4101,False,0.0
3672,4289,4592,False,0.0
3673,4289,5492,False,0.0
3674,4292,3958,True,0.7844207286834717
3675,4295,4437,False,0.0
3676,4295,3886,False,0.0
3677,4295,5382,False,0.0
3678,4300,1630,True,0.93130224943161
3679,4300,3576,False,0.5124147534370422
3680,4301,5513,False,0.0
3681,4301,1799,False,0.0
3682,4301,5774,False,0.0
3683,4301,5903,False,0.5403918027877808
3684,4304,1167,True,0.7935307025909424
3685,4304,2107,False,0.5279644727706909
3686,4306,5896,True,0.7787408828735352
3687,4308,5036,False,0.4385684430599212
3688,4309,4478,False,0.5659418702125549
3689,4309,1999,True,0.7420884966850281
3690,4309,5947,False,0.5070309638977051
3691,4310,5182,False,0.4784932136535644
3692,4311,4343,True,0.4607759118080139
3693,4312,5487,True,0.7342764139175415
3694,4315,5161,True,0.8197096586227417
3695,4315,5828,False,0.0
3696,4315,950,False,0.0
3697,4315,5740,False,0.0
3698,4316,2285,False,0.7280718088150024
3699,4316,2617,False,0.0
3700,4316,3237,False,0.0
3701,4317,2855,False,0.5402798652648926
3702,4318,5155,False,0.4473666250705719
3703,4318,5653,False,0.4371165037155151
3704,4318,5999,False,0.0
3705,4319,5482,False,0.0
3706,4319,5973,True,0.4267585277557373
3707,4320,5608,True,0.7503317594528198
3708,4320,4503,False,0.0
3709,4321,3633,True,0.580501914024353
3710,4324,6030,False,0.0
3711,4324,2932,True,0.3437488973140716
3712,4326,6041,False,0.4089559912681579
3713,4326,2983,True,0.7518954873085022
3714,4327,1844,False,0.0
3715,4328,2150,False,0.5378985404968262
3716,4328,4630,False,0.494509220123291
3717,4328,5885,False,0.4857885539531708
3718,4328,4503,True,0.6286657452583313
3719,4329,5595,False,0.0
3720,4329,3998,True,0.6190690398216248
3721,4329,2645,False,0.4814465045928955
3722,4330,5221,False,0.0
3723,4331,6029,False,0.0
3724,4333,4542,True,0.5493489503860474
3725,4334,5119,False,0.0
3726,4337,6041,False,0.4459242224693298
3727,4337,388,True,0.7217759490013123
3728,4337,4503,False,0.0
3729,4338,5393,True,0.7912092804908752
3730,4338,6013,False,0.4469213783740997
3731,4339,752,False,0.0
3732,4339,5340,True,0.6523373126983643
3733,4340,4401,False,0.0
3734,4340,3246,False,0.0
3735,4340,3191,True,0.7099347710609436
3736,4341,5404,False,0.4423530697822571
3737,4341,5221,False,0.5320394039154053
3738,4341,5920,False,0.5295208692550659
3739,4342,5987,False,0.73267662525177
3740,4343,3775,False,0.0
3741,4343,5148,True,0.5339287519454956
3742,4344,2429,False,0.0
3743,4344,2439,True,0.8226942420005798
3744,4344,1550,False,0.0
3745,4345,1103,True,0.5476271510124207
3746,4345,5422,False,0.0
3747,4347,2491,False,0.0
3748,4347,2868,False,0.3096267580986023
3749,4347,4893,False,0.469774454832077
3750,4348,5274,True,0.6796532869338989
3751,4351,5255,False,0.5574771761894226
3752,4351,2655,False,0.0
3753,4352,5395,False,0.0
3754,4354,5799,True,0.6873503923416138
3755,4355,2953,True,0.7829659581184387
3756,4356,4772,False,0.4693071246147156
3757,4356,78,True,0.6739276647567749
3758,4356,3269,False,0.5759977102279663
3759,4356,3593,False,0.5416984558105469
3760,4357,2343,False,0.0
3761,4357,5944,False,0.317914068698883
3762,4358,5767,False,0.5566296577453613
3763,4359,1211,False,0.0
3764,4359,3245,False,0.0
3765,4359,1216,False,0.0
3766,4359,4812,False,0.0
3767,4362,2992,False,0.5757714509963989
3768,4362,5082,False,0.4648439884185791
3769,4362,4681,False,0.4947517514228821
3770,4363,5513,False,0.571028470993042
3771,4363,5774,False,0.4370352625846863
3772,4363,5903,False,0.0
3773,4364,772,False,0.0
3774,4364,2720,False,0.0
3775,4364,3523,False,0.0
3776,4365,4609,False,0.0
3777,4365,4641,False,0.4627556204795837
3778,4366,4038,True,0.5996920466423035
3779,4367,5079,False,0.5649361610412598
3780,4368,5084,False,0.4782002568244934
3781,4368,3802,False,0.3772538602352142
3782,4369,4260,True,0.8978000283241272
3783,4371,3176,True,0.4718453288078308
3784,4371,5395,False,0.0
3785,4373,1876,True,0.7260611057281494
3786,4373,1405,False,0.0
3787,4373,4496,False,0.4153396189212799
3788,4373,4441,False,0.5673534870147705
3789,4374,2393,True,0.6807927489280701
3790,4375,5238,False,0.0
3791,4376,1775,False,0.4905835092067718
3792,4378,4952,False,0.0
3793,4379,4961,False,0.5958912372589111
3794,4381,4397,True,0.7904810905456543
3795,4381,3502,False,0.3641910851001739
3796,4381,4688,False,0.5030196905136108
3797,4382,6001,True,0.6675233840942383
3798,4383,4734,False,0.0
3799,4383,1137,True,0.6706373691558838
3800,4384,2783,True,0.4630337953567505
3801,4384,3134,False,0.0
3802,4385,1868,False,0.507624626159668
3803,4385,5009,False,0.447517991065979
3804,4386,3197,True,0.6149875521659851
3805,4387,4719,True,0.8693870306015015
3806,4388,3064,True,0.5460788011550903
3807,4390,3332,True,0.7369521260261536
3808,4391,3104,False,0.406896710395813
3809,4391,5956,False,0.0
3810,4392,4721,False,0.597804844379425
3811,4393,1431,False,0.0
3812,4393,4798,False,0.0
3813,4393,5652,True,0.4755392074584961
3814,4394,5384,False,0.0
3815,4394,6029,False,0.4483517408370971
3816,4394,2074,True,0.7357420325279236
3817,4395,2254,False,0.4802530407905578
3818,4395,3521,True,0.8516572713851929
3819,4396,1424,True,0.5722805261611938
3820,4397,56,False,0.0
3821,4397,2258,True,0.5493478178977966
3822,4398,3328,False,0.0
3823,4398,5906,False,0.4274027645587921
3824,4399,5143,False,0.4801437854766845
3825,4399,5170,False,0.5714449882507324
3826,4401,3493,False,0.0
3827,4402,6035,False,0.0
3828,4402,279,True,0.7219762802124023
3829,4405,5464,False,0.4837906062602997
3830,4405,4200,False,0.5026005506515503
3831,4406,5458,False,0.5368818044662476
3832,4407,4539,False,0.0
3833,4407,5238,False,0.0
3834,4409,3843,False,0.6168109178543091
3835,4409,3466,False,0.6579568386077881
3836,4409,5427,False,0.6896400451660156
3837,4409,5685,True,0.7658418416976929
3838,4410,5409,False,0.0
3839,4410,5604,False,0.0
3840,4411,1958,False,0.0
3841,4412,4642,False,0.3226363062858581
3842,4413,1493,True,0.8163509368896484
3843,4413,5818,False,0.528765082359314
3844,4414,4493,False,0.5018502473831177
3845,4414,3008,True,0.831678032875061
3846,4414,806,False,0.0
3847,4415,4139,False,0.0
3848,4415,5392,False,0.0
3849,4415,5801,False,0.0
3850,4415,5558,True,0.5944464206695557
3851,4418,5561,False,0.0
3852,4420,2876,False,0.0
3853,4420,20,True,0.8268542289733887
3854,4420,3937,False,0.0
3855,4421,5560,False,0.0
3856,4421,5682,False,0.0
3857,4422,3940,True,0.6842688322067261
3858,4423,632,True,0.71979159116745
3859,4425,851,True,0.4119754433631897
3860,4425,5745,False,0.0
3861,4425,5459,False,0.0
3862,4426,804,True,0.7498637437820435
3863,4428,326,False,0.0
3864,4428,96,False,0.0
3865,4428,4153,True,0.7176777720451355
3866,4430,2445,True,0.5885270833969116
3867,4430,5360,False,0.0
3868,4432,5622,False,0.4904429614543915
3869,4432,1295,True,0.8888776302337646
3870,4432,5638,False,0.3778947591781616
3871,4433,3944,True,0.6665160059928894
3872,4434,5589,True,0.7369423508644104
3873,4435,5772,False,0.4192937910556793
3874,4435,2040,True,0.7198145985603333
3875,4436,5937,False,0.0
3876,4436,5860,False,0.5030282139778137
3877,4436,3302,True,0.7527188062667847
3878,4439,2296,True,0.8296017050743103
3879,4440,5850,False,0.5766382813453674
3880,4442,4815,True,0.5041041970252991
3881,4443,5041,False,0.0
3882,4443,5093,True,0.6481157541275024
3883,4444,5378,True,0.7524062395095825
3884,4445,4692,False,0.4720620512962341
3885,4445,2158,False,0.5093054175376892
3886,4445,5002,False,0.4807653129100799
3887,4445,4754,True,0.739665687084198
3888,4446,2857,True,0.7927523255348206
3889,4447,4906,False,0.5452307462692261
3890,4448,5785,False,0.0
3891,4451,3334,True,0.9277953505516052
3892,4455,5457,False,0.0
3893,4457,5785,False,0.414176344871521
3894,4458,4569,True,0.7311080694198608
3895,4459,5906,False,0.0
3896,4459,4915,False,0.0
3897,4460,4200,False,0.5686047673225403
3898,4461,3816,True,0.7984508275985718
3899,4463,3728,True,0.6676522493362427
3900,4464,1093,False,0.0
3901,4464,3348,False,0.0
3902,4465,3205,False,0.0
3903,4466,4506,False,0.0
3904,4467,5818,False,0.0
3905,4467,2784,False,0.5229617357254028
3906,4467,5316,False,0.0
3907,4467,4571,False,0.0
3908,4469,5854,False,0.0
3909,4469,2981,True,0.5384200811386108
3910,4470,3264,True,0.8477068543434143
3911,4471,1807,True,0.7751472592353821
3912,4475,5608,False,0.0
3913,4476,4366,False,0.5407644510269165
3914,4476,3846,False,0.0
3915,4477,879,True,0.7375665307044983
3916,4478,2467,True,0.7838557958602905
3917,4478,3946,False,0.5269315838813782
3918,4479,2987,False,0.619391918182373
3919,4480,403,False,0.4184774756431579
3920,4482,1439,True,0.7091029286384583
3921,4484,56,False,0.0
3922,4484,5575,True,0.712510883808136
3923,4486,3951,False,0.4581744372844696
3924,4486,719,True,0.7731639742851257
3925,4487,614,True,0.5446312427520752
3926,4489,5075,False,0.4066630899906158
3927,4491,5706,False,0.3921276330947876
3928,4491,4482,False,0.0
3929,4491,5686,True,0.6335948705673218
3930,4491,4403,False,0.0
3931,4492,180,False,0.0
3932,4492,2705,True,0.7601542472839355
3933,4493,2236,True,0.520884096622467
3934,4494,960,True,0.782860517501831
3935,4497,3786,True,0.744753897190094
3936,4498,4832,False,0.0
3937,4499,5240,False,0.0
3938,4499,3314,False,0.0
3939,4499,951,True,0.6373979449272156
3940,4499,3361,False,0.0
3941,4500,5237,False,0.5511585474014282
3942,4501,5920,False,0.0
3943,4502,1543,True,0.6389080882072449
3944,4503,5975,False,0.0
3945,4504,5312,False,0.4615915417671203
3946,4504,4877,False,0.4459068179130554
3947,4504,5157,False,0.5147718191146851
3948,4505,3683,False,0.5194413065910339
3949,4505,5687,False,0.6489720940589905
3950,4508,2028,False,0.0
3951,4508,3934,True,0.7647616863250732
3952,4508,2456,False,0.0
3953,4508,2036,False,0.0
3954,4510,4256,False,0.0
3955,4511,2619,False,0.5893129110336304
3956,4513,1160,False,0.0
3957,4514,5990,True,0.6803896427154541
3958,4515,3626,False,0.0
3959,4515,2414,True,0.8351075649261475
3960,4515,901,False,0.0
3961,4515,2632,False,0.7400469779968262
3962,4516,3135,True,0.763329267501831
3963,4519,5941,True,0.6441624164581299
3964,4520,4896,False,0.5517708659172058
3965,4520,4495,True,0.7833097577095032
3966,4520,5162,False,0.4858788549900055
3967,4522,5041,False,0.3047851026058197
3968,4522,5093,False,0.5496166944503784
3969,4523,5271,True,0.6391212940216064
3970,4524,2824,False,0.0
3971,4524,5091,False,0.0
3972,4524,5413,True,0.8520363569259644
3973,4524,4771,False,0.0
3974,4525,1578,True,0.6809142231941223
3975,4527,1578,False,0.5201467871665955
3976,4529,4750,True,0.7865938544273376
3977,4530,2558,True,0.7474217414855957
3978,4530,4630,False,0.0
3979,4530,5836,False,0.0
3980,4530,5014,False,0.4340315461158752
3981,4531,4982,False,0.0
3982,4531,3805,False,0.0
3983,4532,814,True,0.5815578699111938
3984,4533,207,True,0.5886118412017822
3985,4533,5822,False,0.0
3986,4534,3387,False,0.596581757068634
3987,4534,406,True,0.7066192626953125
3988,4534,489,False,0.555300235748291
3989,4535,4676,True,0.7158218622207642
3990,4539,580,False,0.0
3991,4539,4071,False,0.0
3992,4539,1216,False,0.0
3993,4540,4437,False,0.4822578430175781
3994,4540,3886,False,0.0
3995,4540,5382,False,0.4676603078842163
3996,4541,4954,True,0.5952284336090088
3997,4542,5071,False,0.5313169360160828
3998,4542,2262,False,0.5911029577255249
3999,4544,1189,False,0.4106049537658691
4000,4545,1028,True,0.3993117809295654
4001,4546,2066,True,0.6188218593597412
4002,4548,3695,False,0.0
4003,4549,2345,False,0.0
4004,4549,3969,True,0.6491150856018066
4005,4549,1041,False,0.439819872379303
4006,4550,2846,False,0.0
4007,4550,5691,True,0.7061339616775513
4008,4551,1584,False,0.4693042635917663
4009,4551,5895,True,0.4496330618858337
4010,4552,3843,False,0.5738208293914795
4011,4552,3466,False,0.6199741363525391
4012,4552,5427,True,0.8234700560569763
4013,4552,5685,False,0.6871609091758728
4014,4553,3684,False,0.58182692527771
4015,4554,4703,False,0.0
4016,4554,639,True,0.5314583778381348
4017,4554,4691,False,0.0
4018,4555,1812,True,0.7115416526794434
4019,4557,4838,False,0.0
4020,4557,5032,True,0.6614060997962952
4021,4558,3825,True,0.6844342947006226
4022,4559,2419,False,0.0
4023,4560,1139,False,0.0
4024,4560,216,False,0.0
4025,4560,1216,True,0.5969598293304443
4026,4561,5604,False,0.0
4027,4562,5668,False,0.4111878275871277
4028,4563,3044,False,0.0
4029,4563,418,True,0.5254716873168945
4030,4564,2048,True,0.5983887910842896
4031,4565,4789,True,0.5488256216049194
4032,4565,6011,False,0.0
4033,4565,4743,False,0.0
4034,4565,5429,False,0.0
4035,4566,3023,True,0.7480200529098511
4036,4566,5434,False,0.5739810466766357
4037,4566,1975,False,0.5178861021995544
4038,4566,5093,False,0.4575221836566925
4039,4567,5824,False,0.0
4040,4568,4517,False,0.4961369633674621
4041,4569,4953,False,0.5316197872161865
4042,4569,2170,False,0.5291992425918579
4043,4572,3108,True,0.5466160774230957
4044,4575,6047,False,0.0
4045,4577,1718,True,0.5664141774177551
4046,4578,515,True,0.7008982300758362
4047,4578,5880,False,0.0
4048,4579,2079,False,0.6872485280036926
4049,4580,4003,False,0.627474308013916
4050,4580,913,True,0.860103964805603
4051,4582,3113,True,0.7727600336074829
4052,4582,4642,False,0.3424854278564453
4053,4584,4541,True,0.6866920590400696
4054,4587,1756,False,0.0
4055,4587,5666,False,0.0
4056,4587,5112,True,0.8346222043037415
4057,4588,1550,True,0.6320115327835083
4058,4588,4017,False,0.4801344573497772
4059,4588,5156,False,0.0
4060,4589,4220,False,0.0
4061,4590,1004,True,0.4471831321716308
4062,4591,5944,False,0.3187131285667419
4063,4592,4860,False,0.4610186219215393
4064,4593,5713,False,0.4637638628482818
4065,4593,5618,False,0.5448619723320007
4066,4594,5887,False,0.0
4067,4594,5254,True,0.7027068138122559
4068,4596,699,True,0.6532554626464844
4069,4597,2526,True,0.5953285098075867
4070,4597,4845,False,0.0
4071,4597,793,False,0.0
4072,4597,4627,False,0.0
4073,4598,916,False,0.0
4074,4598,5249,True,0.9703895449638368
4075,4599,5832,False,0.0
4076,4599,4892,True,0.6652885675430298
4077,4601,3956,False,0.0
4078,4603,5841,False,0.0
4079,4604,5478,False,0.0
4080,4605,5455,False,0.0
4081,4606,4698,False,0.0
4082,4607,5692,False,0.0
4083,4607,5958,False,0.0
4084,4607,5646,False,0.0
4085,4607,5837,False,0.0
4086,4608,5160,False,0.5431174635887146
4087,4608,3236,True,0.6417384743690491
4088,4611,4244,True,0.5993747115135193
4089,4614,3595,False,0.0
4090,4614,5450,True,0.893700361251831
4091,4616,4920,True,0.7209383249282837
4092,4617,1966,True,0.4863329529762268
4093,4617,1117,False,0.0
4094,4618,3985,True,0.7411067485809326
4095,4619,2586,True,0.8309555053710938
4096,4620,204,False,0.4512235820293426
4097,4620,2311,False,0.6044226288795471
4098,4622,6021,False,0.5353807806968689
4099,4622,4989,True,0.6250742077827454
4100,4623,5730,False,0.0
4101,4623,2160,True,0.7584418654441833
4102,4623,5919,False,0.0
4103,4624,1500,True,0.795654833316803
4104,4625,4056,False,0.0
4105,4629,5906,False,0.4948910176753998
4106,4630,5547,False,0.4512587785720825
4107,4630,5724,False,0.0
4108,4630,5671,False,0.4532128572463989
4109,4631,971,False,0.0
4110,4631,3319,False,0.3860905170440674
4111,4632,112,True,0.6526584029197693
4112,4634,4518,False,0.6181367039680481
4113,4634,2426,False,0.4417516589164734
4114,4635,5232,False,0.0
4115,4635,2017,False,0.0
4116,4635,5333,False,0.0
4117,4636,2562,True,0.6283857226371765
4118,4637,2126,True,0.8309266567230225
4119,4638,334,True,0.6802043914794922
4120,4639,3790,False,0.0
4121,4641,5650,False,0.0
4122,4641,3252,False,0.0
4123,4642,5860,False,0.0
4124,4642,240,True,0.7818713188171387
4125,4644,5336,True,0.566133975982666
4126,4645,1678,False,0.5486464500427246
4127,4645,4873,False,0.5973888635635376
4128,4646,5824,False,0.0
4129,4646,5887,False,0.0
4130,4648,5705,True,0.7216157913208008
4131,4648,2256,False,0.0
4132,4652,5513,False,0.0
4133,4652,5774,False,0.0
4134,4652,5903,False,0.0
4135,4654,2695,True,0.6430853009223938
4136,4655,2388,True,0.6804376840591431
4137,4656,5463,False,0.0
4138,4656,5929,False,0.3684216141700744
4139,4656,3883,True,0.7442688345909119
4140,4656,5740,False,0.0
4141,4657,3178,True,0.5901899337768555
4142,4658,3195,True,0.8150831460952759
4143,4660,6030,False,0.0
4144,4661,4982,False,0.0
4145,4661,4961,True,0.7589797973632812
4146,4662,5129,False,0.5931559801101685
4147,4662,4890,False,0.0
4148,4663,6009,False,0.0
4149,4663,6011,False,0.0
4150,4663,833,True,0.4978092312812805
4151,4664,6029,False,0.5191779136657715
4152,4664,2105,True,0.894099235534668
4153,4664,2074,False,0.6379824280738831
4154,4665,2429,False,0.0
4155,4665,4603,False,0.0
4156,4665,3517,True,0.6938145160675049
4157,4665,5960,False,0.0
4158,4666,5514,False,0.0
4159,4666,6004,False,0.0
4160,4666,311,True,0.5901986360549927
4161,4666,5951,False,0.0
4162,4667,4448,False,0.0
4163,4667,6055,False,0.0
4164,4669,3716,False,0.0
4165,4670,6021,True,0.8099855184555054
4166,4671,5183,False,0.0
4167,4671,5299,False,0.0
4168,4671,4839,False,0.0
4169,4671,5523,True,0.6589849591255188
4170,4673,5979,False,0.0
4171,4673,5709,False,0.0
4172,4674,6043,True,0.848833441734314
4173,4674,3237,False,0.0
4174,4677,930,False,0.5109896063804626
4175,4677,2925,False,0.0
4176,4678,6001,False,0.0
4177,4678,5665,False,0.0
4178,4678,5941,False,0.4109941124916076
4179,4679,5878,False,0.0
4180,4681,5976,True,0.7319626808166504
4181,4682,4127,True,0.7775884866714478
4182,4688,5954,False,0.4474018812179565
4183,4688,1231,True,0.7617471814155579
4184,4689,571,False,0.2827360033988952
4185,4689,765,True,0.6928734183311462
4186,4689,2256,False,0.0
4187,4691,5323,False,0.0
4188,4691,5196,False,0.0
4189,4692,3078,False,0.4894286692142486
4190,4694,1291,True,0.7154730558395386
4191,4695,540,False,0.5247732996940613
4192,4695,2865,False,0.6382305026054382
4193,4697,3858,True,0.6853956580162048
4194,4699,6042,False,0.0
4195,4699,314,True,0.8181285858154297
4196,4700,5539,False,0.6378048062324524
4197,4700,5107,False,0.6071017980575562
4198,4700,5524,False,0.6192032098770142
4199,4702,1106,True,0.4631032049655914
4200,4704,5724,False,0.0
4201,4704,5853,False,0.0
4202,4704,5671,True,0.4269801378250122
4203,4705,4878,False,0.0
4204,4705,2881,True,0.5762923359870911
4205,4705,5086,False,0.0
4206,4705,5759,False,0.0
4207,4706,2728,False,0.5754778385162354
4208,4706,4001,False,0.6265018582344055
4209,4708,5994,False,0.0
4210,4708,2615,True,0.6172388195991516
4211,4709,1708,True,0.7136449217796326
4212,4711,3737,False,0.5085219144821167
4213,4711,4643,False,0.4347582161426544
4214,4712,1785,True,0.857437014579773
4215,4712,6008,False,0.4029302597045898
4216,4713,5513,False,0.0
4217,4713,5774,False,0.0
4218,4713,5903,False,0.0
4219,4714,2720,False,0.0
4220,4714,160,True,0.4882575273513794
4221,4715,5617,False,0.0
4222,4715,2948,True,0.7254939675331116
4223,4716,792,True,0.5505808591842651
4224,4718,5993,False,0.0
4225,4718,5130,False,0.0
4226,4719,5497,False,0.4402322173118591
4227,4720,4751,True,0.8856590986251831
4228,4722,5528,False,0.0
4229,4722,5853,False,0.0
4230,4723,3141,True,0.6778136491775513
4231,4724,6034,False,0.0
4232,4726,3268,True,0.6203444004058838
4233,4726,5678,False,0.5282288193702698
4234,4727,342,False,0.0
4235,4727,2019,True,0.7034829258918762
4236,4728,5304,False,0.5067942142486572
4237,4728,5827,False,0.0
4238,4728,5021,False,0.4945183396339416
4239,4729,236,False,0.0
4240,4729,5063,False,0.0
4241,4730,5932,False,0.5029827356338501
4242,4732,3532,True,0.761217474937439
4243,4734,77,False,0.0
4244,4734,5230,False,0.0
4245,4735,5121,False,0.0
4246,4736,5479,False,0.0
4247,4736,50,True,0.7522130608558655
4248,4737,2029,False,0.0
4249,4740,345,True,0.743080198764801
4250,4741,2846,False,0.0
4251,4741,4021,True,0.6597572565078735
4252,4741,5868,False,0.3861894011497497
4253,4741,3407,False,0.4945583939552307
4254,4742,1589,False,0.5363885164260864
4255,4743,4859,True,0.8290916085243225
4256,4744,5475,False,0.0
4257,4744,752,True,0.5968056917190552
4258,4744,4434,False,0.0
4259,4744,1961,False,0.51189124584198
4260,4745,5979,False,0.4259533286094665
4261,4745,2600,True,0.6546116471290588
4262,4745,5709,False,0.455207347869873
4263,4746,1162,True,0.6692522764205933
4264,4747,3240,True,0.5923341512680054
4265,4751,1416,False,0.0
4266,4751,4074,True,0.8139510154724121
4267,4752,6034,False,0.0
4268,4753,1621,False,0.4557784795761108
4269,4754,5167,False,0.0
4270,4754,4985,False,0.3869834542274475
4271,4755,4006,False,0.0
4272,4757,5710,True,0.5315792560577393
4273,4758,5297,False,0.5037574172019958
4274,4758,5498,False,0.5245540738105774
4275,4762,5950,False,0.0
4276,4762,5996,False,0.0
4277,4762,1112,True,0.7179649472236633
4278,4763,4400,True,0.5533831119537354
4279,4764,6001,False,0.0
4280,4766,5728,False,0.0
4281,4767,5170,False,0.5254344940185547
4282,4767,5149,False,0.4330388307571411
4283,4768,1584,False,0.4550870358943939
4284,4768,5613,True,0.5734751224517822
4285,4769,3366,True,0.8171015381813049
4286,4772,6034,False,0.4515470862388611
4287,4772,5758,False,0.3782991170883178
4288,4772,5735,True,0.4505833387374878
4289,4773,5376,False,0.4465795755386352
4290,4773,5354,False,0.5003490447998047
4291,4774,4165,False,0.0
4292,4774,3227,False,0.0
4293,4774,5476,True,0.5315642356872559
4294,4774,3745,False,0.0
4295,4776,1584,False,0.457819253206253
4296,4776,4939,True,0.6335044503211975
4297,4778,3392,True,0.632012128829956
4298,4778,5923,False,0.0
4299,4779,5011,True,0.6190943717956543
4300,4782,5969,False,0.523566722869873
4301,4782,5392,False,0.6088680624961853
4302,4782,6011,False,0.5039432644844055
4303,4782,3183,True,0.6830458045005798
4304,4783,5329,True,0.6340224742889404
4305,4783,441,False,0.6223354935646057
4306,4784,5247,False,0.4354377388954162
4307,4784,5721,False,0.0
4308,4784,5714,False,0.0
4309,4784,3764,True,0.7084397673606873
4310,4786,5150,False,0.0
4311,4786,3589,True,0.8042720556259155
4312,4787,3403,True,0.5982661247253418
4313,4789,6027,False,0.462736427783966
4314,4789,3157,False,0.5397650003433228
4315,4789,5807,False,0.5049948692321777
4316,4790,1343,False,0.0
4317,4790,5485,False,0.0
4318,4791,2730,True,0.7151573896408081
4319,4793,1636,False,0.0
4320,4793,4001,True,0.7505279183387756
4321,4794,4028,False,0.0
4322,4794,4175,True,0.8686860799789429
4323,4794,5236,False,0.0
4324,4794,1416,False,0.0
4325,4795,5996,False,0.0
4326,4795,5950,False,0.0
4327,4796,1426,False,0.7356944680213928
4328,4796,1244,False,0.7037321925163269
4329,4796,1892,False,0.6797516345977783
4330,4796,2607,False,0.6990713477134705
4331,4797,3485,False,0.5095730423927307
4332,4798,679,True,0.6558958292007446
4333,4799,5571,False,0.0
4334,4799,4520,False,0.0
4335,4799,5293,False,0.0
4336,4799,4874,False,0.0
4337,4800,5688,False,0.428883820772171
4338,4800,4511,True,0.7168239951133728
4339,4800,6054,False,0.0
4340,4801,6055,False,0.0
4341,4801,6048,True,0.7714071273803711
4342,4802,5247,False,0.0
4343,4802,5721,False,0.0
4344,4802,5714,False,0.4430274069309234
4345,4803,5433,False,0.0
4346,4804,5698,True,0.723882257938385
4347,4805,3746,False,0.6286353468894958
4348,4805,5760,True,0.6899504661560059
4349,4805,2434,False,0.0
4350,4806,755,False,0.0
4351,4806,6004,False,0.4983678460121155
4352,4806,2706,False,0.0
4353,4806,600,False,0.0
4354,4807,4666,False,0.0
4355,4807,5922,False,0.0
4356,4807,4711,True,0.4903889894485473
4357,4807,5590,False,0.2404530346393585
4358,4808,5836,True,0.4431722164154053
4359,4809,2358,False,0.0
4360,4809,3728,False,0.0
4361,4809,6032,False,0.0
4362,4811,4629,False,0.0
4363,4811,5170,False,0.5405705571174622
4364,4811,5645,False,0.4293533563613891
4365,4811,1906,True,0.6843056082725525
4366,4812,2231,False,0.5757337212562561
4367,4812,2538,False,0.6915128231048584
4368,4812,4345,False,0.5706456899642944
4369,4814,5553,True,0.748907744884491
4370,4815,826,True,0.8413686752319336
4371,4817,5434,False,0.5537619590759277
4372,4817,3518,True,0.85032719373703
4373,4817,5758,False,0.4482146799564361
4374,4818,5864,False,0.0
4375,4818,4671,False,0.0
4376,4818,3077,False,0.0
4377,4818,4351,True,0.3864225745201111
4378,4819,5901,False,0.4994646310806274
4379,4820,133,False,0.4858044683933258
4380,4820,5920,False,0.5561546087265015
4381,4820,6048,False,0.0
4382,4821,3916,False,0.3450445532798767
4383,4821,5186,True,0.6083847284317017
4384,4821,3657,False,0.3400324881076813
4385,4821,5101,False,0.3563809394836426
4386,4822,5526,False,0.4445491135120392
4387,4824,5312,False,0.0
4388,4825,5634,False,0.0
4389,4825,4947,False,0.4988179206848144
4390,4825,1152,True,0.6427678465843201
4391,4826,1444,False,0.0
4392,4826,4791,True,0.599374532699585
4393,4827,5511,False,0.0
4394,4827,5963,False,0.0
4395,4827,2,False,0.0
4396,4827,274,False,0.0
4397,4829,4243,True,0.3195511996746063
4398,4830,5315,False,0.0
4399,4831,3947,False,0.0
4400,4832,5712,False,0.0
4401,4832,5902,False,0.0
4402,4836,65,True,0.6258231401443481
4403,4838,4549,False,0.5305012464523315
4404,4838,5524,False,0.0
4405,4840,3637,True,0.6269664764404297
4406,4842,1492,False,0.0
4407,4842,2841,False,0.0
4408,4842,2448,False,0.5317643284797668
4409,4843,6001,False,0.0
4410,4843,5472,False,0.0
4411,4843,5665,False,0.0
4412,4844,5375,False,0.0
4413,4844,4698,False,0.4433243572711944
4414,4844,3640,False,0.5310441851615906
4415,4846,5770,False,0.0
4416,4847,3306,False,0.0
4417,4847,3460,True,0.8888511657714844
4418,4848,5332,False,0.0
4419,4848,5670,False,0.0
4420,4848,5430,False,0.0
4421,4850,2235,False,0.4054880440235138
4422,4852,4289,False,0.0
4423,4853,4437,False,0.443461924791336
4424,4853,5172,False,0.4484038352966308
4425,4853,5382,True,0.6381502151489258
4426,4854,2478,False,0.0
4427,4854,5782,False,0.0
4428,4854,3846,True,0.6612030863761902
4429,4854,5838,False,0.0
4430,4855,2834,True,0.6006566286087036
4431,4856,4344,True,0.5132175087928772
4432,4857,2862,False,0.3113054037094116
4433,4857,3595,False,0.0
4434,4857,2088,True,0.7330734729766846
4435,4858,3031,False,0.5762711763381958
4436,4858,846,False,0.0
4437,4858,5740,False,0.0
4438,4858,248,True,0.5082495808601379
4439,4859,4938,False,0.0
4440,4859,4593,False,0.0
4441,4859,4901,False,0.0
4442,4860,1935,True,0.7818902730941772
4443,4861,5779,True,0.9006419777870178
4444,4862,4219,False,0.0
4445,4862,628,True,0.6931791305541992
4446,4862,863,False,0.0
4447,4863,5328,False,0.0
4448,4863,5384,False,0.0
4449,4864,1492,False,0.6215383410453796
4450,4864,2448,False,0.5676478147506714
4451,4864,3575,False,0.411996841430664
4452,4865,4700,False,0.0
4453,4865,4972,False,0.0
4454,4865,5799,False,0.0
4455,4866,6047,False,0.0
4456,4868,4622,False,0.4674320816993713
4457,4868,3814,False,0.0
4458,4868,2078,True,0.8498523235321045
4459,4869,2619,False,0.4438425898551941
4460,4870,4990,False,0.0
4461,4870,5468,False,0.0
4462,4870,5822,False,0.0
4463,4871,5431,False,0.0
4464,4871,5538,False,0.5063366889953613
4465,4871,3775,False,0.0
4466,4872,6042,False,0.0
4467,4872,62,True,0.6016750335693359
4468,4872,5797,False,0.0
4469,4873,5479,False,0.0
4470,4873,5386,False,0.0
4471,4874,2478,False,0.0
4472,4874,5838,False,0.0
4473,4874,5782,False,0.0
4474,4876,5376,False,0.0
4475,4876,2529,True,0.728932797908783
4476,4877,6054,False,0.0
4477,4878,2055,True,0.8157980442047119
4478,4879,3483,False,0.357812762260437
4479,4879,5058,False,0.0
4480,4879,5422,False,0.3821938335895538
4481,4880,5953,False,0.0
4482,4880,4419,False,0.0
4483,4880,4731,False,0.0
4484,4880,5607,False,0.0
4485,4881,5869,False,0.0
4486,4882,5549,False,0.0
4487,4882,6048,False,0.0
4488,4883,1996,True,0.7062591314315796
4489,4884,4225,True,0.5984334945678711
4490,4885,5447,False,0.0
4491,4885,5769,False,0.0
4492,4885,5082,False,0.5411942601203918
4493,4885,5605,False,0.3641762733459472
4494,4886,4003,True,0.8417950868606567
4495,4886,3707,False,0.0
4496,4886,913,False,0.6094039082527161
4497,4886,3961,False,0.496012806892395
4498,4887,5608,False,0.4633232951164245
4499,4888,5244,False,0.0
4500,4889,4863,True,0.5612224340438843
4501,4890,5263,False,0.495000422000885
4502,4890,5696,False,0.0
4503,4890,575,True,0.660572350025177
4504,4891,2480,True,0.4246450662612915
4505,4892,3247,False,0.0
4506,4893,5328,False,0.0
4507,4894,531,True,0.700775682926178
4508,4894,1509,False,0.0
4509,4897,6019,False,0.0
4510,4897,2553,True,0.626888632774353
4511,4897,6055,False,0.0
4512,4898,3301,False,0.0
4513,4899,5974,False,0.0
4514,4900,4990,False,0.0
4515,4900,5763,False,0.0
4516,4900,5468,False,0.0
4517,4900,5822,False,0.0
4518,4901,5531,False,0.0
4519,4902,5519,False,0.0
4520,4902,5979,False,0.0
4521,4902,5709,False,0.0
4522,4904,4645,False,0.0
4523,4904,5288,False,0.3071615397930145
4524,4904,5572,False,0.4064913392066955
4525,4904,2704,True,0.6743897199630737
4526,4905,5155,False,0.0
4527,4905,5653,False,0.0
4528,4905,5999,True,0.411672979593277
4529,4906,5376,False,0.0
4530,4907,495,False,0.0
4531,4907,4840,False,0.4660471677780151
4532,4907,2955,True,0.7862290143966675
4533,4908,5528,False,0.0
4534,4908,5853,False,0.0
4535,4909,3836,False,0.0
4536,4909,5015,False,0.0
4537,4909,2617,False,0.0
4538,4910,5854,False,0.487048864364624
4539,4911,5816,False,0.0
4540,4911,5788,False,0.4345719218254089
4541,4911,4505,True,0.595645546913147
4542,4911,5703,False,0.5432235598564148
4543,4912,4937,False,0.0
4544,4912,5129,False,0.0
4545,4913,4881,False,0.0
4546,4913,5476,False,0.0
4547,4913,5928,False,0.0
4548,4914,967,True,0.4338811039924621
4549,4914,4585,False,0.0
4550,4914,4586,False,0.0
4551,4916,3036,False,0.0
4552,4917,2895,True,0.6692475080490112
4553,4918,4982,False,0.0
4554,4918,3805,False,0.0
4555,4918,2577,False,0.0
4556,4918,5461,False,0.4631182551383972
4557,4919,4926,False,0.6376110315322876
4558,4919,5206,False,0.6521228551864624
4559,4919,2329,False,0.0
4560,4919,387,True,0.6621785759925842
4561,4920,1593,True,0.5823044776916504
4562,4921,1932,True,0.7673372030258179
4563,4922,5054,False,0.0
4564,4922,4462,False,0.0
4565,4922,363,True,0.782426118850708
4566,4922,4297,False,0.3118084073066711
4567,4923,4878,False,0.0
4568,4923,555,True,0.6790403127670288
4569,4923,5660,False,0.0
4570,4924,5754,False,0.0
4571,4927,4259,False,0.3437856137752533
4572,4927,5150,False,0.0
4573,4927,2659,True,0.791256308555603
4574,4927,4801,False,0.0
4575,4928,4177,False,0.0
4576,4928,5443,False,0.0
4577,4928,4410,False,0.5831588506698608
4578,4928,4234,False,0.0
4579,4931,6038,False,0.0
4580,4931,761,True,0.8854967355728149
4581,4931,6008,False,0.0
4582,4932,5949,False,0.0
4583,4932,4529,True,0.561099648475647
4584,4933,5730,False,0.0
4585,4933,5919,False,0.0
4586,4934,5882,False,0.5616207122802734
4587,4934,5433,False,0.0
4588,4935,4166,False,0.5627378225326538
4589,4935,5195,False,0.5240282416343689
4590,4936,4118,False,0.6012317538261414
4591,4937,5247,False,0.0
4592,4937,5721,False,0.4944409132003784
4593,4937,5714,False,0.0
4594,4937,5390,False,0.5081231594085693
4595,4938,3662,False,0.4567464888095855
4596,4938,5036,False,0.5514963269233704
4597,4939,3690,False,0.4394594430923462
4598,4939,5593,False,0.4647334814071655
4599,4939,1520,False,0.3945194184780121
4600,4940,2119,True,0.6992038488388062
4601,4940,5427,False,0.6200792193412781
4602,4940,5685,False,0.6224778890609741
4603,4941,515,False,0.0
4604,4941,2793,True,0.8758761882781982
4605,4942,5795,False,0.0
4606,4943,5639,True,0.8660800457000732
4607,4944,3947,False,0.0
4608,4945,5752,False,0.525252640247345
4609,4945,5733,False,0.0
4610,4946,5588,False,0.0
4611,4946,5652,False,0.0
4612,4946,506,True,0.4656482636928558
4613,4947,5712,False,0.0
4614,4947,5902,False,0.0
4615,4948,4300,False,0.0
4616,4948,2159,True,0.4311110973358154
4617,4949,64,True,0.7009420990943909
4618,4950,5705,False,0.0
4619,4951,4888,False,0.0
4620,4951,5163,False,0.0
4621,4951,4080,False,0.0
4622,4951,3776,False,0.0
4623,4952,3836,True,0.5051169395446777
4624,4952,4888,False,0.0
4625,4952,4605,False,0.0
4626,4952,1489,False,0.0
4627,4953,5966,False,0.0
4628,4953,5982,False,0.0
4629,4953,5992,False,0.0
4630,4955,2129,True,0.7986556887626648
4631,4956,4137,False,0.0
4632,4957,684,True,0.6382758021354675
4633,4957,3486,False,0.0
4634,4957,5880,False,0.0
4635,4958,5848,False,0.4876174926757812
4636,4958,3025,True,0.8462342619895935
4637,4958,5784,False,0.5543994903564453
4638,4958,5767,False,0.0
4639,4959,4310,False,0.0
4640,4959,562,True,0.7663769125938416
4641,4960,3819,False,0.0
4642,4960,5000,False,0.0
4643,4960,4945,False,0.0
4644,4960,1872,True,0.6817328929901123
4645,4961,4990,False,0.0
4646,4961,5763,False,0.0
4647,4961,5468,False,0.0
4648,4961,5822,False,0.0
4649,4962,5259,False,0.0
4650,4962,2996,False,0.5067398548126221
4651,4963,4131,False,0.0
4652,4963,4937,False,0.0
4653,4963,5363,False,0.0
4654,4964,3819,False,0.0
4655,4964,4179,False,0.0
4656,4964,5000,False,0.0
4657,4964,4945,False,0.0
4658,4965,5596,False,0.5554120540618896
4659,4965,5854,False,0.4635446071624756
4660,4965,6039,False,0.5667837858200073
4661,4966,5642,False,0.0
4662,4966,5997,False,0.4615052938461303
4663,4966,5540,False,0.0
4664,4967,5993,False,0.0
4665,4968,1648,True,0.8926469683647156
4666,4968,3914,False,0.0
4667,4969,2044,True,0.7042355537414551
4668,4970,180,False,0.0
4669,4970,5361,True,0.6556451916694641
4670,4970,5478,False,0.0
4671,4971,4821,True,0.8496016263961792
4672,4971,4768,False,0.4651073813438415
4673,4972,4513,True,0.7715467214584351
4674,4973,4934,False,0.0
4675,4973,5169,False,0.0
4676,4973,5795,False,0.0
4677,4973,5928,False,0.4525903463363647
4678,4974,3915,False,0.0
4679,4975,5614,False,0.0
4680,4976,291,True,0.7558629512786865
4681,4976,5089,False,0.0
4682,4977,682,True,0.3808110952377319
4683,4978,1084,False,0.6184073090553284
4684,4978,2740,True,0.6258372068405151
4685,4979,5487,False,0.0
4686,4979,1544,True,0.7296390533447266
4687,4979,5438,False,0.0
4688,4980,3627,True,0.6746231913566589
4689,4980,4423,False,0.0
4690,4980,3151,False,0.4857719838619232
4691,4980,3359,False,0.0
4692,4981,5945,False,0.5354200601577759
4693,4981,1601,True,0.7100964188575745
4694,4982,2240,False,0.0
4695,4983,4586,False,0.4899974465370178
4696,4984,475,False,0.0
4697,4984,1853,True,0.3970527052879333
4698,4985,6017,False,0.0
4699,4985,6048,False,0.0
4700,4985,5462,True,0.8564655780792236
4701,4986,5806,False,0.4397841989994049
4702,4986,5531,False,0.3496192991733551
4703,4986,505,True,0.760549008846283
4704,4986,5791,False,0.44333016872406
4705,4987,5479,False,0.0
4706,4987,1340,True,0.6360760927200317
4707,4987,4929,False,0.3752025961875915
4708,4988,1360,False,0.0
4709,4988,5799,False,0.0
4710,4989,5528,False,0.0
4711,4989,5853,False,0.0
4712,4990,5758,False,0.3680278658866882
4713,4990,5902,False,0.0
4714,4990,1577,True,0.8226543068885803
4715,4991,5736,False,0.0
4716,4991,5477,False,0.0
4717,4991,5859,False,0.0
4718,4991,5816,False,0.3669526875019073
4719,4992,4700,False,0.0
4720,4992,5799,False,0.0
4721,4992,4972,False,0.0
4722,4992,514,True,0.7080410122871399
4723,4993,5704,False,0.0
4724,4993,5951,False,0.0
4725,4994,4066,False,0.5208292603492737
4726,4994,5218,False,0.463488906621933
4727,4994,5627,False,0.5762722492218018
4728,4995,5649,False,0.0
4729,4995,5650,False,0.0
4730,4995,5674,False,0.0
4731,4996,4091,False,0.0
4732,4996,1133,True,0.7316652536392212
4733,4997,3652,False,0.0
4734,4997,2155,False,0.4777930676937103
4735,4998,819,True,0.6572729349136353
4736,5000,6044,False,0.0
4737,5000,1223,True,0.9226634502410888
4738,5001,6034,False,0.4483384490013122
4739,5001,5942,False,0.0
4740,5001,1473,True,0.755204439163208
4741,5002,4999,False,0.8074363470077515
4742,5002,4988,False,0.7843183279037476
4743,5003,4021,False,0.0
4744,5003,6053,False,0.0
4745,5004,5251,False,0.0
4746,5004,6046,False,0.0
4747,5006,4,False,0.0
4748,5006,4526,False,0.0
4749,5006,4744,False,0.0
4750,5006,4521,True,0.808855414390564
4751,5007,4881,False,0.4749148786067962
4752,5007,4832,False,0.0
4753,5007,5476,False,0.0
4754,5007,5928,False,0.0
4755,5008,1515,False,0.0
4756,5008,6039,False,0.0
4757,5009,5824,False,0.0
4758,5009,5887,False,0.0
4759,5009,6052,False,0.0
4760,5009,5959,False,0.0
4761,5012,789,False,0.4929864406585693
4762,5012,1718,False,0.4266672134399414
4763,5012,6007,False,0.0
4764,5012,1995,False,0.0
4765,5013,5430,False,0.3849391937255859
4766,5013,5332,False,0.439172089099884
4767,5013,2668,True,0.6185228824615479
4768,5013,5670,False,0.3445000946521759
4769,5015,5734,True,0.7070186734199524
4770,5016,5354,False,0.5832763910293579
4771,5016,3356,False,0.4401934742927551
4772,5016,2813,False,0.0
4773,5017,5945,False,0.4960011839866638
4774,5017,5593,False,0.4296139180660248
4775,5017,5757,False,0.2972153127193451
4776,5018,3695,False,0.6122032403945923
4777,5018,4137,False,0.0
4778,5019,5705,False,0.0
4779,5021,5689,False,0.0
4780,5021,6012,False,0.0
4781,5021,5719,False,0.0
4782,5022,1499,True,0.7580874562263489
4783,5023,5677,False,0.5521085262298584
4784,5024,3763,False,0.0
4785,5024,3937,False,0.0
4786,5024,5186,False,0.0
4787,5024,2532,False,0.0
4788,5025,5859,False,0.0
4789,5025,5935,False,0.0
4790,5026,5788,False,0.3858144879341125
4791,5026,200,True,0.6389678716659546
4792,5026,4505,False,0.4924827814102173
4793,5026,5703,False,0.535996675491333
4794,5027,4586,False,0.0
4795,5028,947,True,0.5083150863647461
4796,5029,5616,False,0.0
4797,5029,5869,False,0.0
4798,5030,6004,False,0.3827860951423645
4799,5030,3422,True,0.9350519180297852
4800,5030,2295,False,0.0
4801,5031,2686,False,0.0
4802,5031,6044,False,0.0
4803,5031,227,True,0.7648444771766663
4804,5032,5978,False,0.0
4805,5032,3685,False,0.0
4806,5033,4597,False,0.0
4807,5033,5795,False,0.0
4808,5035,3685,False,0.0
4809,5036,4131,False,0.0
4810,5036,5363,False,0.0
4811,5037,5487,False,0.0
4812,5037,3285,True,0.6629068851470947
4813,5037,5438,False,0.0
4814,5038,6033,False,0.6773501634597778
4815,5039,4918,True,0.70351243019104
4816,5041,1900,True,0.6546863317489624
4817,5041,4354,False,0.0
4818,5041,4427,False,0.0
4819,5042,2142,True,0.5102359652519226
4820,5044,5135,False,0.5025293827056885
4821,5044,5960,False,0.5944807529449463
4822,5044,4434,False,0.0
4823,5044,2741,True,0.697083592414856
4824,5045,5433,False,0.0
4825,5046,5907,False,0.5953672528266907
4826,5046,5355,True,0.6815083622932434
4827,5046,5687,False,0.6291390061378479
4828,5047,5840,False,0.0
4829,5047,5778,False,0.0
4830,5047,6044,False,0.0
4831,5047,5413,False,0.0
4832,5048,2343,True,0.554085373878479
4833,5048,5033,False,0.4545205235481262
4834,5048,5548,False,0.0
4835,5048,4707,False,0.0
4836,5050,5875,False,0.0
4837,5050,5357,False,0.0
4838,5050,5631,False,0.0
4839,5051,4999,False,0.7852205038070679
4840,5051,4988,False,0.7716718912124634
4841,5052,4511,False,0.5098696947097778
4842,5052,2987,False,0.5312660932540894
4843,5053,3066,False,0.4389167129993438
4844,5053,3785,False,0.0
4845,5053,2845,False,0.0
4846,5054,5426,True,0.6096339821815491
4847,5054,2772,False,0.4859668016433716
4848,5054,5968,False,0.0
4849,5055,6049,True,0.5274301171302795
4850,5056,5660,False,0.0
4851,5056,3309,True,0.7353933453559875
4852,5057,4660,True,0.8155364990234375
4853,5058,5996,False,0.0
4854,5058,5852,False,0.0
4855,5058,5950,False,0.0
4856,5058,5789,False,0.0
4857,5059,5736,False,0.0
4858,5059,5931,False,0.0
4859,5059,5515,False,0.0
4860,5060,5930,False,0.5082558393478394
4861,5060,5170,False,0.5103021264076233
4862,5060,5149,False,0.0
4863,5060,5363,False,0.0
4864,5061,740,False,0.0
4865,5061,1998,False,0.0
4866,5061,5982,False,0.0
4867,5061,5992,False,0.0
4868,5063,1184,True,0.6870633363723755
4869,5064,930,False,0.5159787535667419
4870,5064,2925,False,0.4205182790756225
4871,5065,5519,False,0.0
4872,5065,5979,False,0.4187617897987366
4873,5065,5709,False,0.0
4874,5066,4399,False,0.0
4875,5067,1228,True,0.6061614155769348
4876,5067,6028,False,0.0
4877,5068,2403,True,0.4212325513362884
4878,5069,5046,False,0.0
4879,5069,5487,False,0.0
4880,5069,5319,False,0.0
4881,5069,5438,False,0.0
4882,5070,5560,True,0.7483787536621094
4883,5070,5682,False,0.4442711472511291
4884,5070,5254,False,0.0
4885,5071,5431,False,0.5187735557556152
4886,5071,5131,False,0.4908500015735626
4887,5071,5128,False,0.4541124105453491
4888,5071,5942,False,0.0
4889,5072,4140,False,0.0
4890,5072,4231,False,0.0
4891,5073,6018,False,0.0
4892,5073,6035,False,0.0
4893,5073,6028,False,0.0
4894,5074,3523,False,0.0
4895,5074,2720,False,0.0
4896,5074,4101,False,0.0
4897,5074,2651,False,0.0
4898,5076,5247,False,0.3705271482467651
4899,5076,5721,False,0.0
4900,5076,5714,False,0.0
4901,5078,5929,False,0.0
4902,5078,4743,False,0.0
4903,5078,4744,True,0.9063005447387696
4904,5078,5967,False,0.0
4905,5079,5176,False,0.0
4906,5080,5914,False,0.0
4907,5080,6028,False,0.0
4908,5080,784,True,0.7128130793571472
4909,5081,5270,False,0.0
4910,5081,2184,True,0.5206295251846313
4911,5081,5880,False,0.0
4912,5083,2721,False,0.0
4913,5084,4540,False,0.0
4914,5084,4721,False,0.5586832761764526
4915,5084,5238,False,0.0
4916,5085,5704,False,0.0
4917,5085,5951,False,0.0
4918,5085,5759,False,0.0
4919,5086,3712,False,0.5487599968910217
4920,5087,5319,False,0.0
4921,5087,5089,False,0.0
4922,5087,5138,False,0.0
4923,5087,5718,False,0.0
4924,5089,3595,True,0.6417258977890015
4925,5089,5868,False,0.0
4926,5089,3035,False,0.0
4927,5089,4042,False,0.2485942244529724
4928,5090,5511,False,0.0
4929,5090,5923,False,0.0
4930,5090,3065,True,0.5002737045288086
4931,5090,5475,False,0.0
4932,5091,5816,False,0.0
4933,5091,5573,False,0.5152860283851624
4934,5092,5804,False,0.0
4935,5092,5831,False,0.4508474171161651
4936,5093,3078,False,0.474239706993103
4937,5094,3417,False,0.0
4938,5094,3741,False,0.3115429878234863
4939,5095,5054,False,0.0
4940,5095,5087,False,0.0
4941,5095,5033,False,0.0
4942,5095,122,True,0.4836374521255493
4943,5096,2445,False,0.4434024393558502
4944,5096,5360,False,0.0
4945,5096,2998,False,0.3819038867950439
4946,5097,5856,False,0.0
4947,5097,5985,False,0.0
4948,5097,6025,False,0.0
4949,5097,3198,True,0.7681726813316345
4950,5098,4953,True,0.7320186495780945
4951,5100,5329,False,0.0
4952,5100,5566,False,0.6307677030563354
4953,5101,5624,False,0.0
4954,5101,4430,False,0.0
4955,5101,4696,False,0.0
4956,5101,5909,False,0.0
4957,5102,1916,False,0.0
4958,5103,5465,False,0.0
4959,5103,5628,False,0.0
4960,5104,4698,False,0.4599974453449249
4961,5105,1765,True,0.6677479147911072
4962,5105,5935,False,0.0
4963,5106,4857,True,0.5907684564590454
4964,5107,5889,False,0.0
4965,5107,4782,False,0.0
4966,5107,2632,True,0.8545622229576111
4967,5107,5101,False,0.282442569732666
4968,5108,4999,False,0.0
4969,5108,5272,False,0.0
4970,5108,5941,False,0.4842807054519653
4971,5109,5681,False,0.0
4972,5109,3669,True,0.7006299495697021
4973,5110,5386,False,0.0
4974,5110,2289,True,0.7205390930175781
4975,5110,5887,False,0.0
4976,5111,5722,False,0.0
4977,5111,5779,False,0.0
4978,5111,5462,False,0.0
4979,5111,6043,False,0.0
4980,5112,6054,False,0.0
4981,5112,5694,False,0.0
4982,5112,1817,False,0.0
4983,5113,1444,True,0.3569958209991455
4984,5113,5859,False,0.0
4985,5114,3188,True,0.6026250123977661
4986,5115,5978,False,0.0
4987,5115,5912,False,0.0
4988,5116,1851,False,0.4811108410358429
4989,5116,5265,True,0.7598943710327148
4990,5116,5644,False,0.5072078108787537
4991,5116,6039,False,0.5015265941619873
4992,5117,5810,False,0.0
4993,5117,2455,True,0.6761638522148132
4994,5117,5779,False,0.0
4995,5117,6043,False,0.0
