,D1,D2,responses,s-weight
0,0,4407,False,0.6848503947257996
1,0,8365,False,0.5035552978515625
2,0,15113,False,0.5100663304328918
3,1,16720,True,0.8725451231002808
4,1,16447,False,0.8553825616836548
5,1,7147,False,0.8280230164527893
6,2,18949,False,0.580303430557251
7,2,18028,True,0.774563729763031
8,2,16495,False,0.6064337491989136
9,3,21424,False,0.8342201709747314
10,3,4378,True,0.8530861735343933
11,3,4377,False,0.7735570073127747
12,4,14172,False,0.5882389545440674
13,4,14048,False,0.0
14,4,1470,False,0.0
15,5,20932,True,0.8716970086097717
16,5,10424,False,0.6268876194953918
17,5,10422,False,0.745769202709198
18,6,13023,False,0.9191036820411682
19,6,9015,True,0.9673612713813782
20,6,3047,False,0.9116776585578918
21,7,19193,False,0.691804051399231
22,7,17995,False,0.0
23,7,1303,True,0.834133505821228
24,8,19470,True,0.8148143291473389
25,8,10248,False,0.7612432241439819
26,8,349,True,0.778605580329895
27,9,10846,False,0.8237318992614746
28,9,10052,False,0.8551424741744995
29,9,2456,True,0.8457511067390442
30,10,21365,False,0.0
31,10,20208,False,0.6087250113487244
32,10,3494,False,0.6392995715141296
33,11,12797,False,0.0
34,11,2830,False,0.0
35,11,2816,False,0.0
36,12,7686,False,0.0
37,12,5666,False,0.0
38,12,3691,False,0.0
39,13,12081,False,0.6828033328056335
40,13,7532,False,0.7689226865768433
41,13,1627,False,0.7268728017807007
42,14,13616,False,0.8013551235198975
43,14,1699,False,0.8769415616989136
44,14,1698,False,0.8142274618148804
45,15,17810,False,0.918223798274994
46,15,17364,True,0.9467528462409972
47,15,4282,False,0.9089162349700928
48,16,15183,True,0.8492940664291382
49,16,15182,False,0.8623165488243103
50,16,13230,False,0.8565991520881653
51,17,21288,False,0.6975969672203064
52,17,18816,True,0.7314133048057556
53,17,18014,False,0.0
54,18,17423,False,0.7157481908798218
55,18,10879,True,0.7773025035858154
56,18,4881,False,0.657555103302002
57,19,17429,True,0.8409780263900757
58,19,11239,False,0.8190895915031433
59,19,6596,False,0.8561142086982727
60,20,16837,False,0.8289142847061157
61,20,2791,True,0.6928716897964478
62,20,14080,False,0.5730797052383423
63,21,12925,False,0.8216298818588257
64,21,8915,True,0.9117971062660216
65,21,7853,True,0.843660831451416
66,22,20961,True,0.9164035320281982
67,22,17882,True,0.9220693707466124
68,22,17391,False,0.9121303558349608
69,23,19216,False,0.6427063345909119
70,23,14262,True,0.7822567224502563
71,23,11991,False,0.7697286009788513
72,24,12804,False,0.710309624671936
73,24,10757,True,0.5387718677520752
74,24,10384,False,0.0
75,25,13012,False,0.8443386554718018
76,25,1035,False,0.8162336349487305
77,25,1033,False,0.8695327043533325
78,26,14406,False,0.8761358261108398
79,26,4406,True,0.8708099126815796
80,26,537,False,0.8587775230407715
81,27,10473,False,0.5956419110298157
82,27,9437,False,0.7176727652549744
83,27,3982,False,0.7448732852935791
84,28,19489,False,0.6180701851844788
85,28,14112,False,0.792576253414154
86,28,13919,False,0.0
87,29,8071,False,0.7779808640480042
88,29,8070,False,0.821463406085968
89,29,6031,True,0.7924346923828125
90,30,15046,False,0.8771897554397583
91,30,13118,False,0.7274549007415771
92,30,11088,True,0.9503656029701232
93,31,18620,False,0.7092255353927612
94,31,16173,False,0.6978060007095337
95,31,6573,False,0.8218942880630493
96,32,21567,False,0.9146518707275392
97,32,20124,True,0.9242449998855592
98,32,17836,False,0.9177356958389282
99,33,11683,True,0.8435192108154297
100,33,5233,False,0.6586999297142029
101,33,1117,False,0.5973993539810181
102,34,6766,False,0.8147894144058228
103,34,5118,False,0.8118762373924255
104,34,3067,True,0.8966766595840454
105,35,8092,False,0.580223560333252
106,35,7916,False,0.0
107,35,604,False,0.0
108,36,21331,True,0.8707647919654846
109,36,8949,False,0.8316855430603027
110,36,2991,False,0.8302211165428162
111,37,14089,False,0.747878909111023
112,37,5601,True,0.816112220287323
113,37,5600,False,0.6812403202056885
114,38,21628,True,0.7244640588760376
115,38,19129,False,0.7337568998336792
116,38,15683,False,0.7100459933280945
117,39,10872,True,0.8848687410354614
118,39,6882,False,0.0
119,39,955,False,0.6847980618476868
120,40,20123,False,0.8083343505859375
121,40,12795,True,0.809922456741333
122,40,2828,False,0.8345296382904053
123,41,10814,False,0.8208795785903931
124,41,10802,True,0.8499158024787903
125,41,6816,False,0.8346580266952515
126,42,11478,False,0.7836918830871582
127,42,7477,False,0.7716748714447021
128,42,172,True,0.817795991897583
129,43,20229,False,0.7110168933868408
130,43,10344,False,0.8252503871917725
131,43,45,True,0.8498580455780029
132,44,8725,False,0.0
133,44,6691,False,0.0
134,44,6690,False,0.0
135,45,16163,False,0.0
136,45,11421,False,0.0
137,45,768,False,0.0
138,46,19337,False,0.0
139,46,18034,False,0.0
140,46,16500,False,0.0
141,47,18037,False,0.838782548904419
142,47,17556,True,0.9289628863334656
143,47,9387,False,0.7502343654632568
144,48,20273,False,0.8552308082580566
145,48,10254,False,0.6949061155319214
146,48,5920,False,0.6577231287956238
147,49,10111,False,0.841613233089447
148,49,8096,True,0.9308568239212036
149,49,6064,False,0.8934089541435242
150,50,16936,False,0.7316684722900391
151,50,16665,False,0.6808102130889893
152,50,2013,True,0.7808613777160645
153,51,5210,False,0.8476207256317139
154,51,16399,False,0.856472373008728
155,51,16358,True,0.8812912702560425
156,52,20998,False,0.7664958238601685
157,52,8239,False,0.8380200862884521
158,52,2257,False,0.7657785415649414
159,53,17892,True,0.9560840129852296
160,53,16598,False,0.901108741760254
161,53,9734,False,0.9356775879859924
162,54,6572,True,0.972013294696808
163,54,2612,False,0.7809983491897583
164,54,649,False,0.949926495552063
165,55,13865,False,0.0
166,55,12913,True,0.7926572561264038
167,55,9191,False,0.783440113067627
168,56,21964,True,0.912545919418335
169,56,21636,False,0.8895020484924316
170,56,9164,False,0.8689314723014832
171,57,13302,True,0.966696321964264
172,57,12464,False,0.6965437531471252
173,57,12060,False,0.925023913383484
174,58,21406,False,0.8183079957962036
175,58,9328,True,0.9245166778564452
176,58,5531,False,0.8616732954978943
177,59,19658,False,0.727406919002533
178,59,7604,False,0.8005584478378296
179,59,5585,True,0.7361958026885986
180,60,18198,False,0.723602831363678
181,60,17380,False,0.6921107769012451
182,60,606,False,0.7021100521087646
183,61,11091,False,0.8371012210845947
184,61,6043,False,0.6759034395217896
185,61,907,False,0.7010971903800964
186,62,19392,False,0.8447275161743164
187,62,9668,True,0.8593524098396301
188,62,3955,False,0.7721168994903564
189,63,19627,False,0.7422828674316406
190,63,12675,False,0.6859194040298462
191,63,10911,False,0.6482903361320496
192,64,18372,False,0.8542591333389282
193,64,15314,False,0.860553503036499
194,64,8391,True,0.9628901481628418
195,65,15087,False,0.88824063539505
196,65,11129,True,0.9887787103652954
197,65,3882,False,0.9326361417770386
198,66,9690,False,0.7746899724006653
199,66,3670,True,0.7948529720306396
200,66,3668,False,0.7878013849258423
201,67,20417,False,0.8128823041915894
202,67,14617,False,0.855583906173706
203,67,12696,False,0.8630839586257935
204,67,10669,False,0.8119974732398987
205,68,20446,False,0.6286168098449707
206,68,12402,False,0.0
207,68,12207,False,0.0
208,69,21809,True,0.8398295640945435
209,69,20427,False,0.8795742988586426
210,69,14641,False,0.8373349905014038
211,70,7758,False,0.7721952795982361
212,70,13715,False,0.7447643280029297
213,70,13714,False,0.774067759513855
214,71,14521,False,0.6350284218788147
215,71,2619,False,0.6936884522438049
216,71,643,False,0.643393337726593
217,72,11091,False,0.731475830078125
218,72,6846,False,0.8112165331840515
219,72,6043,False,0.8756014108657837
220,73,19782,True,0.907146155834198
221,73,6997,False,0.7527909278869629
222,73,6528,False,0.7831734418869019
223,74,12632,False,0.6420429944992065
224,74,2656,False,0.7665920853614807
225,74,2652,False,0.6788188815116882
226,75,15132,False,0.7981975078582764
227,75,12501,False,0.7368307113647461
228,75,5909,False,0.7369530200958252
229,76,21933,False,0.0
230,76,18637,False,0.5971518158912659
231,76,14949,False,0.0
232,77,14635,False,0.7912283539772034
233,77,6691,False,0.680068850517273
234,77,6690,False,0.7913172245025635
235,78,12600,False,0.8632196187973022
236,78,12347,True,0.8685851693153381
237,78,3931,False,0.8165831565856934
238,79,18495,True,0.8710611462593079
239,79,18187,False,0.860483705997467
240,79,17238,False,0.8473118543624878
241,80,17575,False,0.7620887160301208
242,80,17375,False,0.8228527307510376
243,80,6526,True,0.9162331819534302
244,81,17194,True,0.9603098034858704
245,81,16844,False,0.836214542388916
246,81,10884,False,0.9125060439109802
247,82,21003,False,0.796228289604187
248,82,19407,False,0.8843090534210205
249,82,7743,True,0.9351820349693298
250,83,21620,False,0.6519408226013184
251,83,15528,False,0.7080870866775513
252,83,10151,False,0.725603461265564
253,83,2144,True,0.7497346997261047
254,84,19377,False,0.8085626363754272
255,84,9496,False,0.7965935468673706
256,84,9262,False,0.8013970851898193
257,85,9496,True,0.7090332508087158
258,85,9489,False,0.0
259,85,9262,False,0.7649286985397339
260,86,18822,False,0.0
261,86,11617,False,0.7898263931274414
262,86,7610,True,0.8185817003250122
263,87,15985,False,0.7796589136123657
264,87,8061,False,0.843960165977478
265,87,2063,False,0.7837519645690918
266,88,18980,False,0.7843060493469238
267,88,7860,False,0.6257403492927551
268,88,3269,True,0.8516591191291809
269,89,14042,False,0.6449359655380249
270,89,10105,True,0.6689997911453247
271,89,2097,False,0.6481789350509644
272,90,20646,True,0.9115617275238036
273,90,10463,False,0.9094654321670532
274,90,10462,False,0.8585615158081055
275,91,17687,True,0.9413028955459596
276,91,13412,False,0.7940192818641663
277,91,6751,False,0.0
278,92,11014,False,0.903447926044464
279,92,4739,False,0.8621745705604553
280,92,2689,True,0.9198514819145204
281,93,8350,True,0.7943357229232788
282,93,8348,False,0.6352179050445557
283,93,2362,False,0.6465388536453247
284,94,15993,False,0.8580295443534851
285,94,13275,False,0.8321213722229004
286,94,9051,True,0.8704909086227417
287,95,20448,False,0.8206698298454285
288,95,14920,False,0.9001350402832031
289,95,1033,True,0.9502606391906738
290,96,16092,False,0.8347923755645752
291,96,15762,False,0.7381634712219238
292,96,4755,False,0.693074107170105
293,97,21940,False,0.7829998731613159
294,97,19575,False,0.0
295,97,15904,True,0.7417738437652588
296,98,19327,False,0.0
297,98,13170,False,0.4267659485340118
298,98,2775,True,0.6577388048171997
299,99,6551,True,0.893781304359436
300,99,4520,False,0.8386653661727905
301,99,635,False,0.8153132796287537
302,100,17359,True,0.8438454866409302
303,100,15195,False,0.7219756245613098
304,100,15194,False,0.8285296559333801
305,101,10615,False,0.8401850461959839
306,101,6538,False,0.8451129198074341
307,101,2593,True,0.976691484451294
308,102,21109,False,0.848850429058075
309,102,15063,False,0.8832154273986816
310,102,11759,True,0.8781698346138
311,103,15985,False,0.7690693736076355
312,103,8061,True,0.8676471710205078
313,103,2063,False,0.7936952114105225
314,104,20806,False,0.6839090585708618
315,104,11791,True,0.8171402215957642
316,104,5756,False,0.6280547380447388
317,105,9877,True,0.8092116713523865
318,105,1873,False,0.7431361675262451
319,105,0,False,0.6737609505653381
320,106,16126,False,0.6470775604248047
321,106,9975,False,0.6176264882087708
322,106,1499,False,0.6533334851264954
323,107,12090,True,0.8778771758079529
324,107,4082,False,0.8514211773872375
325,107,2096,False,0.8616030216217041
326,108,21709,True,0.8776615262031555
327,108,14851,False,0.6944670677185059
328,108,1311,False,0.7706843018531799
329,109,21004,False,0.6272093057632446
330,109,14743,False,0.6892114281654358
331,109,124,False,0.7060150504112244
332,110,17878,False,0.5574052929878235
333,110,15568,False,0.0
334,110,9644,False,0.5939027667045593
335,111,21789,False,0.7221088409423828
336,111,19229,False,0.7237051725387573
337,111,17369,False,0.729088306427002
338,112,13373,False,0.6509996652603149
339,112,6691,False,0.6895144581794739
340,112,6690,False,0.7847459316253662
341,113,7686,False,0.7316839694976807
342,113,5666,False,0.748874306678772
343,113,3691,False,0.7181078195571899
344,114,19066,False,0.8297085762023926
345,114,13239,False,0.4735129177570343
346,114,9223,True,0.9564387202262878
347,115,9747,False,0.5659557580947876
348,115,9745,False,0.5889147520065308
349,115,7026,False,0.6494027376174927
350,116,19430,False,0.0
351,116,13967,False,0.0
352,116,9510,False,0.0
353,117,15292,False,0.9104835987091064
354,117,7323,True,0.9055821299552916
355,117,1338,False,0.9121431112289428
356,118,18157,True,0.7196992635726929
357,118,17041,False,0.6649854183197021
358,118,16542,False,0.6109880208969116
359,119,21976,False,0.8043662905693054
360,119,20772,False,0.7782768607139587
361,119,3290,False,0.7761064767837524
362,120,14795,True,0.8633171319961548
363,120,2907,False,0.6835023164749146
364,120,923,False,0.8331876993179321
365,121,20284,False,0.7294763326644897
366,121,10286,False,0.7039812803268433
367,121,2001,False,0.6758188009262085
368,122,15661,True,0.8833793997764587
369,122,3710,False,0.7906707525253296
370,122,1749,False,0.8372447490692139
371,123,14767,False,0.679374098777771
372,123,13869,False,0.7726233601570129
373,123,818,True,0.775831937789917
374,124,10931,True,0.808883011341095
375,124,10929,False,0.797141969203949
376,124,8974,False,0.7815523743629456
377,125,5419,True,0.8658291101455688
378,125,5418,False,0.8595156669616699
379,125,1477,False,0.8558101654052734
380,126,21663,False,0.8482778072357178
381,126,19808,False,0.6988407969474792
382,126,1555,True,0.909093141555786
383,127,9708,False,0.5942119359970093
384,127,6917,False,0.6542532444000244
385,127,1760,False,0.6885906457901001
386,128,20986,False,0.7888250350952148
387,128,10640,False,0.8053390979766846
388,128,2701,True,0.8273293375968933
389,129,18649,False,0.761845052242279
390,129,10654,False,0.7465041875839233
391,129,10595,True,0.8614881038665771
392,129,8121,False,0.7846832871437073
393,130,14783,False,0.8029454350471497
394,130,9890,True,0.8347246646881104
395,130,6836,False,0.8111124038696289
396,131,5595,False,0.7972722053527832
397,131,1642,False,0.8156246542930603
398,131,1641,True,0.8180580139160156
399,132,12839,True,0.8077908754348755
400,132,12354,True,0.8063744306564331
401,132,9649,False,0.6744587421417236
402,133,18925,False,0.0
403,133,18758,True,0.6172589063644409
404,133,4231,False,0.0
405,134,15708,False,0.7656415104866028
406,134,3740,True,0.8239195942878723
407,134,188,False,0.7954906225204468
408,135,19358,True,0.8904324173927307
409,135,7323,False,0.7265693545341492
410,135,27,False,0.7024726271629333
411,136,2577,False,0.9185625314712524
412,136,2576,True,0.9182851910591124
413,136,613,False,0.9092954993247986
414,137,21120,False,0.8449894785881042
415,137,19728,False,0.8254627585411072
416,137,9866,True,0.8534032702445984
417,138,19932,False,0.628652811050415
418,138,11468,True,0.8498383164405823
419,138,9528,False,0.0
420,139,22036,False,0.5912570953369141
421,139,21687,True,0.6582426428794861
422,139,14161,False,0.6169690489768982
423,140,13715,False,0.8462120294570923
424,140,11757,False,0.8498868942260742
425,140,11756,False,0.7327443361282349
426,141,14545,False,0.7627451419830322
427,141,4552,False,0.7466838359832764
428,141,2644,False,0.7640775442123413
429,142,15665,False,0.7813911437988281
430,142,13685,False,0.7665266394615173
431,142,5955,False,0.6795705556869507
432,143,17825,False,0.8207155466079712
433,143,17068,False,0.6446675658226013
434,143,15424,False,0.0
435,144,12593,False,0.6946605443954468
436,144,12589,True,0.8756093978881836
437,144,7970,False,0.8422166705131531
438,145,15891,True,0.9311982989311218
439,145,4498,False,0.8535478115081787
440,145,2593,False,0.8627264499664307
441,146,20791,False,0.6051517128944397
442,146,13423,False,0.7547929883003235
443,146,12097,False,0.8402777314186096
444,147,21192,True,0.874894380569458
445,147,10217,False,0.4903323650360107
446,147,2244,False,0.4977341890335083
447,148,18936,False,0.8281828761100769
448,148,16398,False,0.8444756865501404
449,148,16350,True,0.8511385321617126
450,149,14852,False,0.7437697649002075
451,149,14851,False,0.7288487553596497
452,149,8939,False,0.6837234497070312
453,150,19227,False,0.8756166696548462
454,150,15128,True,0.931816816329956
455,150,4349,False,0.8786267638206482
456,151,14577,False,0.7547236680984497
457,151,6619,True,0.799239993095398
458,151,691,False,0.7668150067329407
459,152,12797,False,0.0
460,152,6691,False,0.0
461,152,6690,False,0.7554248571395874
462,153,11014,False,0.0
463,153,4739,False,0.0
464,153,2689,False,0.0
465,154,16442,False,0.7605395913124084
466,154,14666,False,0.0
467,154,5824,False,0.6649826765060425
468,155,9455,False,0.725011944770813
469,155,6536,False,0.0
470,155,3446,True,0.9028557538986206
471,156,18881,False,0.7012374401092529
472,156,11954,False,0.0
473,156,8214,False,0.7312107086181641
474,157,17313,False,0.7826000452041626
475,157,16501,False,0.730410099029541
476,157,16205,True,0.911911129951477
477,158,13089,False,0.6284098625183105
478,158,13082,False,0.7300986051559448
479,158,1087,False,0.7355720400810242
480,159,20821,False,0.8730453252792358
481,159,9709,True,0.7230294942855835
482,159,5664,False,0.5915793180465698
483,160,15420,False,0.546808123588562
484,160,14855,False,0.7050158381462097
485,160,985,True,0.8534848093986511
486,161,18248,False,0.8431090712547302
487,161,17621,True,0.8432514667510986
488,161,17286,False,0.8424462676048279
489,161,17005,False,0.7591891288757324
490,162,18349,False,0.7940799593925476
491,162,18348,False,0.8896434307098389
492,162,18055,True,0.8911727666854858
493,163,20784,False,0.0
494,163,9824,False,0.8257655501365662
495,163,123,True,0.8264177441596985
496,164,20642,False,0.7098968029022217
497,164,18937,True,0.9299709796905518
498,164,10446,False,0.7364161610603333
499,165,19755,False,0.6390805840492249
500,165,12800,True,0.7724847197532654
501,165,4732,False,0.7181421518325806
502,166,19283,False,0.920462965965271
503,166,14680,False,0.9636163711547852
504,166,12781,True,0.989913046360016
505,167,15437,True,0.8367794752120972
506,167,11478,False,0.8376594185829163
507,167,4099,False,0.7717267870903015
508,168,12913,False,0.6758675575256348
509,168,12345,False,0.6381275057792664
510,168,5324,False,0.0
511,169,20035,False,0.6698363423347473
512,169,17056,False,0.6958813667297363
513,169,16364,False,0.6529596447944641
514,170,8126,False,0.7130293846130371
515,170,7438,False,0.5993597507476807
516,170,4112,False,0.7022036910057068
517,171,19334,False,0.0
518,171,6691,False,0.0
519,171,6690,False,0.0
520,172,21462,False,0.8441457748413086
521,172,14392,False,0.7249578833580017
522,172,7297,False,0.6859129667282104
523,173,18771,False,0.7485113143920898
524,173,11265,False,0.7509574890136719
525,173,1249,True,0.8400111794471741
526,174,13481,False,0.8368710279464722
527,174,5479,False,0.8781871795654297
528,174,1525,False,0.8571018576622009
529,175,20939,True,0.4809702038764953
530,175,6573,False,0.8029240965843201
531,175,5431,True,0.7302151322364807
532,176,14820,False,0.9399901628494264
533,176,4855,False,0.9408490657806396
534,176,951,True,0.8850767612457275
535,177,14903,False,0.8303225636482239
536,177,6960,True,0.8366782665252686
537,177,1019,False,0.8829697370529175
538,178,20725,False,0.9004139304161072
539,178,19149,True,0.8213314414024353
540,178,10843,True,0.8564744591712952
541,179,14057,False,0.7555015683174133
542,179,8545,True,0.7113136053085327
543,179,6621,False,0.7521218657493591
544,180,21041,False,0.6629126071929932
545,180,20271,False,0.6647480726242065
546,180,1928,False,0.0
547,181,12012,True,0.9158297777175904
548,181,11744,False,0.6033413410186768
549,181,3981,False,0.8244580030441284
550,182,11396,True,0.8518927693367004
551,182,7399,False,0.7798070907592773
552,182,5362,False,0.7976982593536377
553,183,15597,False,0.6949938535690308
554,183,11424,True,0.8502850532531738
555,183,3462,True,0.7900645136833191
556,184,18620,False,0.8491588830947876
557,184,5560,False,0.8140239715576172
558,184,2959,True,0.9752034544944764
559,185,13913,False,0.7891265153884888
560,185,5930,False,0.837918221950531
561,185,4506,False,0.8031967878341675
562,186,9936,False,0.0
563,186,1929,False,0.8485323190689087
564,186,1928,True,0.8079745769500732
565,187,14758,False,0.8954077959060669
566,187,12862,True,0.921694278717041
567,187,8850,False,0.8836800456047058
568,188,17020,False,0.6572376489639282
569,188,10217,False,0.5305418968200684
570,188,9978,True,0.6657826900482178
571,188,2592,False,0.6231793165206909
572,189,7007,False,0.6212900280952454
573,189,6417,False,0.6812883615493774
574,189,3337,False,0.849439263343811
575,190,6411,True,0.7157204151153564
576,190,3750,False,0.6671151518821716
577,190,1790,False,0.8503122329711914
578,191,5169,False,0.9126330614089966
579,191,1243,True,0.9170478582382202
580,191,27,False,0.7410370111465454
581,192,16315,False,0.8738837242126465
582,192,11134,False,0.834149181842804
583,192,11131,True,0.831223726272583
584,193,19880,True,0.8865709900856018
585,193,16315,False,0.8921853303909302
586,193,15090,False,0.868222713470459
587,194,2939,False,0.7856711149215698
588,194,6876,True,0.8837648630142212
589,194,18691,False,0.7620499730110168
590,195,18514,False,0.6595226526260376
591,195,13143,False,0.8657451272010803
592,195,3129,False,0.8265066146850586
593,196,13373,False,0.0
594,196,4739,False,0.0
595,196,768,False,0.0
596,197,18601,False,0.0
597,197,16162,False,0.0
598,197,768,False,0.0
599,198,12797,False,0.0
600,198,6691,False,0.0
601,198,6690,False,0.7514848709106445
602,199,5511,True,0.8841211795806885
603,199,3535,False,0.8648239374160767
604,199,3534,False,0.8500016927719116
605,200,17886,False,0.0
606,200,16962,False,0.0
607,200,12521,False,0.0
608,201,13529,False,0.9125354290008544
609,201,9572,False,0.9091655015945436
610,201,6828,True,0.912906289100647
611,201,3554,False,0.9108543395996094
612,202,6373,False,0.8758833408355713
613,202,4353,False,0.8681411743164062
614,202,2447,True,0.8763129115104675
615,203,20015,True,0.7307363748550415
616,203,18558,False,0.7282914519309998
617,203,17234,False,0.7854564785957336
618,204,17234,False,0.63937908411026
619,204,14346,False,0.6012797355651855
620,204,2306,True,0.8332618474960327
621,205,14518,False,0.0
622,205,10517,True,0.958919644355774
623,205,6570,False,0.0
624,206,22067,False,0.6598817110061646
625,206,21560,False,0.6954712867736816
626,206,10679,False,0.6882020235061646
627,207,18002,True,0.7884352207183838
628,207,16759,False,0.7459062337875366
629,207,16449,False,0.6492427587509155
630,208,12738,False,0.8332586288452148
631,208,6711,False,0.850921094417572
632,208,6710,False,0.8010410070419312
633,209,18713,True,0.8520581722259521
634,209,12803,False,0.0
635,209,10972,True,0.7950934767723083
636,210,9350,False,0.0
637,210,9087,False,0.0
638,210,1358,False,0.0
639,211,17684,False,0.7426650524139404
640,211,6270,False,0.7772756814956665
641,211,400,True,0.8740875124931335
642,212,16120,False,0.0
643,212,11745,False,0.0
644,212,4579,False,0.5867629051208496
645,213,21190,False,0.8585290908813477
646,213,20018,False,0.8052088618278503
647,213,7531,True,0.9023340940475464
648,214,18601,False,0.8017355799674988
649,214,10489,False,0.8949465155601501
650,214,8788,True,0.83158278465271
651,215,10600,False,0.9358633756637572
652,215,8641,False,0.9412053823471068
653,215,6601,True,0.995690643787384
654,216,18752,False,0.0
655,216,12901,False,0.0
656,216,2091,False,0.6089391112327576
657,217,9332,False,0.82281494140625
658,217,5274,True,0.8478937745094299
659,217,984,False,0.904770016670227
660,218,13085,False,0.864747166633606
661,218,5046,False,0.872901201248169
662,218,5037,True,0.9009122252464294
663,219,6667,False,0.9004988670349121
664,219,6666,False,0.9325846433639526
665,219,729,True,0.9468464851379396
666,220,12996,False,0.5106010437011719
667,220,2035,False,0.7012706398963928
668,220,1904,False,0.5919032692909241
669,221,16944,False,0.7307044863700867
670,221,16624,True,0.8912567496299744
671,221,1772,False,0.7426417469978333
672,222,17534,False,0.6836633086204529
673,222,5730,False,0.7325503826141357
674,222,1354,True,0.9196664094924928
675,223,5971,False,0.8493026494979858
676,223,3863,False,0.8339358568191528
677,223,414,False,0.7906866669654846
678,224,21724,False,0.674065351486206
679,224,18577,False,0.0
680,224,12206,True,0.7643792629241943
681,225,12627,True,0.9488497972488404
682,225,6587,False,0.8317505121231079
683,225,107,False,0.9278848171234132
684,226,15314,True,0.8418867588043213
685,226,14005,False,0.7299658060073853
686,226,2943,False,0.7603281736373901
687,227,20795,True,0.8383179903030396
688,227,3523,False,0.8004037141799927
689,227,1548,False,0.6939218044281006
690,228,18020,False,0.6801751255989075
691,228,17695,False,0.533661425113678
692,228,10391,False,0.7105971574783325
693,229,13258,True,0.9188096523284912
694,229,11249,False,0.8968037962913513
695,229,3282,False,0.882793128490448
696,230,16042,False,0.7584316730499268
697,230,16041,False,0.7590427398681641
698,230,14051,False,0.8019832372665405
699,231,13272,False,0.0
700,231,10436,True,0.8492833375930786
701,231,6876,False,0.0
702,232,12221,False,0.6895591020584106
703,232,8958,False,0.5706457495689392
704,232,2990,False,0.5977779626846313
705,233,8110,False,0.693809986114502
706,233,6075,False,0.7583699226379395
707,233,1470,False,0.6562042236328125
708,234,16574,False,0.6923341155052185
709,234,16573,False,0.6984386444091797
710,234,15248,True,0.7063201665878296
711,235,21783,True,0.935287594795227
712,235,16182,False,0.9454343914985656
713,235,12319,False,0.8050217032432556
714,236,21948,False,0.5340299606323242
715,236,6402,True,0.8727997541427612
716,236,1597,False,0.6268025040626526
717,237,20434,False,0.6941664218902588
718,237,11149,False,0.6760580539703369
719,237,11046,False,0.7043718695640564
720,238,14451,False,0.8710356950759888
721,238,12532,True,0.8750888109207153
722,238,203,False,0.8649935722351074
723,239,10617,True,0.9493396878242492
724,239,10616,False,0.7129757404327393
725,239,8656,False,0.6707284450531006
726,240,20288,False,0.6736961007118225
727,240,10166,False,0.7679569721221924
728,240,6106,False,0.7750834822654724
729,241,11137,False,0.6133855581283569
730,241,7135,False,0.6583966016769409
731,241,3839,False,0.0
732,242,11691,False,0.6549490094184875
733,242,16745,False,0.7231007814407349
734,242,10180,True,0.6271847486495972
735,243,13747,False,0.909468412399292
736,243,11799,False,0.9121366739273072
737,243,7799,True,0.9000541567802429
738,244,14691,False,0.7964253425598145
739,244,12785,False,0.822731614112854
740,244,9288,False,0.8872132301330566
741,245,15231,False,0.0
742,245,11261,False,0.5941059589385986
743,245,6015,False,0.0
744,246,19031,False,0.89035564661026
745,246,14867,False,0.8891184329986572
746,246,13589,True,0.8986032009124756
747,247,18804,False,0.5271620750427246
748,247,14606,True,0.781221330165863
749,247,12171,False,0.7033727765083313
750,248,11662,False,0.8727085590362549
751,248,1690,True,0.9281288385391236
752,248,1688,False,0.9133321046829224
753,249,21092,False,0.8311719298362732
754,249,18994,False,0.8246261477470398
755,249,14146,False,0.8106219172477722
756,250,21393,False,0.6373662352561951
757,250,17576,False,0.5050370693206787
758,250,2486,False,0.0
759,251,11613,False,0.5724051594734192
760,251,7609,False,0.6525360345840454
761,251,3316,False,0.5446947813034058
762,252,9523,False,0.647219181060791
763,252,2422,True,0.760036289691925
764,252,460,False,0.7603830695152283
765,253,13718,False,0.8433979153633118
766,253,13717,False,0.8455662727355957
767,253,7759,False,0.8363865613937378
768,254,16007,False,0.5506737232208252
769,254,3848,False,0.0
770,254,3662,False,0.0
771,255,14835,False,0.7075649499893188
772,255,2964,False,0.7927538156509399
773,255,961,True,0.8299759030342102
774,256,12075,False,0.761564314365387
775,256,1365,False,0.7744383811950684
776,256,970,False,0.7921561598777771
777,257,13913,False,0.8129664659500122
778,257,9990,False,0.898025631904602
779,257,5930,False,0.895358681678772
780,258,14154,False,0.7930576205253601
781,258,10646,True,0.9082232117652892
782,258,6642,False,0.7851830720901489
783,259,10734,True,0.8617818355560303
784,259,8771,False,0.85489821434021
785,259,1054,False,0.8324205279350281
786,260,20837,True,0.8629082441329956
787,260,19523,False,0.7962084412574768
788,260,13745,True,0.6033111810684204
789,261,21470,False,0.8681613802909851
790,261,14378,False,0.8610409498214722
791,261,5192,True,0.881893515586853
792,262,18152,False,0.0
793,262,16163,False,0.0
794,262,13175,False,0.0
795,262,5134,False,0.0
796,263,21694,False,0.0
797,263,14691,False,0.0
798,263,6744,False,0.0
799,264,19687,False,0.6606885194778442
800,264,16640,True,0.8687097430229187
801,264,6898,False,0.6683530211448669
802,265,20891,False,0.8397847414016724
803,265,3518,False,0.8524141907691956
804,265,3516,False,0.7252775430679321
805,266,14829,True,0.94188392162323
806,266,8908,False,0.8404433131217957
807,266,2949,False,0.8585772514343262
808,267,17965,False,0.0
809,267,11315,False,0.6167349219322205
810,267,16259,False,0.6589980125427246
811,268,20989,True,0.7466486692428589
812,268,18440,False,0.8119127750396729
813,268,7134,False,0.0
814,269,14288,False,0.0
815,269,11996,False,0.6146984696388245
816,269,11037,False,0.0
817,270,10315,False,0.7834286093711853
818,270,5966,False,0.6372841596603394
819,270,3967,False,0.6305781602859497
820,271,12307,True,0.7962773442268372
821,271,11988,False,0.8115921020507812
822,271,10308,False,0.7216945290565491
823,272,22043,False,0.0
824,272,14259,False,0.7867394089698792
825,272,3965,True,0.9730138778686525
826,273,12803,False,0.6437027454376221
827,273,12801,False,0.76728355884552
828,273,8239,False,0.8382201194763184
829,274,13859,True,0.8286218047142029
830,274,3933,False,0.710382878780365
831,274,68,False,0.8740938901901245
832,275,21152,False,0.8236079216003418
833,275,20623,True,0.9203373789787292
834,275,17677,False,0.7365734577178955
835,276,18991,False,0.0
836,276,15426,True,0.9318763613700868
837,276,738,False,0.6022502183914185
838,277,15099,True,0.838392972946167
839,277,4812,False,0.0
840,277,2738,False,0.8247759342193604
841,278,19779,True,0.8884637951850891
842,278,17184,False,0.8400194644927979
843,278,16320,False,0.8797621726989746
844,279,18896,False,0.511752188205719
845,279,10323,False,0.6494391560554504
846,279,8374,False,0.7469404935836792
847,280,16909,True,0.8528029918670654
848,280,16597,True,0.8309483528137207
849,280,5349,False,0.9132308959960938
850,281,20258,False,0.922806978225708
851,281,7824,True,0.9668303728103638
852,281,60,False,0.8811178207397461
853,282,21380,False,0.6354265213012695
854,282,19964,False,0.0
855,282,15687,False,0.6324204206466675
856,283,9708,False,0.6170454025268555
857,283,3820,False,0.7186489701271057
858,283,1886,False,0.7346980571746826
859,284,14575,False,0.8919395804405212
860,284,14569,False,0.9147095680236816
861,284,2675,True,0.9397256374359132
862,285,12797,False,0.0
863,285,10749,False,0.0
864,285,8788,False,0.0
865,286,18626,True,0.8521417379379272
866,286,13803,False,0.6699009537696838
867,286,2240,False,0.5621559023857117
868,287,19434,False,0.8862296342849731
869,287,15885,False,0.8915561437606812
870,287,3925,True,0.8636268973350525
871,288,12116,False,0.7764106392860413
872,288,6712,False,0.8388426303863525
873,288,2632,False,0.7936254143714905
874,289,18559,True,0.8250858783721924
875,289,17744,False,0.6753172278404236
876,289,16709,False,0.7632895112037659
877,290,20220,False,0.8666142821311951
878,290,15478,True,0.8738473653793335
879,290,9554,False,0.7873216867446899
880,291,15926,False,0.0
881,291,4181,False,0.5507687926292419
882,291,2001,False,0.6985147595405579
883,292,14489,False,0.8623930215835571
884,292,12590,False,0.8586381673812866
885,292,6535,False,0.864081621170044
886,292,4497,True,0.876458466053009
887,293,15229,False,0.69437175989151
888,293,9497,False,0.7312533855438232
889,293,6850,False,0.6528381705284119
890,294,19911,True,0.9621504545211792
891,294,15485,False,0.8985632658004761
892,294,11301,False,0.776881217956543
893,295,13910,True,0.8493757247924805
894,295,12600,True,0.8797206878662109
895,295,12589,False,0.889262318611145
896,296,20284,False,0.779072642326355
897,296,10286,True,0.7522350549697876
898,296,3667,False,0.7367919683456421
899,297,15653,True,0.9752265810966492
900,297,3706,False,0.832186222076416
901,297,1733,False,0.8464263677597046
902,298,15917,False,0.5307393074035645
903,298,4683,False,0.0
904,298,3025,False,0.5009928941726685
905,299,4644,True,0.8025065064430237
906,299,4643,False,0.8293085098266602
907,299,734,False,0.8076826930046082
908,300,19334,False,0.7296247482299805
909,300,16163,False,0.0
910,300,14691,False,0.0
911,301,16608,False,0.0
912,301,14707,False,0.0
913,301,6750,False,0.0
914,302,16807,False,0.8625103831291199
915,302,16641,True,0.8823539614677429
916,302,4461,False,0.6919105052947998
917,303,19299,True,0.9799046516418456
918,303,14841,False,0.7580846548080444
919,303,12936,False,0.7623814344406128
920,304,20180,False,0.7417014241218567
921,304,19884,True,0.8391858339309692
922,304,5127,False,0.6031125783920288
923,305,15292,False,0.8437228798866272
924,305,13308,False,0.8808646202087402
925,305,5266,True,0.8838793039321899
926,306,21886,True,0.8547495603561401
927,306,8353,True,0.8618847131729126
928,306,73,False,0.7367006540298462
929,307,20906,False,0.8626135587692261
930,307,10209,True,0.8782724142074585
931,307,8203,False,0.8342305421829224
932,308,12803,False,0.6167855858802795
933,308,12802,False,0.6996483206748962
934,308,8239,False,0.8097286224365234
935,309,19291,True,0.7487948536872864
936,309,12826,False,0.7284939289093018
937,309,1040,False,0.0
938,310,15836,False,0.8290537595748901
939,310,12779,False,0.8742470741271973
940,310,798,False,0.8686373233795166
941,311,17878,False,0.6528173089027405
942,311,15568,False,0.5575197339057922
943,311,9644,False,0.7104531526565552
944,312,13299,True,0.9726848602294922
945,312,13298,False,0.948906421661377
946,312,11285,False,0.7763937711715698
947,313,21712,False,0.6732727885246277
948,313,8870,True,0.7566036581993103
949,313,3295,False,0.799212634563446
950,314,9124,False,0.0
951,314,8805,False,0.0
952,314,3158,False,0.0
953,315,13661,False,0.8546892404556274
954,315,7705,True,0.9279127717018129
955,315,1727,False,0.8967875242233276
956,316,18775,False,0.7743912935256958
957,316,6570,False,0.562279224395752
958,316,5232,True,0.8089532852172852
959,317,9242,True,0.5972561240196228
960,317,5550,False,0.73166823387146
961,317,1082,False,0.5955659747123718
962,317,950,False,0.7009723782539368
963,318,21762,False,0.731972873210907
964,318,20166,False,0.7426818013191223
965,318,10402,False,0.7036277651786804
966,319,21483,True,0.969957947731018
967,319,19634,False,0.8779897689819336
968,319,13350,False,0.7988230586051941
969,320,15247,False,0.8503575325012207
970,320,10473,False,0.8372082114219666
971,320,5431,False,0.850235104560852
972,321,14611,False,0.6210989952087402
973,321,4629,True,0.6436985731124878
974,321,4628,False,0.6697224378585815
975,322,13913,False,0.8093283176422119
976,322,9990,True,0.8922971487045288
977,322,5930,False,0.886533260345459
978,323,15166,False,0.7553609609603882
979,323,5174,False,0.6562414169311523
980,323,1244,True,0.811319887638092
981,324,21543,False,0.9731661677360536
982,324,19773,True,0.987357258796692
983,324,8519,False,0.9353162050247192
984,325,6893,False,0.694203794002533
985,325,4876,False,0.7155314683914185
986,325,4875,False,0.5481094121932983
987,326,11440,False,0.8249557614326477
988,326,1474,False,0.7791622877120972
989,326,171,False,0.7001827955245972
990,327,20123,False,0.8236319422721863
991,327,12795,False,0.812555730342865
992,327,2828,True,0.8417391180992126
993,328,20143,False,0.6730201244354248
994,328,14369,True,0.7474544644355774
995,328,14351,False,0.7290525436401367
996,329,13293,True,0.8690884709358215
997,329,7314,False,0.8559883832931519
998,329,159,False,0.8007186055183411
999,330,21371,False,0.875306248664856
1000,330,13536,True,0.907685399055481
1001,330,1599,False,0.7706578969955444
1002,331,13373,False,0.0
1003,331,6690,False,0.7580604553222656
1004,331,768,False,0.0
1005,332,19334,False,0.7031408548355103
1006,332,7686,False,0.7169473171234131
1007,332,768,False,0.0
1008,333,16617,False,0.6739763021469116
1009,333,3710,True,0.8141503930091858
1010,333,1749,False,0.7629531621932983
1011,334,10661,True,0.8079729676246643
1012,334,6657,False,0.7411779165267944
1013,334,725,False,0.7904598116874695
1014,335,6664,True,0.8232084512710571
1015,335,6663,True,0.8506232500076294
1016,335,2721,False,0.6492196321487427
1017,336,20174,True,0.8542596101760864
1018,336,19065,False,0.7870084047317505
1019,336,7237,False,0.8316398859024048
1020,337,18357,False,0.7707767486572266
1021,337,11148,False,0.7954903244972229
1022,337,6115,True,0.809360921382904
1023,338,13775,False,0.0
1024,338,7942,False,0.6322999000549316
1025,338,1904,False,0.0
1026,339,13560,False,0.82593834400177
1027,339,11601,True,0.8907538056373596
1028,339,11599,False,0.883759081363678
1029,340,18622,True,0.8817847967147827
1030,340,12267,False,0.8476696014404297
1031,340,363,False,0.8467755913734436
1032,341,8689,False,0.6708896160125732
1033,341,5380,False,0.7163489460945129
1034,341,2737,False,0.0
1035,342,21065,False,0.9453643560409546
1036,342,9327,False,0.918515145778656
1037,342,7323,True,0.9180185794830322
1038,343,19986,False,0.6491307616233826
1039,343,11855,False,0.5489588975906372
1040,343,9820,False,0.6724473834037781
1041,344,20879,False,0.6910998821258545
1042,344,6271,False,0.787684440612793
1043,344,2010,False,0.700167179107666
1044,345,21748,False,0.5739709138870239
1045,345,9839,False,0.6976649165153503
1046,345,8386,True,0.8865189552307129
1047,346,8305,False,0.8849149346351624
1048,346,8304,True,0.9519314169883728
1049,346,379,False,0.9091679453849792
1050,347,14458,True,0.8158549070358276
1051,347,10511,False,0.8075909614562988
1052,347,2555,False,0.6928399801254272
1053,348,19614,True,0.923295557498932
1054,348,1189,False,0.934514820575714
1055,348,1187,False,0.9141607284545898
1056,349,19691,False,0.6148606538772583
1057,349,15809,False,0.0
1058,349,1904,False,0.0
1059,350,9349,False,0.581307590007782
1060,350,7942,False,0.5758339166641235
1061,350,1904,False,0.7098504304885864
1062,351,10048,True,0.7730982899665833
1063,351,10045,False,0.761372447013855
1064,351,2552,False,0.7566584348678589
1065,352,17477,False,0.6848068833351135
1066,352,17173,True,0.8544203042984009
1067,352,16294,False,0.7309234738349915
1068,353,10729,False,0.8411993980407715
1069,353,10728,False,0.8868895769119263
1070,353,10727,False,0.8678126335144043
1071,353,8235,False,0.8815934658050537
1072,354,21296,True,0.8229444026947021
1073,354,16760,False,0.7419109344482422
1074,354,2013,False,0.8532205820083618
1075,355,18723,False,0.8825534582138062
1076,355,6850,False,0.7387136220932007
1077,355,4909,False,0.7754202485084534
1078,356,21591,True,0.8970100283622742
1079,356,8836,False,0.8923192024230957
1080,356,3882,False,0.8622524738311768
1081,357,20629,True,0.8616273403167725
1082,357,18632,False,0.7427642345428467
1083,357,2432,False,0.0
1084,358,21637,False,0.7003177404403687
1085,358,18295,True,0.7190793752670288
1086,358,17347,False,0.7264506816864014
1087,359,13958,False,0.6522538661956787
1088,359,13808,False,0.6905698180198669
1089,359,8373,False,0.6731913089752197
1090,360,19150,False,0.8623394966125488
1091,360,11566,True,0.92742121219635
1092,360,7558,False,0.8019999265670776
1093,361,18286,False,0.6579626798629761
1094,361,17436,True,0.8009758591651917
1095,361,297,False,0.7742221355438232
1096,362,19065,False,0.842502772808075
1097,362,18769,False,0.832665205001831
1098,362,155,True,0.8594293594360352
1099,363,18691,False,0.8409947156906128
1100,363,7131,False,0.586475670337677
1101,363,2939,False,0.8211973905563354
1102,364,9532,True,0.6751344203948975
1103,364,9519,True,0.6991345286369324
1104,364,7503,False,0.8101950883865356
1105,365,18601,False,0.0
1106,365,15693,False,0.7654699683189392
1107,365,768,False,0.0
1108,366,21964,False,0.8727227449417114
1109,366,21636,False,0.8544139862060547
1110,366,15541,False,0.7105767130851746
1111,367,11421,False,0.0
1112,367,6691,False,0.0
1113,367,6690,False,0.0
1114,367,768,False,0.0
1115,368,18601,False,0.7704232931137085
1116,368,14443,False,0.7580405473709106
1117,368,12797,False,0.0
1118,369,17846,False,0.0
1119,369,16333,False,0.0
1120,369,768,False,0.0
1121,370,21042,False,0.8506930470466614
1122,370,15071,True,0.9099999070167542
1123,370,13846,False,0.8072401285171509
1124,371,20697,False,0.8558950424194336
1125,371,4629,False,0.8503892421722412
1126,371,725,False,0.652696967124939
1127,372,8543,False,0.0
1128,372,8437,True,0.6089978814125061
1129,372,2857,False,0.0
1130,373,7119,False,0.7221096754074097
1131,373,6173,False,0.6679844856262207
1132,373,1900,False,0.0
1133,374,6278,False,0.7975152134895325
1134,374,2346,False,0.6056925654411316
1135,374,428,True,0.8712941408157349
1136,375,9081,False,0.6968632936477661
1137,375,7054,False,0.6774070262908936
1138,375,5041,True,0.8126340508460999
1139,376,11351,False,0.8329761028289795
1140,376,9389,True,0.8992490768432617
1141,376,3374,False,0.8475942611694336
1142,377,14245,True,0.6426160335540771
1143,377,8328,True,0.775601863861084
1144,377,8006,False,0.0
1145,378,21690,True,0.970410704612732
1146,378,16907,False,0.8429479598999023
1147,378,4201,False,0.7286550402641296
1148,379,20659,True,0.7516727447509766
1149,379,3933,False,0.5968433618545532
1150,379,68,False,0.5917408466339111
1151,380,16499,False,0.0
1152,380,14555,False,0.5700221061706543
1153,380,667,False,0.6391211152076721
1154,381,20562,False,0.7338581681251526
1155,381,17623,True,0.7339977025985718
1156,381,320,False,0.7265291810035706
1157,382,2583,False,0.8425401449203491
1158,382,2579,False,0.8700250387191772
1159,382,1609,False,0.7168692946434021
1160,383,20130,False,0.7591549158096313
1161,383,10773,False,0.7737753391265869
1162,383,5177,False,0.7300719022750854
1163,384,9349,False,0.5388384461402893
1164,384,8701,False,0.5207287669181824
1165,384,2088,False,0.0
1166,385,18965,True,0.9322797060012816
1167,385,13688,False,0.9033457040786744
1168,385,11729,False,0.8931946754455566
1169,386,20008,False,0.8116519451141357
1170,386,16017,False,0.8241535425186157
1171,386,4058,True,0.7824235558509827
1172,387,11120,False,0.8384533524513245
1173,387,3169,False,0.8655930757522583
1174,387,1160,True,0.8691067695617676
1175,388,19048,True,0.8554955720901489
1176,388,13136,False,0.8518929481506348
1177,388,3161,False,0.7798190712928772
1178,389,19893,False,0.5567899942398071
1179,389,19515,True,0.7575085759162903
1180,389,10543,False,0.7434395551681519
1181,390,11602,True,0.9596884250640868
1182,390,11588,False,0.9335748553276062
1183,390,1615,False,0.7178511619567871
1184,391,16932,False,0.7536977529525757
1185,391,9801,True,0.7897436022758484
1186,391,7162,False,0.8185378313064575
1187,392,12857,False,0.7387749552726746
1188,392,12366,False,0.6869791746139526
1189,392,5339,False,0.6673775911331177
1190,393,21590,False,0.6547675132751465
1191,393,19879,False,0.7237663269042969
1192,393,19049,False,0.7659024596214294
1193,394,17444,True,0.7256460189819336
1194,394,17139,False,0.7381038069725037
1195,394,15681,False,0.6890801191329956
1196,395,22043,False,0.8591071367263794
1197,395,10311,False,0.7805517315864563
1198,395,99,True,0.8246334195137024
1199,396,17848,False,0.7984017133712769
1200,396,9940,False,0.8464474678039551
1201,396,7144,True,0.8635904788970947
1202,397,14826,True,0.8217744827270508
1203,397,4860,False,0.8655545115470886
1204,397,4859,False,0.8967993259429932
1205,398,18047,False,0.8987164497375488
1206,398,17563,True,0.9067009687423706
1207,398,16514,False,0.8757464289665222
1208,399,4610,False,0.8290877938270569
1209,399,713,True,0.9234390258789062
1210,399,712,False,0.7877141237258911
1211,400,8725,False,0.0
1212,400,6691,False,0.0
1213,400,6690,False,0.0
1214,401,19334,False,0.0
1215,401,7686,False,0.7336640954017639
1216,401,5666,False,0.7105795741081238
1217,402,17886,False,0.0
1218,402,16962,False,0.0
1219,402,14444,False,0.0
1220,403,16608,False,0.0
1221,403,14707,False,0.0
1222,403,820,False,0.0
1223,404,18577,False,0.4484612047672272
1224,404,18575,True,0.502902626991272
1225,404,17020,True,0.5132414698600769
1226,404,17018,False,0.4742871522903442
1227,405,15894,False,0.0
1228,405,14495,True,0.8496975898742676
1229,405,9988,False,0.7574895620346069
1230,406,21288,False,0.77230304479599
1231,406,19557,False,0.6018911004066467
1232,406,10878,False,0.0
1233,407,17346,False,0.8081245422363281
1234,407,17345,False,0.7972882390022278
1235,407,17047,True,0.7999488711357117
1236,408,20225,False,0.0
1237,408,3221,False,0.0
1238,408,2183,False,0.0
1239,409,17551,False,0.0
1240,409,5774,False,0.0
1241,409,5459,False,0.0
1242,410,15299,False,0.8803310394287109
1243,410,9322,True,0.8945813179016113
1244,410,1341,False,0.886273205280304
1245,411,20452,False,0.9008157849311828
1246,411,19599,True,0.8885151147842407
1247,411,19309,False,0.7758604288101196
1248,412,13139,False,0.0
1249,412,7567,False,0.0
1250,412,1192,False,0.0
1251,413,16531,False,0.8428661227226257
1252,413,1677,False,0.6429269313812256
1253,413,284,True,0.8616676926612854
1254,414,9527,False,0.861193060874939
1255,414,6762,False,0.8114888668060303
1256,414,1529,False,0.8553571701049805
1257,415,20385,False,0.8433499932289124
1258,415,17243,True,0.8560270667076111
1259,415,16503,True,0.90833842754364
1260,416,19475,True,0.7414736747741699
1261,416,12289,False,0.6659108400344849
1262,416,4263,False,0.6469807624816895
1263,417,18507,False,0.9554646015167236
1264,417,18443,False,0.908600926399231
1265,417,2819,True,0.9613884687423706
1266,418,11272,False,0.6285545825958252
1267,418,3296,False,0.0
1268,418,1306,False,0.6661248803138733
1269,419,13252,False,0.9523894786834716
1270,419,7260,False,0.9414260983467102
1271,419,5215,True,0.95982563495636
1272,420,14861,False,0.7586134672164917
1273,420,4903,False,0.7732961773872375
1274,420,4100,False,0.0
1275,421,17564,False,0.8753150701522827
1276,421,17330,True,0.8921376466751099
1277,421,17315,False,0.7132377624511719
1278,422,16086,False,0.8828061819076538
1279,422,13582,False,0.674710750579834
1280,422,6033,False,0.6903282999992371
1281,423,21896,False,0.7389788031578064
1282,423,4937,False,0.643406867980957
1283,423,4010,False,0.6074708700180054
1284,424,8538,False,0.6185125112533569
1285,424,8535,False,0.8147552013397217
1286,424,8534,True,0.8676397204399109
1287,425,21878,False,0.7246233224868774
1288,425,19691,False,0.6649230122566223
1289,425,13261,False,0.5203770399093628
1290,426,19587,False,0.7606155872344971
1291,426,14868,True,0.7843348979949951
1292,426,4914,False,0.7734947204589844
1293,427,8561,False,0.7580785751342773
1294,427,6504,False,0.7622814178466797
1295,427,6503,False,0.6883293986320496
1296,428,10588,False,0.8726400136947632
1297,428,6990,True,0.9440879821777344
1298,428,4979,False,0.8678199052810669
1299,429,11237,True,0.8974089622497559
1300,429,7263,True,0.896054208278656
1301,429,3273,False,0.880984902381897
1302,430,16147,False,0.7335737347602844
1303,430,4193,True,0.7621249556541443
1304,430,4191,False,0.7116289138793945
1305,431,18464,True,0.8650544881820679
1306,431,14871,False,0.642583429813385
1307,431,1492,False,0.634136974811554
1308,432,12356,False,0.8023898601531982
1309,432,12352,False,0.9356026649475098
1310,432,438,False,0.924621284008026
1311,433,12366,True,0.769220769405365
1312,433,6324,False,0.8614706993103027
1313,433,5339,False,0.7731146812438965
1314,434,20211,False,0.7348812818527222
1315,434,16042,False,0.0
1316,434,13420,True,0.7483334541320801
1317,435,15840,False,0.903759241104126
1318,435,11134,False,0.8410022258758545
1319,435,7143,False,0.8334000110626221
1320,436,11808,False,0.5774908661842346
1321,436,10032,False,0.6001891493797302
1322,436,8395,False,0.6188485622406006
1323,437,21298,False,0.6837834119796753
1324,437,12332,False,0.7026230096817017
1325,437,2245,False,0.0
1326,438,10344,False,0.8024736642837524
1327,438,9120,False,0.6059128046035767
1328,438,4296,False,0.7693864107131958
1329,439,21637,True,0.8021361827850342
1330,439,18295,False,0.7340185642242432
1331,439,17347,False,0.8199173212051392
1332,440,11421,False,0.0
1333,440,6691,False,0.0
1334,440,768,False,0.0
1335,441,12714,False,0.0
1336,441,6691,False,0.0
1337,441,19334,False,0.0
1338,442,21933,False,0.730420708656311
1339,442,14949,False,0.0
1340,442,7686,False,0.7246323823928833
1341,443,19334,False,0.0
1342,443,6691,False,0.0
1343,443,6690,False,0.0
1344,444,21933,False,0.0
1345,444,18601,False,0.7785843014717102
1346,444,10489,False,0.7946571111679077
1347,445,18198,False,0.0
1348,445,17380,False,0.0
1349,445,606,False,0.0
1350,446,21189,False,0.0
1351,446,16169,False,0.0
1352,446,5774,True,0.9772056341171264
1353,447,13174,True,0.9596046209335328
1354,447,13173,False,0.8872047662734985
1355,447,9155,False,0.8920828104019165
1356,448,13174,False,0.906479001045227
1357,448,13173,True,0.9552620649337769
1358,448,9155,False,0.9085134267807008
1359,449,20034,False,0.7876548767089844
1360,449,11980,False,0.7660316228866577
1361,449,2306,False,0.6516014337539673
1362,450,17346,True,0.8634371161460876
1363,450,17302,False,0.7359787821769714
1364,450,17048,False,0.7777266502380371
1365,451,21108,False,0.7426830530166626
1366,451,20035,False,0.7583497762680054
1367,451,20034,False,0.8522738218307495
1368,452,20707,False,0.6342028975486755
1369,452,18386,False,0.5619415044784546
1370,452,16645,True,0.9404677152633668
1371,453,12946,False,0.6029855608940125
1372,453,10899,True,0.8679389953613281
1373,453,4892,False,0.8496537804603577
1374,454,2985,False,0.8857624530792236
1375,454,1891,True,0.948132336139679
1376,454,485,False,0.7122070789337158
1377,455,19347,True,0.9641776084899902
1378,455,17216,False,0.859897792339325
1379,455,16355,False,0.8510638475418091
1380,455,16354,False,0.8233980536460876
1381,456,21792,False,0.7127885222434998
1382,456,8957,False,0.6624314785003662
1383,456,1980,False,0.7172630429267883
1384,457,8018,True,0.8409676551818848
1385,457,8017,False,0.7700204849243164
1386,457,2035,False,0.7361133098602295
1387,458,15293,False,0.8655760288238525
1388,458,15292,False,0.8752144575119019
1389,458,1337,True,0.895257830619812
1390,459,11738,False,0.6830006837844849
1391,459,20827,True,0.8827217817306519
1392,459,7739,False,0.7317390441894531
1393,460,20337,False,0.6093087792396545
1394,460,10386,False,0.6984299421310425
1395,460,8646,False,0.0
1396,461,18389,True,0.844288170337677
1397,461,17769,False,0.8268569707870483
1398,461,7121,False,0.8114542961120605
1399,462,12785,False,0.8617566823959351
1400,462,9288,False,0.8745442032814026
1401,462,2821,False,0.8429350256919861
1402,463,11440,True,0.9451659321784972
1403,463,3459,False,0.6697180271148682
1404,463,171,False,0.7100322246551514
1405,464,14006,False,0.8267083764076233
1406,464,10075,True,0.8787431716918945
1407,464,3818,False,0.6590871810913086
1408,465,15278,False,0.9159168004989624
1409,465,15263,False,0.9550559520721436
1410,465,7304,True,0.9601699113845824
1411,466,17506,False,0.9024279117584229
1412,466,16910,True,0.9560596942901612
1413,466,16317,False,0.9533339738845824
1414,467,21605,True,0.8187996745109558
1415,467,18785,False,0.7762991189956665
1416,467,16403,False,0.7522504925727844
1417,468,20645,True,0.9478274583816528
1418,468,18940,False,0.9249610900878906
1419,468,8479,False,0.8716981410980225
1420,469,19558,False,0.8096663355827332
1421,469,19257,True,0.929761528968811
1422,469,2720,False,0.9213145971298218
1423,470,15783,False,0.7861089110374451
1424,470,10874,False,0.7154895067214966
1425,470,2958,True,0.7715442776679993
1426,471,19389,False,0.5358449220657349
1427,471,11622,False,0.4978476166725158
1428,471,11283,True,0.6817949414253235
1429,472,15367,True,0.8429721593856812
1430,472,13371,False,0.7220167517662048
1431,472,5362,False,0.750521719455719
1432,473,14744,False,0.7059381008148193
1433,473,6068,False,0.6800118684768677
1434,473,3860,False,0.8829765319824219
1435,474,18529,True,0.7617698311805725
1436,474,11175,False,0.8297351002693176
1437,474,1225,False,0.8180787563323975
1438,475,20392,True,0.8493480682373047
1439,475,12746,False,0.7906907796859741
1440,475,12745,False,0.823204755783081
1441,476,10881,False,0.6760937571525574
1442,476,2717,True,0.7903147339820862
1443,476,1688,False,0.7969633936882019
1444,477,21046,False,0.8432795405387878
1445,477,19193,False,0.7507876753807068
1446,477,9145,False,0.8239858746528625
1447,478,20274,False,0.4115709960460663
1448,478,8154,False,0.7040832042694092
1449,478,4380,False,0.5249722003936768
1450,479,14557,False,0.8074139356613159
1451,479,12920,False,0.6002901792526245
1452,479,261,False,0.6486120820045471
1453,480,8295,False,0.8707113265991211
1454,480,376,True,0.9077064990997314
1455,480,374,False,0.8590297698974609
1456,481,14852,False,0.8687860369682312
1457,481,14851,False,0.7902316451072693
1458,481,8939,False,0.7500264048576355
1459,482,21789,False,0.7685881853103638
1460,482,19229,False,0.8024328947067261
1461,482,15132,True,0.8337889909744263
1462,483,9130,True,0.8596594929695129
1463,483,8707,False,0.8802664279937744
1464,483,1149,False,0.8029341101646423
1465,484,12803,True,0.8516008853912354
1466,484,12802,False,0.6884201169013977
1467,484,4736,False,0.7900738716125488
1468,485,18622,False,0.8150517344474792
1469,485,12267,False,0.7963436245918274
1470,485,363,False,0.7959539890289307
1471,486,19334,False,0.0
1472,486,9288,False,0.0
1473,486,820,False,0.0
1474,487,19334,False,0.0
1475,487,17381,False,0.0
1476,487,16909,False,0.0
1477,488,13373,False,0.0
1478,488,9063,False,0.0
1479,488,6691,False,0.7033616304397583
1480,488,6690,False,0.7893182039260864
1481,489,18601,False,0.7627485990524292
1482,489,10489,False,0.7871182560920715
1483,489,768,False,0.7703081369400024
1484,490,12536,False,0.9074866771697998
1485,490,10505,False,0.8570988774299622
1486,490,5529,False,0.8685301542282104
1487,491,19957,True,0.9490091800689696
1488,491,1744,False,0.0
1489,491,1742,False,0.0
1490,492,14430,True,0.8924745321273804
1491,492,12502,False,0.926100254058838
1492,492,11917,False,0.8944900035858154
1493,493,12268,False,0.7020448446273804
1494,493,7825,False,0.0
1495,493,15923,False,0.0
1496,494,15939,False,0.6762639880180359
1497,494,6824,False,0.637140154838562
1498,494,3970,False,0.6027497053146362
1499,495,13141,False,0.8420058488845825
1500,495,8804,True,0.8543834686279297
1501,495,2837,False,0.8450982570648193
1502,496,20374,False,0.6613155603408813
1503,496,4496,True,0.8295385837554932
1504,496,1978,False,0.7464828491210938
1505,497,18162,False,0.8034274578094482
1506,497,18161,True,0.7784726023674011
1507,497,3071,True,0.7759881019592285
1508,498,11605,False,0.6991175413131714
1509,498,5577,False,0.7326900362968445
1510,498,2091,False,0.5672625303268433
1511,499,18882,False,0.0
1512,499,10112,False,0.7796607613563538
1513,499,4076,True,0.8296242952346802
1514,500,12544,True,0.908084750175476
1515,500,8565,False,0.6838669180870056
1516,500,587,False,0.7076651453971863
1517,501,20503,False,0.8013908863067627
1518,501,11336,False,0.7994988560676575
1519,501,2841,False,0.8099541664123535
1520,502,20212,False,0.7983914017677307
1521,502,11435,False,0.7815196514129639
1522,502,5421,True,0.8949614763259888
1523,503,20588,False,0.8640356063842773
1524,503,19198,False,0.8838995695114136
1525,503,10206,True,0.8955910205841064
1526,504,5491,False,0.6527614593505859
1527,504,5489,False,0.7591511011123657
1528,504,3522,False,0.7034744620323181
1529,505,18716,False,0.6794410943984985
1530,505,8842,False,0.7410774230957031
1531,505,6803,False,0.7534752488136292
1532,506,21169,False,0.875311017036438
1533,506,15706,False,0.8481858372688293
1534,506,3739,False,0.8561052083969116
1535,507,19705,False,0.8617122173309326
1536,507,15894,False,0.8080599308013916
1537,507,11953,True,0.9357284307479858
1538,508,16371,False,0.521694540977478
1539,508,8125,False,0.5329452157020569
1540,508,289,False,0.4314379692077636
1541,509,19410,False,0.846889078617096
1542,509,7770,False,0.8860913515090942
1543,509,1798,True,0.905268371105194
1544,510,15321,False,0.859263002872467
1545,510,3341,False,0.8518709540367126
1546,510,1360,True,0.9076673984527588
1547,511,16069,False,0.6694234609603882
1548,511,12119,False,0.7375533580780029
1549,511,4117,False,0.7134878635406494
1550,511,1392,True,0.795722484588623
1551,512,9060,False,0.9011130332946776
1552,512,6766,False,0.8325773477554321
1553,512,3723,True,0.9123098850250244
1554,513,10570,False,0.8438526391983032
1555,513,2644,False,0.7412814497947693
1556,513,2642,False,0.814098060131073
1557,514,19852,True,0.8729685544967651
1558,514,14877,False,0.8296139240264893
1559,514,6150,False,0.759082555770874
1560,515,12701,False,0.0
1561,515,6674,False,0.0
1562,515,3049,False,0.0
1563,516,13606,False,0.7316494584083557
1564,516,4922,False,0.5574967861175537
1565,516,1680,False,0.7028244137763977
1566,517,7407,False,0.640291690826416
1567,517,7406,True,0.8321713209152222
1568,517,6065,False,0.8299547433853149
1569,518,16070,False,0.0
1570,518,12120,False,0.787388026714325
1571,518,2138,True,0.8582430481910706
1572,519,14264,False,0.8836512565612793
1573,519,8344,True,0.8117692470550537
1574,519,6271,False,0.7193922996520996
1575,520,19334,False,0.7248697876930237
1576,520,7686,False,0.0
1577,520,768,False,0.0
1578,521,14687,False,0.0
1579,521,820,False,0.0
1580,521,304,False,0.0
1581,522,20776,False,0.0
1582,522,18925,False,0.6322280764579773
1583,522,14014,True,0.9043038487434388
1584,523,9658,True,0.8557307720184326
1585,523,7630,False,0.8504179120063782
1586,523,3626,False,0.8478114604949951
1587,524,12778,False,0.0
1588,524,9812,False,0.6579094529151917
1589,524,5425,False,0.4979678392410278
1590,525,14462,False,0.8804138898849487
1591,525,12568,False,0.9035837054252625
1592,525,4474,False,0.9090675115585328
1593,526,17855,False,0.0
1594,526,6892,False,0.836298406124115
1595,526,5591,False,0.7837908267974854
1596,527,4361,False,0.8684208393096924
1597,527,2146,False,0.6958775520324707
1598,527,485,True,0.9497473835945128
1599,528,21347,True,0.9276632070541382
1600,528,15198,False,0.9141768217086792
1601,528,76,False,0.9104342460632324
1602,529,19687,False,0.615877091884613
1603,529,17879,True,0.9033843278884888
1604,529,6898,False,0.6995682716369629
1605,530,18531,False,0.8915088176727295
1606,530,18176,False,0.747449517250061
1607,530,6615,True,0.919249415397644
1608,531,19817,True,0.932030439376831
1609,531,12693,False,0.8521116971969604
1610,531,8697,False,0.8533344268798828
1611,532,12464,False,0.93368399143219
1612,532,8071,False,0.9489205479621888
1613,532,8070,False,0.8804651498794556
1614,533,21896,False,0.7363746762275696
1615,533,17305,False,0.6226674914360046
1616,533,4937,False,0.6199877262115479
1617,533,4010,False,0.678098201751709
1618,534,6873,False,0.8104537725448608
1619,534,6872,False,0.8046250939369202
1620,534,2941,False,0.7464996576309204
1621,535,12757,False,0.6102266907691956
1622,535,10951,False,0.6741634607315063
1623,535,1699,False,0.7889596223831177
1624,536,21189,False,0.0
1625,536,15737,True,0.7711150050163269
1626,536,8313,False,0.0
1627,537,14670,False,0.9013878107070924
1628,537,12774,False,0.882969081401825
1629,537,790,True,0.8874751329421997
1630,538,17174,True,0.7873925566673279
1631,538,10461,False,0.7612009048461914
1632,538,5430,False,0.7689687013626099
1633,539,11542,True,0.8861879110336304
1634,539,7076,False,0.634095311164856
1635,539,1564,False,0.877376914024353
1636,540,20202,False,0.8793570399284363
1637,540,9383,True,0.9779784679412842
1638,540,4137,False,0.8004936575889587
1639,541,9189,False,0.7993379235267639
1640,541,4924,False,0.8926234245300293
1641,541,1231,True,0.8418474197387695
1642,542,15021,False,0.7738043069839478
1643,542,13159,True,0.8542548418045044
1644,542,3174,False,0.7817853689193726
1645,543,10106,False,0.0
1646,543,20785,False,0.6775892972946167
1647,543,3418,False,0.0
1648,544,21494,False,0.8423212766647339
1649,544,15649,False,0.8510194420814514
1650,544,13664,True,0.8736698627471924
1651,545,11636,False,0.8374699354171753
1652,545,9656,False,0.8884809017181396
1653,545,7622,True,0.8988351225852966
1654,546,12699,False,0.0
1655,546,12697,False,0.0
1656,546,735,False,0.0
1657,547,15267,False,0.9194194078445436
1658,547,15265,False,0.94292151927948
1659,547,11276,False,0.9114219546318054
1660,547,9295,True,0.9229892492294312
1661,548,21359,False,0.8228496313095093
1662,548,15374,False,0.8288730382919312
1663,548,3414,True,0.956504225730896
1664,549,21789,True,0.8047326803207397
1665,549,19336,False,0.0
1666,549,12439,False,0.8406966924667358
1667,550,19539,True,0.9310232400894164
1668,550,10511,False,0.8179428577423096
1669,550,2555,False,0.8898769617080688
1670,551,18578,False,0.0
1671,551,8315,False,0.0
1672,551,8313,False,0.0
1673,552,13373,False,0.0
1674,552,9063,False,0.0
1675,552,768,False,0.0
1676,553,18198,False,0.0
1677,553,17383,False,0.0
1678,553,17380,False,0.6710268259048462
1679,553,16199,False,0.0
1680,553,260,False,0.6785300970077515
1681,554,20542,False,0.0
1682,554,12222,False,0.0
1683,554,5665,False,0.0
1684,555,19568,False,0.7461929321289062
1685,555,19009,True,0.8372648358345032
1686,555,18712,False,0.7507309913635254
1687,556,21901,False,0.8002220392227173
1688,556,10722,False,0.5931404829025269
1689,556,6721,True,0.623451292514801
1690,557,13220,False,0.741382360458374
1691,557,11931,False,0.8917701244354248
1692,557,6498,True,0.920210897922516
1693,558,12735,False,0.8166947364807129
1694,558,5883,True,0.886151909828186
1695,558,2763,False,0.753812849521637
1696,559,21310,False,0.8361522555351257
1697,559,20713,True,0.8454501628875732
1698,559,17687,False,0.6837282180786133
1699,560,20114,False,0.0
1700,560,6113,False,0.0
1701,560,1684,False,0.0
1702,561,20125,False,0.920415997505188
1703,561,18152,False,0.9604257345199584
1704,561,8791,True,0.9508522152900696
1705,562,14882,False,0.7292108535766602
1706,562,7564,False,0.5843132734298706
1707,562,6585,False,0.5985862612724304
1708,563,18915,True,0.8568977117538452
1709,563,17683,False,0.685358464717865
1710,563,17363,False,0.6861521005630493
1711,564,21533,False,0.7983688712120056
1712,564,17673,True,0.831059455871582
1713,564,16487,False,0.854403555393219
1714,565,20075,True,0.829977810382843
1715,565,17962,False,0.8498651385307312
1716,565,15257,False,0.8721054196357727
1717,566,18275,False,0.0
1718,566,16778,False,0.0
1719,566,16626,False,0.6008398532867432
1720,567,14120,True,0.8146072030067444
1721,567,12173,True,0.7355867624282837
1722,567,2205,False,0.728700578212738
1723,568,15946,True,0.8325107097625732
1724,568,3976,False,0.807521402835846
1725,568,2035,False,0.7205891013145447
1726,569,14799,False,0.6991405487060547
1727,569,6718,False,0.7802386283874512
1728,569,763,False,0.7817070484161377
1729,570,19375,True,0.8750613927841187
1730,570,9470,False,0.8860740065574646
1731,570,5426,False,0.8633837699890137
1732,571,15299,False,0.8687173128128052
1733,571,13307,False,0.8815189599990845
1734,571,1341,False,0.8737964630126953
1735,572,4643,False,0.9223421812057496
1736,572,4642,True,0.8023151159286499
1737,572,734,False,0.832780122756958
1738,573,17889,False,0.8395253419876099
1739,573,17558,True,0.8578218221664429
1740,573,16964,False,0.8542208671569824
1741,574,20580,True,0.7739176750183105
1742,574,16055,False,0.7420625686645508
1743,574,15457,False,0.728761613368988
1744,575,5075,False,0.7978196740150452
1745,575,3867,False,0.7763416767120361
1746,575,1128,True,0.8968554139137268
1747,576,20429,False,0.906687080860138
1748,576,18153,False,0.9450696110725404
1749,576,16598,False,0.915607213973999
1750,577,21736,False,0.8641372919082642
1751,577,19367,True,0.8801242709159851
1752,577,9160,False,0.5953150391578674
1753,578,11389,False,0.6780487895011902
1754,578,11384,True,0.822378396987915
1755,578,5365,False,0.8139546513557434
1756,579,15015,True,0.9591585397720336
1757,579,11054,False,0.8819200396537781
1758,579,1100,False,0.8826625347137451
1759,580,10401,False,0.7217596769332886
1760,580,6366,False,0.7117728590965271
1761,580,3505,True,0.8392314314842224
1762,581,17697,True,0.912692666053772
1763,581,17380,False,0.8179255127906799
1764,581,606,False,0.8209351301193237
1765,582,12971,False,0.9251418113708496
1766,582,4985,False,0.7837275266647339
1767,582,2465,False,0.6895781755447388
1768,583,14422,False,0.0
1769,583,14352,False,0.0
1770,583,7895,False,0.0
1771,584,8909,False,0.9140987396240234
1772,584,4868,False,0.914701521396637
1773,584,965,True,0.96006178855896
1774,585,19031,False,0.8234365582466125
1775,585,14867,True,0.8770081996917725
1776,585,13589,False,0.8303664326667786
1777,586,19937,False,0.767467737197876
1778,586,9708,False,0.6228417754173279
1779,586,6928,False,0.7723180651664734
1780,587,14455,True,0.8398351669311523
1781,587,12543,False,0.7941763401031494
1782,587,8562,False,0.7774368524551392
1783,588,20108,False,0.8412203788757324
1784,588,18144,True,0.8718088865280151
1785,588,14898,False,0.8437733054161072
1786,589,20807,False,0.8786660432815552
1787,589,15495,True,0.9074885249137878
1788,589,1571,False,0.8411929607391357
1789,590,8725,False,0.0
1790,590,6691,False,0.0
1791,590,18637,False,0.0
1792,591,10585,False,0.6558232307434082
1793,591,5594,True,0.824651837348938
1794,591,5593,False,0.7893639802932739
1795,592,14421,False,0.917162537574768
1796,592,4421,True,0.9276861548423768
1797,592,2521,False,0.9079400300979614
1798,593,7075,False,0.7310188412666321
1799,593,3077,False,0.0
1800,593,390,False,0.0
1801,594,20843,False,0.8251686096191406
1802,594,11307,False,0.8926526308059692
1803,594,7334,True,0.8675634860992432
1804,595,19445,False,0.6141296625137329
1805,595,14869,True,0.8666257858276367
1806,595,9156,False,0.6031913757324219
1807,596,12631,False,0.0
1808,596,12627,False,0.889162540435791
1809,596,107,True,0.8896833658218384
1810,597,22043,True,0.8575960397720337
1811,597,12305,False,0.8786654472351074
1812,597,8337,False,0.8751581907272339
1813,598,9658,False,0.8406519889831543
1814,598,7630,True,0.8519973754882812
1815,598,3626,False,0.8361674547195435
1816,599,19773,False,0.9441525936126708
1817,599,6457,False,0.929346203804016
1818,599,556,True,0.9760570526123048
1819,600,12881,True,0.8850235939025879
1820,600,4691,True,0.7833516597747803
1821,600,2898,False,0.7748346924781799
1822,601,11705,False,0.6589719653129578
1823,601,18202,False,0.6685564517974854
1824,601,3705,False,0.6710648536682129
1825,602,18093,False,0.8038058876991272
1826,602,16344,False,0.7585238218307495
1827,602,1507,False,0.7052074670791626
1828,603,21731,True,0.7827856540679932
1829,603,19358,False,0.7610682249069214
1830,603,15224,False,0.7249019145965576
1831,604,15829,True,0.8902115821838379
1832,604,13834,False,0.8205975294113159
1833,604,5864,False,0.7891882658004761
1834,605,15693,False,0.7557300329208374
1835,605,6744,False,0.0
1836,605,2822,False,0.0
1837,606,15297,False,0.788010835647583
1838,606,11293,False,0.786751925945282
1839,606,5269,False,0.7917888164520264
1840,607,12797,False,0.0
1841,607,6691,False,0.6795716881752014
1842,607,6690,False,0.7583428025245667
1843,608,19334,True,0.8156805038452148
1844,608,7686,False,0.0
1845,608,5666,False,0.0
1846,609,9469,True,0.854022741317749
1847,609,6713,False,0.7652890682220459
1848,609,1469,False,0.7905945777893066
1849,610,15811,False,0.6375774145126343
1850,610,15809,False,0.8240260481834412
1851,610,1904,False,0.8363609313964844
1852,611,12403,False,0.8767774105072021
1853,611,10398,False,0.8851155042648315
1854,611,8429,True,0.8932687044143677
1855,611,467,False,0.8856786489486694
1856,612,4733,True,0.9054406881332396
1857,612,2829,False,0.8974635004997253
1858,612,2754,False,0.6653430461883545
1859,613,19807,False,0.6891632676124573
1860,613,16202,True,0.6650482416152954
1861,613,10608,False,0.7199853658676147
1862,614,22045,True,0.8386654853820801
1863,614,12327,False,0.822258472442627
1864,614,11998,False,0.8160057067871094
1865,615,17519,True,0.7839827537536621
1866,615,11341,False,0.8626598119735718
1867,615,3365,False,0.8549782037734985
1868,616,21190,False,0.8531380891799927
1869,616,20018,True,0.8118327856063843
1870,616,7531,False,0.8683556318283081
1871,617,19540,True,0.8815999031066895
1872,617,4475,False,0.9459880590438844
1873,617,4474,False,0.8311954736709595
1874,618,22022,False,0.725810706615448
1875,618,10042,True,0.7277772426605225
1876,618,8689,False,0.0
1877,619,18256,False,0.6506572961807251
1878,619,7838,False,0.6486742496490479
1879,619,2355,False,0.6593906879425049
1880,620,20130,True,0.7672734260559082
1881,620,10773,False,0.7426900863647461
1882,620,983,False,0.6735860109329224
1883,621,13149,False,0.7778030037879944
1884,621,7212,True,0.9219104051589966
1885,621,3169,False,0.7727406024932861
1886,622,20145,False,0.0
1887,622,16249,True,0.6556809544563293
1888,622,3160,False,0.3547794818878174
1889,623,14735,False,0.8664706349372864
1890,623,8820,True,0.8740480542182922
1891,623,2832,False,0.7428679466247559
1892,624,12056,False,0.8197560906410217
1893,624,4040,False,0.8176453113555908
1894,624,4039,True,0.9162670373916626
1895,625,21566,False,0.9287734627723694
1896,625,18443,True,0.9562775492668152
1897,625,2818,False,0.9322003126144408
1898,626,16608,False,0.8971734642982483
1899,626,14707,True,0.9230543971061708
1900,626,6750,False,0.80083829164505
1901,627,20715,True,0.835059404373169
1902,627,10489,False,0.8832198977470398
1903,627,4739,False,0.8093054890632629
1904,628,16360,False,0.7535713315010071
1905,628,7379,False,0.0
1906,628,1040,False,0.6443342566490173
1907,629,15099,False,0.8157222270965576
1908,629,2739,True,0.8514000177383423
1909,629,2738,False,0.828635573387146
1910,630,12819,False,0.8783942461013794
1911,630,12817,True,0.8860635757446289
1912,630,6771,False,0.8576050996780396
1913,631,21424,False,0.7909749150276184
1914,631,10447,False,0.6317723393440247
1915,631,4378,False,0.775431215763092
1916,632,13149,True,0.8667694926261902
1917,632,7127,False,0.8211812376976013
1918,632,3169,False,0.8348267078399658
1919,633,18610,False,0.5518858432769775
1920,633,18609,False,0.6300554275512695
1921,633,14609,False,0.0
1922,634,19840,True,0.864791989326477
1923,634,6853,False,0.7055869698524475
1924,634,4829,False,0.8838492035865784
1925,635,7145,True,0.8724378347396851
1926,635,5793,False,0.8427571058273315
1927,635,1854,False,0.8332746624946594
1928,636,9151,True,0.9453731775283812
1929,636,8689,False,0.871081531047821
1930,636,7158,False,0.9272504448890686
1931,637,15920,False,0.910915732383728
1932,637,15919,False,0.9017173051834106
1933,637,3955,True,0.915344774723053
1934,638,20333,False,0.8192793130874634
1935,638,19221,False,0.8315707445144653
1936,638,4329,False,0.802826464176178
1937,639,12389,False,0.9135059714317322
1938,639,10128,True,0.9243426322937012
1939,639,7371,False,0.9135606288909912
1940,640,18863,False,0.8271872997283936
1941,640,17577,False,0.7691394090652466
1942,640,6286,False,0.8556525111198425
1943,641,15844,False,0.8738514184951782
1944,641,15119,False,0.882473349571228
1945,641,9161,False,0.8621619343757629
1946,642,22021,True,0.6913883686065674
1947,642,18899,False,0.0
1948,642,5279,False,0.0
1949,643,9502,False,0.6928918361663818
1950,643,7480,False,0.6514003276824951
1951,643,270,False,0.7020010948181152
1952,644,12588,False,0.8022826910018921
1953,644,12347,False,0.857458233833313
1954,644,9987,True,0.9135479927062988
1955,645,18666,False,0.7473684549331665
1956,645,6985,False,0.727294921875
1957,645,6760,True,0.7859159708023071
1958,646,12879,False,0.0
1959,646,4822,False,0.7556376457214355
1960,646,1877,False,0.7402840852737427
1961,647,6401,False,0.6500567197799683
1962,647,10405,False,0.6162234544754028
1963,647,10404,False,0.6412020921707153
1964,648,14723,True,0.8768637776374817
1965,648,8812,False,0.8784506320953369
1966,648,4759,False,0.8754231333732605
1967,649,20785,False,0.7425264716148376
1968,649,16913,False,0.6236854791641235
1969,649,1427,True,0.8047080039978027
1970,650,8725,False,0.0
1971,650,6691,False,0.0
1972,650,6690,False,0.0
1973,651,18444,False,0.0
1974,651,820,False,0.0
1975,651,304,False,0.0
1976,652,7445,False,0.8619524240493774
1977,652,6708,True,0.9626399278640748
1978,652,4094,False,0.0
1979,653,16333,False,0.0
1980,653,820,False,0.0
1981,653,304,False,0.0
1982,654,14489,False,0.8803237676620483
1983,654,12592,True,0.8932636976242065
1984,654,4497,False,0.8277237415313721
1985,655,14266,True,0.8701346516609192
1986,655,12312,False,0.6982986927032471
1987,655,5293,False,0.6941283345222473
1988,656,10559,False,0.8882911205291748
1989,656,10558,True,0.8380416035652161
1990,656,2997,False,0.0
1991,657,19655,True,0.663818359375
1992,657,8422,False,0.7155265808105469
1993,657,5380,False,0.7740582227706909
1994,658,21942,True,0.9282259941101074
1995,658,12878,False,0.7945904731750488
1996,658,10831,False,0.8739904165267944
1997,659,19083,False,0.4563653171062469
1998,659,15620,False,0.6187171936035156
1999,659,11303,False,0.5093119144439697
2000,660,19485,False,0.790340781211853
2001,660,12386,False,0.7794647812843323
2002,660,4867,False,0.751985490322113
2003,661,21639,False,0.8726481199264526
2004,661,8607,False,0.8860557079315186
2005,661,7976,True,0.9120519161224364
2006,662,20260,False,0.7478655576705933
2007,662,17258,False,0.8890409469604492
2008,662,17223,True,0.8964304327964783
2009,663,11137,False,0.664546549320221
2010,663,9145,False,0.8423115015029907
2011,663,7135,True,0.9794250726699828
2012,664,16177,False,0.7231056094169617
2013,664,11618,True,0.6827229261398315
2014,664,5378,False,0.8007141351699829
2015,665,14691,False,0.8068982362747192
2016,665,12785,False,0.8543935418128967
2017,665,2821,True,0.8485844731330872
2018,666,14433,False,0.8400736451148987
2019,666,12514,True,0.8160640597343445
2020,666,2526,False,0.7851399183273315
2021,667,7079,True,0.8986779451370239
2022,667,6298,False,0.8973383903503418
2023,667,3198,False,0.7489326000213623
2024,668,13662,False,0.0
2025,668,6397,False,0.0
2026,668,4151,False,0.0
2027,669,12490,True,0.8046637773513794
2028,669,8507,False,0.7616957426071167
2029,669,4415,False,0.7653838396072388
2030,670,15515,False,0.8171126842498779
2031,670,10527,False,0.8492369055747986
2032,670,8591,True,0.8302280902862549
2033,671,18863,False,0.8398456573486328
2034,671,16444,True,0.8599849939346313
2035,671,6286,False,0.839531660079956
2036,672,14820,False,0.9542130827903748
2037,672,4855,True,0.9668548703193665
2038,672,951,False,0.9050394296646118
2039,673,19234,False,0.7570251226425171
2040,673,15182,False,0.8648741841316223
2041,673,6425,False,0.7690036296844482
2042,674,12277,False,0.0
2043,674,8185,False,0.0
2044,674,408,False,0.0
2045,675,18212,True,0.5615955591201782
2046,675,17536,False,0.0
2047,675,4663,False,0.5532666444778442
2048,676,20217,False,0.0
2049,676,18581,False,0.6478849053382874
2050,676,17635,True,0.6755677461624146
2051,676,16455,False,0.615913987159729
2052,677,17839,False,0.8665758967399597
2053,677,5837,False,0.6982766389846802
2054,677,990,False,0.6932159662246704
2055,678,20733,False,0.8581711053848267
2056,678,8962,True,0.838620662689209
2057,678,2999,False,0.815889835357666
2058,679,13325,False,0.7350065112113953
2059,679,5955,False,0.7122542262077332
2060,679,5339,False,0.6849921941757202
2061,680,19224,False,0.5734795928001404
2062,680,843,True,0.7668531537055969
2063,680,123,False,0.6071094274520874
2064,681,21112,False,0.7357293367385864
2065,681,20251,True,0.9838588237762452
2066,681,4619,False,0.9289530515670776
2067,682,19135,False,0.0
2068,682,19134,False,0.0
2069,682,18848,False,0.0
2070,682,1822,False,0.0
2071,683,10207,False,0.8334870338439941
2072,683,1855,False,0.7724527716636658
2073,683,1850,True,0.8038339018821716
2074,684,17573,True,0.94840407371521
2075,684,17572,False,0.941663146018982
2076,684,17143,False,0.7884489297866821
2077,685,10108,False,0.826111912727356
2078,685,7458,False,0.864248514175415
2079,685,3403,False,0.7979637384414673
2080,686,18994,False,0.7041497826576233
2081,686,18811,False,0.7795171737670898
2082,686,14146,False,0.7106938362121582
2083,687,20212,False,0.8944849371910095
2084,687,5427,True,0.9183996319770812
2085,687,5421,False,0.8843600749969482
2086,688,8839,False,0.8462483286857605
2087,688,4783,True,0.903850793838501
2088,688,2872,False,0.8089841604232788
2089,689,19334,False,0.0
2090,689,6691,False,0.0
2091,689,6690,False,0.0
2092,690,12896,True,0.8440574407577515
2093,690,10843,False,0.6926184892654419
2094,690,932,False,0.0
2095,691,17947,False,0.8272042274475098
2096,691,17289,True,0.8415217399597168
2097,691,4426,False,0.8403367400169373
2098,692,18704,True,0.7776484489440918
2099,692,10885,False,0.7118992209434509
2100,692,10826,False,0.0
2101,693,6629,True,0.8151248693466187
2102,693,2611,False,0.800093948841095
2103,693,104,False,0.780704915523529
2104,694,20006,True,0.9048315286636353
2105,694,3224,False,0.7872682213783264
2106,694,2043,False,0.8622785806655884
2107,695,14463,False,0.6172919869422913
2108,695,12569,True,0.9755855202674866
2109,695,9472,False,0.7306888103485107
2110,696,18044,False,0.7302239537239075
2111,696,16745,True,0.7575179934501648
2112,696,11691,False,0.7391834259033203
2113,697,17897,False,0.8235002756118774
2114,697,17562,False,0.762053370475769
2115,697,7737,True,0.8004540205001831
2116,698,18248,False,0.8886867761611938
2117,698,17621,False,0.8879494667053223
2118,698,17286,True,0.9093976020812988
2119,699,14265,True,0.9264963269233704
2120,699,4283,False,0.9250037670135498
2121,699,3856,False,0.8759058117866516
2122,700,21811,False,0.9341397881507874
2123,700,2818,False,0.8934820890426636
2124,700,286,False,0.9342899918556212
2125,701,18601,True,0.7303138375282288
2126,701,14644,False,0.8538639545440674
2127,701,2754,False,0.8656042218208313
2128,702,21933,False,0.88251793384552
2129,702,14949,False,0.8640004396438599
2130,702,11013,True,0.8868926763534546
2131,703,18759,True,0.857062578201294
2132,703,17210,False,0.8512284159660339
2133,703,3907,False,0.8549859523773193
2134,704,18804,False,0.0
2135,704,18206,True,0.835567831993103
2136,704,5774,False,0.0
2137,705,16537,False,0.737680196762085
2138,705,16536,False,0.7828241586685181
2139,705,14798,False,0.9025912284851074
2140,706,14765,False,0.8894364237785339
2141,706,10806,False,0.8787422180175781
2142,706,8850,True,0.7966755032539368
2143,707,11829,True,0.7188873887062073
2144,707,11613,False,0.0
2145,707,2576,False,0.0
2146,708,13094,False,0.8559087514877319
2147,708,3128,True,0.890387773513794
2148,708,1101,False,0.8642857074737549
2149,709,20455,False,0.8315794467926025
2150,709,1395,False,0.845099687576294
2151,709,1096,True,0.9063236713409424
2152,710,10867,False,0.8051732182502747
2153,710,2945,True,0.8066570162773132
2154,710,951,False,0.7847652435302734
2155,711,7671,False,0.6877890825271606
2156,711,5659,True,0.7579444646835327
2157,711,1150,False,0.7448381781578064
2158,712,5427,False,0.0
2159,712,5421,False,0.0
2160,712,171,False,0.0
2161,713,18892,False,0.7362319231033325
2162,713,17551,True,0.782920777797699
2163,713,12277,False,0.0
2164,714,20770,False,0.8068665266036987
2165,714,16478,True,0.8770604133605957
2166,714,15428,False,0.5936552882194519
2167,715,11900,False,0.7714743614196777
2168,715,7850,True,0.8414201736450195
2169,715,995,False,0.6699283123016357
2170,716,5898,False,0.6627177596092224
2171,716,4295,False,0.834024965763092
2172,716,414,False,0.8076237440109253
2173,717,20296,False,0.0
2174,717,20106,True,0.9463457465171814
2175,717,9132,False,0.0
2176,718,14599,False,0.7289541959762573
2177,718,10643,False,0.7363351583480835
2178,718,8678,False,0.0
2179,719,10404,False,0.7402091026306152
2180,719,9056,False,0.8888733983039856
2181,719,6401,False,0.7265609502792358
2182,720,19371,False,0.9321271181106568
2183,720,13398,True,0.9785696864128112
2184,720,1451,False,0.9406379461288452
2185,721,10189,True,0.8052401542663574
2186,721,5706,False,0.6642115116119385
2187,721,4164,False,0.6565696001052856
2188,722,12995,True,0.9876925349235536
2189,722,6459,False,0.8669471740722656
2190,722,3097,False,0.9245729446411132
2191,723,9675,True,0.8956446647644043
2192,723,1689,False,0.8608141541481018
2193,723,1687,False,0.8094205856323242
2194,724,21748,False,0.5235285758972168
2195,724,12452,False,0.6565613150596619
2196,724,10369,False,0.7488843202590942
2197,725,16800,True,0.8894801139831543
2198,725,16279,False,0.8383846282958984
2199,725,16277,False,0.8645803928375244
2200,726,19703,True,0.7725608348846436
2201,726,10508,False,0.8485010266304016
2202,726,4460,False,0.7566409111022949
2203,727,6691,False,0.6917678117752075
2204,727,6690,False,0.0
2205,727,19334,False,0.7297586798667908
2206,728,11631,False,0.81676185131073
2207,728,10175,False,0.7657266855239868
2208,728,10173,True,0.762138843536377
2209,729,17886,False,0.0
2210,729,16962,False,0.0
2211,729,12521,False,0.0
2212,730,18165,False,0.0
2213,730,16333,False,0.0
2214,730,820,False,0.0
2215,731,12222,False,0.0
2216,731,7686,False,0.0
2217,731,5666,False,0.0
2218,732,17567,False,0.8141192197799683
2219,732,16393,False,0.8653619885444641
2220,732,7755,True,0.8831489086151123
2221,733,7674,False,0.0
2222,733,7653,False,0.0
2223,733,1133,False,0.0
2224,734,5991,True,0.8039554357528687
2225,734,2035,False,0.8088287115097046
2226,734,1904,False,0.6682937145233154
2227,735,19485,False,0.7908951640129089
2228,735,12386,False,0.7823337316513062
2229,735,4867,False,0.7487913370132446
2230,736,17761,True,0.7354859113693237
2231,736,16922,False,0.7310276031494141
2232,736,16258,False,0.7195007801055908
2233,737,21423,False,0.8196645975112915
2234,737,6759,True,0.8711501955986023
2235,737,4752,False,0.8394954204559326
2236,738,18411,False,0.7239356637001038
2237,738,18301,False,0.6937702298164368
2238,738,18197,True,0.8797924518585205
2239,739,18034,False,0.4856093227863312
2240,739,16500,False,0.480107843875885
2241,739,11687,True,0.7393927574157715
2242,740,18012,False,0.7836599946022034
2243,740,17812,True,0.8622959852218628
2244,740,17808,True,0.9238400459289552
2245,740,16777,False,0.78753662109375
2246,741,21618,False,0.8105643391609192
2247,741,11537,True,0.8534542322158813
2248,741,5512,False,0.819115400314331
2249,742,8235,True,0.9793161153793336
2250,742,4711,False,0.8993352651596069
2251,742,4209,False,0.866456151008606
2252,743,21243,False,0.7796722650527954
2253,743,16512,True,0.7996257543563843
2254,743,4620,False,0.5577502846717834
2255,744,18269,True,0.8692735433578491
2256,744,16162,False,0.8436052799224854
2257,744,15530,False,0.7584159970283508
2258,745,11811,False,0.9325578212738036
2259,745,11810,True,0.9361205101013184
2260,745,7077,False,0.9016872644424438
2261,746,17567,False,0.6511679887771606
2262,746,16180,True,0.7574189901351929
2263,746,13225,False,0.7503259181976318
2264,747,21540,False,0.4505017101764679
2265,747,19327,False,0.0
2266,747,13170,False,0.8115032911300659
2267,748,20503,False,0.7940423488616943
2268,748,5315,False,0.8277816772460938
2269,748,3361,False,0.8338738679885864
2270,749,19296,False,0.0
2271,749,15430,True,0.8496540784835815
2272,749,9276,False,0.5779746770858765
2273,750,21509,False,0.6798937320709229
2274,750,10530,True,0.8957022428512573
2275,750,5197,False,0.6877064108848572
2276,751,18994,False,0.7303250432014465
2277,751,14146,False,0.7124789357185364
2278,751,3527,True,0.9100260734558104
2279,752,7480,False,0.0
2280,752,7075,False,0.8768162727355957
2281,752,390,False,0.6083295345306396
2282,753,21594,False,0.7515189051628113
2283,753,2146,False,0.7073744535446167
2284,753,1595,False,0.7138252854347229
2285,754,13478,False,0.8146528005599976
2286,754,11496,False,0.8277087211608887
2287,754,5474,False,0.819016695022583
2288,755,17464,False,0.8017274141311646
2289,755,15790,True,0.7400678396224976
2290,755,11851,True,0.797360360622406
2291,756,12557,False,0.6010592579841614
2292,756,11936,False,0.6905626058578491
2293,756,594,False,0.0
2294,757,6330,False,0.7777238488197327
2295,757,2409,False,0.7600870728492737
2296,757,2407,False,0.7973153591156006
2297,758,16149,False,0.6709023714065552
2298,758,6168,True,0.6737627983093262
2299,758,4192,False,0.6202189922332764
2300,759,8381,False,0.8606467247009277
2301,759,4311,True,0.868382453918457
2302,759,2384,False,0.8587750196456909
2303,760,5419,False,0.7964641451835632
2304,760,3466,False,0.8391668200492859
2305,760,1477,False,0.8163110017776489
2306,761,21777,False,0.8073567748069763
2307,761,19402,False,0.6609626412391663
2308,761,11704,False,0.648669421672821
2309,762,19334,False,0.6974850296974182
2310,762,9288,False,0.7302880883216858
2311,762,768,False,0.744914174079895
2312,763,9712,False,0.0
2313,763,6691,False,0.0
2314,763,6690,False,0.0
2315,764,14784,False,0.730933427810669
2316,764,2896,False,0.6247252225875854
2317,764,905,False,0.6091967821121216
2318,765,15415,True,0.9542806148529052
2319,765,7441,False,0.8920235633850098
2320,765,5410,False,0.849088191986084
2321,766,16149,True,0.738492488861084
2322,766,4192,False,0.6428874135017395
2323,766,2781,True,0.7250312566757202
2324,767,21413,False,0.7049440145492554
2325,767,20284,True,0.886547327041626
2326,767,10286,True,0.8154102563858032
2327,768,10397,True,0.851600706577301
2328,768,6360,False,0.8481653332710266
2329,768,4093,False,0.7023261189460754
2330,769,12403,False,0.8769092559814453
2331,769,10398,False,0.8855571746826172
2332,769,6362,True,0.901197910308838
2333,770,20524,True,0.9060800075531006
2334,770,11223,True,0.8583649396896362
2335,770,1111,False,0.8833997249603271
2336,771,15481,False,0.8267406821250916
2337,771,9555,False,0.8006959557533264
2338,771,5517,True,0.8740233778953552
2339,772,20989,False,0.7491932511329651
2340,772,19557,True,0.7556206583976746
2341,772,18440,False,0.8599446415901184
2342,773,21288,False,0.7150803208351135
2343,773,15599,False,0.0
2344,773,4320,False,0.699390709400177
2345,774,14884,False,0.8039978742599487
2346,774,14883,False,0.7949039936065674
2347,774,6952,False,0.8242554664611816
2348,775,8422,False,0.72271329164505
2349,775,6351,True,0.7809686660766602
2350,775,5380,False,0.756238579750061
2351,776,16196,False,0.8725883960723877
2352,776,13713,False,0.8138684034347534
2353,776,6506,True,0.815307080745697
2354,777,13261,False,0.6115221977233887
2355,777,2035,False,0.685848593711853
2356,777,1904,False,0.0
2357,778,20035,False,0.6810697913169861
2358,778,16388,False,0.6015165448188782
2359,778,11980,False,0.7154144048690796
2360,779,12574,False,0.6343439817428589
2361,779,7868,False,0.0
2362,779,2462,False,0.5937017202377319
2363,780,15077,False,0.6702272891998291
2364,780,14278,True,0.7900164127349854
2365,780,1159,False,0.6474486589431763
2366,781,17483,False,0.8327394127845764
2367,781,16861,True,0.8500785231590271
2368,781,289,False,0.7391074299812317
2369,782,21987,False,0.7483435869216919
2370,782,17588,False,0.7168346643447876
2371,782,5390,True,0.8074127435684204
2372,783,21374,False,0.5902385711669922
2373,783,13698,False,0.7443020939826965
2374,783,3966,False,0.5386067628860474
2375,784,21196,False,0.9030118584632874
2376,784,12733,True,0.9736737608909608
2377,784,12212,False,0.6694068908691406
2378,785,14802,False,0.5503087639808655
2379,785,11364,False,0.0
2380,785,10845,True,0.7601786255836487
2381,786,14691,False,0.8255646228790283
2382,786,12785,False,0.8640588521957397
2383,786,9288,False,0.8722561597824097
2384,787,21933,True,0.9140979647636414
2385,787,14949,False,0.880190372467041
2386,787,11013,False,0.9103686809539796
2387,788,18156,True,0.8997128009796143
2388,788,14901,False,0.8413612842559814
2389,788,10944,False,0.7386784553527832
2390,789,9815,False,0.8683584928512573
2391,789,9018,False,0.9079413414001464
2392,789,4979,False,0.8522453904151917
2393,790,19691,True,0.780815601348877
2394,790,13777,False,0.8571344614028931
2395,790,1904,False,0.6036518812179565
2396,791,16614,False,0.0
2397,791,14352,False,0.0
2398,791,7895,False,0.0
2399,792,14765,True,0.8887985348701477
2400,792,10806,True,0.8872994780540466
2401,792,8850,False,0.8202059864997864
2402,793,12464,False,0.8523765802383423
2403,793,10077,True,0.9265323877334596
2404,793,6032,False,0.8887181282043457
2405,794,21380,False,0.9234578609466552
2406,794,15688,True,0.9340394139289856
2407,794,15687,False,0.9127047657966614
2408,795,21497,False,0.6043200492858887
2409,795,17056,True,0.8159568309783936
2410,795,3969,False,0.7252189517021179
2411,796,20625,True,0.895347535610199
2412,796,12388,False,0.6675995588302612
2413,796,10384,False,0.0
2414,796,2415,False,0.6760082244873047
2415,797,13808,False,0.6469845175743103
2416,797,12342,False,0.6941006183624268
2417,797,6508,True,0.663351833820343
2418,798,6373,True,0.8688767552375793
2419,798,4237,False,0.7940841913223267
2420,798,357,False,0.7885241508483887
2421,799,18833,False,0.7607197761535645
2422,799,14010,False,0.6354888677597046
2423,799,1436,False,0.8288425207138062
2424,800,12465,False,0.7768304347991943
2425,800,12960,False,0.7313506603240967
2426,800,12959,False,0.7549476623535156
2427,801,13029,True,0.8736257553100586
2428,801,8931,False,0.8390600681304932
2429,801,1053,False,0.8727484941482544
2430,802,21560,False,0.8061184883117676
2431,802,20115,True,0.8622088432312012
2432,802,10680,False,0.7812577486038208
2433,803,14077,False,0.0
2434,803,5559,False,0.0
2435,803,4121,True,0.8661223649978638
2436,804,8290,False,0.6887761354446411
2437,804,6241,True,0.738506555557251
2438,804,369,False,0.0
2439,805,14294,False,0.8478204011917114
2440,805,8378,True,0.8635066151618958
2441,805,8377,False,0.8258194923400879
2442,806,21393,False,0.0
2443,806,15090,False,0.0
2444,806,5375,False,0.7117317914962769
2445,807,14673,False,0.8680432438850403
2446,807,10731,True,0.8244684934616089
2447,807,1054,False,0.9020075798034668
2448,808,14557,False,0.7975364327430725
2449,808,14556,False,0.744097113609314
2450,808,12633,False,0.8055446147918701
2451,808,665,False,0.630135178565979
2452,809,10290,False,0.8131943941116333
2453,809,8305,False,0.8344118595123291
2454,809,3960,True,0.8355399370193481
2455,810,11428,False,0.8603113889694214
2456,810,1480,False,0.9172818064689636
2457,810,1476,True,0.947944164276123
2458,811,19486,False,0.7473788261413574
2459,811,18927,True,0.7956387996673584
2460,811,453,False,0.7288551926612854
2461,812,12030,True,0.9246814250946044
2462,812,5995,False,0.8946954011917114
2463,812,4005,False,0.917054295539856
2464,813,19334,False,0.6969569325447083
2465,813,16333,False,0.0
2466,813,9064,False,0.0
2467,814,17184,True,0.8786001801490784
2468,814,16320,False,0.8646331429481506
2469,814,16316,False,0.9407301545143129
2470,815,17886,False,0.0
2471,815,16962,False,0.0
2472,815,14444,False,0.0
2473,816,22045,False,0.8149909377098083
2474,816,12327,False,0.8113523721694946
2475,816,11998,True,0.82952481508255
2476,817,21288,False,0.7405853271484375
2477,817,18440,False,0.8058984875679016
2478,817,4320,False,0.6610437631607056
2479,818,14845,False,0.8380107879638672
2480,818,2982,False,0.9095690846443176
2481,818,979,True,0.8791055083274841
2482,819,10176,False,0.8541811108589172
2483,819,10133,False,0.7155833840370178
2484,819,7729,False,0.6759114265441895
2485,820,7803,False,0.8024719953536987
2486,820,7079,False,0.9147616624832152
2487,820,6298,True,0.923670768737793
2488,821,20068,True,0.8706166744232178
2489,821,10528,False,0.856448233127594
2490,821,2571,False,0.8608863949775696
2491,822,21566,False,0.9286884069442748
2492,822,18443,False,0.9469844102859496
2493,822,2818,True,0.934945583343506
2494,823,18601,True,0.7992714643478394
2495,823,10489,False,0.8515307903289795
2496,823,8788,False,0.7810282707214355
2497,824,6477,False,0.7617822885513306
2498,824,6476,False,0.799457311630249
2499,824,4432,False,0.7883681058883667
2500,825,9789,False,0.0
2501,825,8805,False,0.5698837041854858
2502,825,5880,False,0.0
2503,826,9254,False,0.0
2504,826,5079,False,0.0
2505,826,4954,False,0.0
2506,827,5798,False,0.0
2507,827,5070,False,0.7162599563598633
2508,827,4123,False,0.7732391953468323
2509,828,10887,True,0.9529221653938292
2510,828,4885,False,0.9446876049041748
2511,828,2976,False,0.9725415110588074
2512,829,13530,False,0.6429068446159363
2513,829,8897,True,0.7360687255859375
2514,829,938,False,0.5536692142486572
2515,830,21361,False,0.6419918537139893
2516,830,17243,False,0.6608205437660217
2517,830,16503,False,0.6731778383255005
2518,831,5439,False,0.6047673225402832
2519,831,960,False,0.6183832883834839
2520,831,657,False,0.0
2521,832,19556,False,0.7931275367736816
2522,832,14586,False,0.8139392733573914
2523,832,4597,True,0.8405585289001465
2524,833,22021,False,0.8415853381156921
2525,833,21629,False,0.0
2526,833,18899,True,0.6679509878158569
2527,834,9822,False,0.6376315355300903
2528,834,1956,False,0.0
2529,834,536,False,0.580822229385376
2530,835,8304,False,0.623441219329834
2531,835,3609,False,0.5851946473121643
2532,835,43,True,0.7469195127487183
2533,836,21563,False,0.9123445749282836
2534,836,8739,True,0.9609864354133606
2535,836,8737,False,0.7973529696464539
2536,837,21406,False,0.6990170478820801
2537,837,17840,True,0.7687125205993652
2538,837,16610,False,0.801639199256897
2539,838,8687,False,0.6998074054718018
2540,838,6639,False,0.7651485800743103
2541,838,715,True,0.7675237655639648
2542,839,5012,False,0.7650151252746582
2543,839,8931,False,0.8983014822006226
2544,839,3103,False,0.7159284353256226
2545,840,21862,False,0.7738759517669678
2546,840,21161,False,0.8162178993225098
2547,840,16063,False,0.8245823383331299
2548,841,9519,False,0.7034947276115417
2549,841,7503,True,0.8371765613555908
2550,841,2134,False,0.6576045155525208
2551,842,19334,False,0.7144240736961365
2552,842,18444,False,0.0
2553,842,9064,False,0.0
2554,843,10385,False,0.6829728484153748
2555,843,9425,False,0.6870301365852356
2556,843,2048,False,0.6880905032157898
2557,844,12222,False,0.0
2558,844,7686,False,0.0
2559,844,5666,False,0.0
2560,844,3691,False,0.0
2561,845,9497,False,0.7108802795410156
2562,845,6634,False,0.6235400438308716
2563,845,5529,False,0.8293606042861938
2564,846,10397,False,0.8451938033103943
2565,846,6360,True,0.8475522994995117
2566,846,4093,False,0.6952115297317505
2567,847,20989,False,0.6193497776985168
2568,847,18014,False,0.0
2569,847,4765,False,0.0
2570,848,19704,False,0.0
2571,848,3153,False,0.8437221050262451
2572,848,602,True,0.9254544973373412
2573,849,17657,True,0.7271939516067505
2574,849,17122,False,0.5886978507041931
2575,849,3918,False,0.7180453538894653
2576,850,18517,False,0.0
2577,850,8443,True,0.8346573114395142
2578,850,484,True,0.8770931959152222
2579,851,18129,True,0.8559154272079468
2580,851,14245,False,0.8122144341468811
2581,851,12312,True,0.8830918073654175
2582,852,21811,False,0.9762399792671204
2583,852,14680,True,0.9766830205917358
2584,852,12781,False,0.9705361127853394
2585,853,7686,False,0.8106627464294434
2586,853,2825,True,0.8242177367210388
2587,853,768,False,0.8167892694473267
2588,854,14358,False,0.6590089797973633
2589,854,8929,False,0.6938610672950745
2590,854,8445,False,0.6529674530029297
2591,855,12122,False,0.8220655918121338
2592,855,11142,False,0.7990496754646301
2593,855,7163,True,0.8996216058731079
2594,856,17184,False,0.9313604831695556
2595,856,16320,True,0.9616504907608032
2596,856,16318,False,0.9334331750869752
2597,857,15327,False,0.8391302227973938
2598,857,7347,True,0.8940459489822388
2599,857,1368,False,0.7646869421005249
2600,858,12660,False,0.7366398572921753
2601,858,12655,False,0.8427383899688721
2602,858,2681,False,0.7357810735702515
2603,859,20427,False,0.0
2604,859,18155,False,0.0
2605,859,16601,False,0.0
2606,860,15641,False,0.7252233028411865
2607,860,5673,False,0.7312923669815063
2608,860,2258,False,0.6383414268493652
2609,861,21405,False,0.6596718430519104
2610,861,15854,False,0.661803126335144
2611,861,11942,True,0.7276365756988525
2612,862,21118,False,0.8492273092269897
2613,862,5782,False,0.8111156225204468
2614,862,1845,True,0.7776914238929749
2615,863,12098,False,0.7264618277549744
2616,863,6464,True,0.8190243244171143
2617,863,6340,False,0.7362089157104492
2618,864,11894,False,0.8544522523880005
2619,864,7113,False,0.8343900442123413
2620,864,5880,True,0.8808423280715942
2621,865,9062,False,0.7291502952575684
2622,865,6134,False,0.6533752679824829
2623,865,1080,True,0.7711290717124939
2624,866,5865,False,0.6915402412414551
2625,866,1431,False,0.856426477432251
2626,866,497,False,0.7867492437362671
2627,867,12366,False,0.7575132846832275
2628,867,7997,False,0.0
2629,867,5339,True,0.7780576944351196
2630,868,11954,False,0.0
2631,868,6710,False,0.6687089204788208
2632,868,6709,False,0.7405726909637451
2633,869,10114,True,0.8926265239715576
2634,869,6068,False,0.8355128765106201
2635,869,2102,False,0.8686087131500244
2636,870,6401,False,0.6005552411079407
2637,870,20679,False,0.7253290414810181
2638,870,1218,False,0.6299120187759399
2639,871,20288,True,0.8898756504058838
2640,871,15997,False,0.7245407104492188
2641,871,8015,False,0.7328066825866699
2642,872,21602,False,0.8532756567001343
2643,872,19909,False,0.6677290201187134
2644,872,15268,True,0.9434103965759276
2645,873,19452,False,0.7318892478942871
2646,873,9388,False,0.5867156982421875
2647,873,5577,False,0.5538425445556641
2648,874,19662,False,0.8260147571563721
2649,874,18827,False,0.8357288837432861
2650,874,5644,True,0.9158556461334229
2651,875,13933,True,0.8962811231613159
2652,875,4226,False,0.8187389373779297
2653,875,3948,False,0.86698979139328
2654,876,21363,False,0.8398706912994385
2655,876,7475,False,0.8352625370025635
2656,876,7472,False,0.8231632709503174
2657,877,9960,True,0.8255015015602112
2658,877,6443,False,0.7069061398506165
2659,877,538,False,0.7030009627342224
2660,878,9557,False,0.8761744499206543
2661,878,2471,False,0.7441307306289673
2662,878,998,False,0.7846947908401489
2663,879,15661,False,0.7664387226104736
2664,879,3710,False,0.7593725919723511
2665,879,1749,True,0.7840200066566467
2666,880,13969,False,0.7164995074272156
2667,880,5986,True,0.7713755965232849
2668,880,3982,False,0.6806148886680603
2669,881,14271,False,0.0
2670,881,11852,False,0.7557812333106995
2671,881,10698,False,0.7511211633682251
2672,882,13082,False,0.7358840703964233
2673,882,5043,False,0.7439419627189636
2674,882,1087,False,0.716828465461731
2675,883,6200,False,0.9305542707443236
2676,883,4947,False,0.8969570994377136
2677,883,3063,False,0.889922022819519
2678,884,17167,True,0.8662252426147461
2679,884,16489,False,0.8958941698074341
2680,884,642,False,0.8655077219009399
2681,885,20623,False,0.7350752949714661
2682,885,17066,True,0.8478678464889526
2683,885,10037,False,0.7344646453857422
2684,886,21933,False,0.0
2685,886,14949,False,0.0
2686,886,11013,False,0.0
2687,887,19779,False,0.7801104784011841
2688,887,17381,True,0.7749858498573303
2689,887,16909,True,0.8515623807907104
2690,888,11440,False,0.7129929661750793
2691,888,3470,True,0.7668222784996033
2692,888,1477,False,0.6518702507019043
2693,889,8763,True,0.8071187734603882
2694,889,2790,False,0.7989562749862671
2695,889,14169,False,0.7293864488601685
2696,890,20491,False,0.5795500874519348
2697,890,19075,False,0.6258662939071655
2698,890,1706,False,0.8186281323432922
2699,891,3545,True,0.8557382822036743
2700,891,2166,False,0.6448131203651428
2701,891,1646,False,0.6561210751533508
2702,892,21096,True,0.8721625804901123
2703,892,15630,False,0.6339329481124878
2704,892,1716,False,0.5633921027183533
2705,893,11620,True,0.8783018589019775
2706,893,11610,False,0.8605334162712097
2707,893,7594,False,0.8676576614379883
2708,894,21393,False,0.7422627210617065
2709,894,4105,True,0.6340903043746948
2710,894,2202,True,0.6760400533676147
2711,895,12463,False,0.927791953086853
2712,895,8480,False,0.8936244249343872
2713,895,2492,True,0.9353805780410768
2714,896,15545,True,0.903584122657776
2715,896,7304,False,0.5554817914962769
2716,896,5243,False,0.5784145593643188
2717,896,1632,False,0.900835394859314
2718,897,15447,False,0.7499439716339111
2719,897,9515,False,0.7920163869857788
2720,897,1520,False,0.821131706237793
2721,898,15335,True,0.9775378704071044
2722,898,11343,False,0.9199267625808716
2723,898,9385,False,0.8322591781616211
2724,899,15261,False,0.7025630474090576
2725,899,14710,False,0.6741821765899658
2726,899,13243,False,0.7566769123077393
2727,900,20993,False,0.7745146751403809
2728,900,14887,False,0.9128150939941406
2729,900,8970,True,0.9555532932281494
2730,901,21814,False,0.6791561245918274
2731,901,8816,False,0.6400504112243652
2732,901,6777,False,0.6269349455833435
2733,902,18997,False,0.6756068468093872
2734,902,18250,False,0.8166272640228271
2735,902,6661,True,0.8576211929321289
2736,903,16989,True,0.9701066613197328
2737,903,7569,False,0.6166809797286987
2738,903,1604,False,0.8839184045791626
2739,904,15843,False,0.9176229238510132
2740,904,9945,False,0.9157314300537108
2741,904,3885,False,0.920401692390442
2742,905,21575,False,0.729962170124054
2743,905,20778,False,0.7549333572387695
2744,905,19636,True,0.9706357717514038
2745,906,11429,True,0.7137410640716553
2746,906,3469,False,0.8589779138565063
2747,906,3463,False,0.7431640028953552
2748,907,13994,True,0.8849138021469116
2749,907,11799,False,0.6905656456947327
2750,907,1831,False,0.7131844758987427
2751,908,13023,True,0.9724958539009094
2752,908,9015,False,0.9226562976837158
2753,908,3047,False,0.9300313591957092
2754,909,19227,True,0.8766562938690186
2755,909,15128,False,0.9234844446182252
2756,909,4349,True,0.8844671845436096
2757,910,13405,True,0.8024848699569702
2758,910,2485,False,0.6587178111076355
2759,910,922,False,0.596717357635498
2760,911,19024,False,0.8380014300346375
2761,911,10856,True,0.863231897354126
2762,911,2923,False,0.7850242853164673
2763,912,21109,False,0.8752447366714478
2764,912,15063,False,0.8442569971084595
2765,912,2211,False,0.8586186170578003
2766,913,13518,True,0.7305337190628052
2767,913,2897,False,0.0
2768,913,907,False,0.5663931369781494
2769,914,19560,False,0.0
2770,914,8725,False,0.0
2771,914,6691,False,0.0
2772,914,6690,False,0.7536777257919312
2773,915,18622,False,0.8036779165267944
2774,915,12267,False,0.7726789116859436
2775,915,363,False,0.779121458530426
2776,916,8910,True,0.9625383019447328
2777,916,8646,False,0.5993565917015076
2778,916,960,False,0.815274178981781
2779,917,17317,True,0.9336271286010742
2780,917,17038,False,0.6839953064918518
2781,917,16731,False,0.6421921253204346
2782,918,14122,False,0.7066127061843872
2783,918,8099,False,0.6757627725601196
2784,918,2103,False,0.6781254410743713
2785,919,18650,False,0.8150588274002075
2786,919,17371,True,0.8658742904663086
2787,919,6898,False,0.6636291742324829
2788,920,13235,False,0.0
2789,920,3250,False,0.0
2790,920,3246,True,0.984771966934204
2791,921,21915,False,0.9004727005958557
2792,921,20935,True,0.934336245059967
2793,921,20638,False,0.9062285423278807
2794,922,13506,True,0.9454309940338136
2795,922,5515,False,0.9189940690994264
2796,922,1561,False,0.8498440980911255
2797,923,16729,False,0.7123339772224426
2798,923,16093,False,0.7451298236846924
2799,923,11668,True,0.7630058526992798
2800,924,10244,False,0.9247103333473206
2801,924,2316,False,0.9371873140335084
2802,924,387,True,0.9422528743743896
2803,925,21876,False,0.7452989220619202
2804,925,21757,True,0.9485653638839722
2805,925,7796,False,0.7876117825508118
2806,926,17947,False,0.7977145314216614
2807,926,8142,False,0.7769864201545715
2808,926,4426,True,0.8668041229248047
2809,927,11491,False,0.7072655558586121
2810,927,7489,False,0.801716685295105
2811,927,2667,False,0.8078823685646057
2812,928,19902,False,0.8619765043258667
2813,928,18173,False,0.8730824589729309
2814,928,17570,True,0.911648690700531
2815,929,8071,False,0.6420472860336304
2816,929,8070,False,0.6046589016914368
2817,929,6032,False,0.6177045106887817
2818,930,10968,False,0.0
2819,930,8674,False,0.6945153474807739
2820,930,190,False,0.542272686958313
2821,931,12483,False,0.8383276462554932
2822,931,6451,True,0.9307156801223756
2823,931,6450,False,0.7573590278625488
2824,932,17184,False,0.8841294050216675
2825,932,16320,False,0.8709721565246582
2826,932,16316,True,0.9512033462524414
2827,933,14112,False,0.5220439434051514
2828,933,12323,False,0.0
2829,933,11491,False,0.0
2830,934,13148,True,0.9204188585281372
2831,934,11120,False,0.8433229327201843
2832,934,7128,False,0.8261629343032837
2833,935,18856,False,0.8930661678314209
2834,935,14800,True,0.9383881092071532
2835,935,6058,False,0.892536997795105
2836,936,15985,False,0.0
2837,936,14004,True,0.7859439849853516
2838,936,11261,False,0.5309391021728516
2839,937,19775,True,0.6615486145019531
2840,937,14460,False,0.0
2841,937,8409,False,0.0
2842,938,15252,True,0.8782894015312195
2843,938,11268,False,0.7796566486358643
2844,938,9286,False,0.8428586721420288
2845,939,13584,False,0.7633556127548218
2846,939,13582,False,0.6939419507980347
2847,939,3615,True,0.8993179798126221
2848,940,21204,True,0.856387734413147
2849,940,18283,False,0.8171208500862122
2850,940,17035,False,0.7976105809211731
2851,941,15836,False,0.9398884773254396
2852,941,12221,False,0.9378827810287476
2853,941,2805,True,0.9618723392486572
2854,942,15034,False,0.7559287548065186
2855,942,13109,False,0.830083966255188
2856,942,1699,False,0.786434531211853
2857,943,11353,False,0.5559669137001038
2858,943,9149,False,0.742857813835144
2859,943,2091,False,0.7048764228820801
2860,944,14177,True,0.9658322334289552
2861,944,14176,False,0.9227238893508912
2862,944,8245,False,0.8565313816070557
2863,945,18727,False,0.8129489421844482
2864,945,3103,True,0.7683340907096863
2865,945,3051,False,0.7327157258987427
2866,946,7788,True,0.5880701541900635
2867,946,6965,False,0.0
2868,946,8,False,0.7071772217750549
2869,947,13423,True,0.8302125930786133
2870,947,9460,False,0.786788821220398
2871,947,171,False,0.7972455024719238
2872,948,15127,False,0.8030556440353394
2873,948,9163,False,0.7152891755104065
2874,948,7185,False,0.8081062436103821
2875,949,9368,False,0.7648534774780273
2876,949,7361,False,0.8253109455108643
2877,949,7346,True,0.9344952702522278
2878,950,19173,False,0.9057552814483644
2879,950,15942,True,0.9340584874153136
2880,950,2018,False,0.7849574089050293
2881,951,8725,False,0.0
2882,951,6691,False,0.0
2883,951,6690,False,0.0
2884,952,9712,False,0.0
2885,952,6691,False,0.0
2886,952,6690,False,0.0
2887,953,11509,False,0.0
2888,953,9481,False,0.7708410024642944
2889,953,1530,False,0.5920700430870056
2890,954,9677,False,0.7636995315551758
2891,954,3651,False,0.7553130388259888
2892,954,1458,False,0.7874737977981567
2893,955,21901,False,0.6911464333534241
2894,955,15374,False,0.6779029369354248
2895,955,4702,True,0.675715982913971
2896,956,12025,False,0.0
2897,956,5990,False,0.0
2898,956,4123,False,0.7286766767501831
2899,957,18111,True,0.66193687915802
2900,957,16202,False,0.6489179730415344
2901,957,10608,True,0.7252262830734253
2902,958,17452,False,0.8485011458396912
2903,958,16442,False,0.5854800939559937
2904,958,5824,False,0.6146575212478638
2905,959,8017,False,0.7907221913337708
2906,959,5974,True,0.7943582534790039
2907,959,2035,False,0.7015464901924133
2908,960,15247,False,0.8578795194625854
2909,960,13888,False,0.8263217806816101
2910,960,10473,False,0.8110452890396118
2911,961,14317,True,0.9659982919692992
2912,961,4331,False,0.8600345849990845
2913,961,2413,False,0.6592376232147217
2914,962,20166,False,0.0
2915,962,18433,False,0.5402692556381226
2916,962,15025,False,0.0
2917,963,17952,True,0.49083012342453
2918,963,16383,True,0.5106712579727173
2919,963,2606,False,0.0
2920,964,20752,False,0.0
2921,964,18881,False,0.7097705602645874
2922,964,11954,False,0.0
2923,965,14673,False,0.8629217147827148
2924,965,8775,True,0.9228641986846924
2925,965,2807,False,0.8730086088180542
2926,966,14224,True,0.8787508010864258
2927,966,10290,False,0.841866135597229
2928,966,373,False,0.7049714922904968
2929,967,17203,True,0.9050490856170654
2930,967,16598,False,0.9253026247024536
2931,967,13427,False,0.8554683327674866
2932,967,9734,False,0.8677571415901184
2933,968,19351,False,0.9301416277885436
2934,968,15235,False,0.6163499355316162
2935,968,15233,False,0.8913753628730774
2936,969,18295,False,0.752801239490509
2937,969,17347,True,0.8311909437179565
2938,969,21637,False,0.8265831470489502
2939,970,20732,True,0.8428092002868652
2940,970,14867,False,0.8270887136459351
2941,970,6930,False,0.8117357492446899
2942,971,13426,False,0.8458044528961182
2943,971,11431,True,0.8338611125946045
2944,971,1464,False,0.8708890676498413
2945,972,21901,False,0.6746829152107239
2946,972,2777,True,0.7081538438796997
2947,972,2773,False,0.5843223333358765
2948,972,622,False,0.0
2949,973,21568,True,0.9501212239265442
2950,973,19570,False,0.9178550839424132
2951,973,10767,False,0.917500138282776
2952,974,19753,False,0.836705207824707
2953,974,10336,True,0.900077760219574
2954,974,8395,False,0.8036036491394043
2955,975,13422,True,0.8867484927177429
2956,975,13414,False,0.8405652046203613
2957,975,11438,False,0.8324428796768188
2958,976,6255,False,0.0
2959,976,13379,False,0.6126095652580261
2960,976,264,False,0.6857640743255615
2961,977,2365,False,0.6887890100479126
2962,977,2363,False,0.6300495862960815
2963,977,409,True,0.8283301591873169
2964,978,17549,False,0.8299016952514648
2965,978,17238,False,0.7338380217552185
2966,978,17234,True,0.8264504671096802
2967,979,11538,False,0.8701516389846802
2968,979,9553,True,0.8741333484649658
2969,979,5512,False,0.6574581265449524
2970,980,8725,False,0.0
2971,980,6691,False,0.0
2972,980,16909,False,0.0
2973,981,9288,False,0.7377398014068604
2974,981,5666,False,0.0
2975,981,3691,False,0.0
2976,982,13423,False,0.8423832058906555
2977,982,9470,True,0.922698438167572
2978,982,5426,False,0.908379852771759
2979,983,18364,True,0.9411337375640868
2980,983,17192,False,0.6384164094924927
2981,983,16254,False,0.8608276844024658
2982,984,21866,False,0.0
2983,984,18913,False,0.0
2984,984,12206,False,0.5792706608772278
2985,985,18577,False,0.4451691508293152
2986,985,16599,True,0.6886693239212036
2987,985,10217,False,0.4415350258350372
2988,985,9978,False,0.5462952256202698
2989,986,6669,True,0.8096171617507935
2990,986,4643,False,0.6438636183738708
2991,986,4642,False,0.5463484525680542
2992,987,18130,False,0.8592751622200012
2993,987,17504,False,0.923508644104004
2994,987,2812,False,0.7678343653678894
2995,988,7032,True,0.8978657722473145
2996,988,3710,False,0.7956669330596924
2997,988,1749,False,0.8230112195014954
2998,989,21296,False,0.759462833404541
2999,989,12318,True,0.8373878598213196
3000,989,2358,False,0.834197998046875
3001,990,18425,False,0.8265666961669922
3002,990,16760,False,0.7515904903411865
3003,990,2013,False,0.827216625213623
3004,991,18129,False,0.8795266151428223
3005,991,14245,False,0.9235833287239076
3006,991,12312,True,0.9454039931297302
3007,992,10985,False,0.806005597114563
3008,992,6556,False,0.0
3009,992,4947,False,0.861931562423706
3010,993,14690,False,0.8559085130691528
3011,993,10746,True,0.7717263698577881
3012,993,4739,False,0.7738622426986694
3013,994,11272,False,0.6660740375518799
3014,994,3296,False,0.707656741142273
3015,994,1306,False,0.6980143785476685
3016,995,21289,False,0.0
3017,995,7357,True,0.7917912006378174
3018,995,1900,False,0.0
3019,996,8736,False,0.7861580848693848
3020,996,8735,False,0.8670972585678101
3021,996,2750,True,0.8731825351715088
3022,997,18938,False,0.7665904760360718
3023,997,5357,False,0.7529393434524536
3024,997,4379,True,0.8404585123062134
3025,998,16461,True,0.7837115526199341
3026,998,13255,False,0.7374798059463501
3027,998,3277,False,0.8238099217414856
3028,999,14882,False,0.5885316729545593
3029,999,4923,True,0.8211159706115723
3030,999,161,False,0.6825708150863647
3031,1000,14314,False,0.7830826044082642
3032,1000,8404,True,0.8779528737068176
3033,1000,6329,False,0.7458459734916687
3034,1001,8678,False,0.7133086919784546
3035,1001,6644,False,0.5339537858963013
3036,1001,6638,True,0.7359181046485901
3037,1002,21878,False,0.7102349400520325
3038,1002,13775,False,0.7831966876983643
3039,1002,2092,True,0.7363907694816589
3040,1003,10151,False,0.7527211308479309
3041,1003,9588,True,0.7333909273147583
3042,1003,7562,False,0.755117654800415
3043,1004,19605,False,0.6059333682060242
3044,1004,11073,False,0.5242217183113098
3045,1004,1109,False,0.0
3046,1005,21712,False,0.6100482940673828
3047,1005,18726,False,0.5259183645248413
3048,1005,8774,False,0.7756673097610474
3049,1006,22011,False,0.7796682715415955
3050,1006,4840,False,0.8313485383987427
3051,1006,2370,True,0.7763181924819946
3052,1007,19065,False,0.8886940479278564
3053,1007,11116,False,0.8015731573104858
3054,1007,7733,True,0.809853196144104
3055,1008,21189,False,0.7041027545928955
3056,1008,16169,False,0.6810398101806641
3057,1008,3400,False,0.6030998229980469
3058,1009,12644,False,0.8172757029533386
3059,1009,10601,False,0.7908364534378052
3060,1009,780,True,0.9601024389266968
3061,1010,21033,False,0.7398859262466431
3062,1010,15003,True,0.9417442679405212
3063,1010,5034,False,0.7895144820213318
3064,1011,13413,True,0.9560611844062804
3065,1011,5410,False,0.6311202049255371
3066,1011,3461,False,0.8246687650680542
3067,1012,13717,True,0.7233465313911438
3068,1012,11757,False,0.7199355363845825
3069,1012,5724,False,0.7008135914802551
3070,1013,14082,False,0.0
3071,1013,4755,False,0.0
3072,1013,3816,False,0.0
3073,1014,13064,False,0.9268566370010376
3074,1014,7028,True,0.9504951238632202
3075,1014,1079,False,0.8546375036239624
3076,1015,17653,True,0.75725257396698
3077,1015,10877,False,0.0
3078,1015,4881,False,0.0
3079,1016,18558,False,0.9108091592788696
3080,1016,18557,True,0.9168410897254944
3081,1016,17238,False,0.870650589466095
3082,1017,12416,False,0.7914490699768066
3083,1017,12123,False,0.590822696685791
3084,1017,7506,False,0.5943149328231812
3085,1018,21013,True,0.6249951124191284
3086,1018,14422,False,0.5701621174812317
3087,1018,6101,False,0.5749363303184509
3088,1019,21242,False,0.7264349460601807
3089,1019,18881,False,0.6926629543304443
3090,1019,16801,False,0.7270870208740234
3091,1020,14066,False,0.8231349587440491
3092,1020,12548,True,0.8762781023979187
3093,1020,367,False,0.0
3094,1021,16084,True,0.8873326778411865
3095,1021,12138,False,0.8901227712631226
3096,1021,5986,False,0.8347409963607788
3097,1022,14015,False,0.7404141426086426
3098,1022,12116,False,0.8337093591690063
3099,1022,2632,True,0.8636214733123779
3100,1023,21813,False,0.0
3101,1023,20998,False,0.0
3102,1023,2257,False,0.0
3103,1024,19272,False,0.7359751462936401
3104,1024,18694,False,0.7632126212120056
3105,1024,12674,True,0.9281580448150636
3106,1025,3807,False,0.7435452938079834
3107,1025,3805,False,0.7499673366546631
3108,1025,63,True,0.8641339540481567
3109,1026,12056,False,0.7379353046417236
3110,1026,4040,False,0.7341342568397522
3111,1026,2068,False,0.7846050262451172
3112,1027,20624,False,0.613381564617157
3113,1027,7807,False,0.676580011844635
3114,1027,970,False,0.6963261365890503
3115,1028,18409,False,0.7913304567337036
3116,1028,16177,False,0.7136560082435608
3117,1028,5378,True,0.8310723304748535
3118,1029,17466,False,0.5508584380149841
3119,1029,17160,False,0.5283404588699341
3120,1029,16791,True,0.6990919709205627
3121,1030,14518,False,0.8594181537628174
3122,1030,10555,True,0.8821694850921631
3123,1030,5936,False,0.8182991147041321
3124,1031,15855,False,0.5684398412704468
3125,1031,13438,True,0.7629367113113403
3126,1031,2186,False,0.596068799495697
3127,1032,14224,False,0.8163536190986633
3128,1032,10290,True,0.8133621215820312
3129,1032,383,False,0.7457916140556335
3130,1033,19609,False,0.6197378039360046
3131,1033,9120,False,0.8287323117256165
3132,1033,5402,True,0.8455496430397034
3133,1034,21838,True,0.821995735168457
3134,1034,19879,True,0.8040032386779785
3135,1034,1473,False,0.7702049016952515
3136,1035,21947,True,0.8517948985099792
3137,1035,7788,False,0.6616095900535583
3138,1035,7,False,0.0
3139,1036,5859,False,0.7483518123626709
3140,1036,10880,True,0.8234719038009644
3141,1036,4201,False,0.7921709418296814
3142,1037,14113,False,0.8012919425964355
3143,1037,12168,True,0.8516802191734314
3144,1037,12044,False,0.8459506034851074
3145,1038,19035,True,0.7537500858306885
3146,1038,10981,False,0.6318138837814331
3147,1038,10434,False,0.6367743015289307
3148,1038,2475,False,0.7868393063545227
3149,1039,16088,False,0.7750357985496521
3150,1039,15571,True,0.7812071442604065
3151,1039,7627,False,0.7800284028053284
3152,1040,3381,True,0.8746439218521118
3153,1040,5345,False,0.8315505981445312
3154,1040,1402,False,0.7877275943756104
3155,1041,18601,False,0.0
3156,1041,16162,False,0.0
3157,1041,768,False,0.0
3158,1042,21933,False,0.0
3159,1042,14949,False,0.0
3160,1042,9064,False,0.0
3161,1043,8725,False,0.6866452693939209
3162,1043,6691,False,0.6802675724029541
3163,1043,6690,False,0.7760195136070251
3164,1044,19853,False,0.8658227920532227
3165,1044,4929,False,0.8754576444625854
3166,1044,3009,True,0.8967926502227783
3167,1045,16769,False,0.0
3168,1045,1460,False,0.0
3169,1045,171,False,0.6647703051567078
3170,1046,21657,False,0.0
3171,1046,10531,False,0.0
3172,1046,6112,False,0.513985276222229
3173,1046,740,False,0.0
3174,1047,19670,False,0.0
3175,1047,10193,False,0.0
3176,1047,4579,False,0.0
3177,1048,21010,True,0.8632734417915344
3178,1048,4830,False,0.886938214302063
3179,1048,931,False,0.8930151462554932
3180,1049,18881,False,0.7201707363128662
3181,1049,16084,False,0.7489337921142578
3182,1049,11954,False,0.0
3183,1050,17954,False,0.7148340940475464
3184,1050,15821,True,0.7748934626579285
3185,1050,13078,True,0.7169896364212036
3186,1051,16388,False,0.6005516648292542
3187,1051,16364,False,0.6881298422813416
3188,1051,16110,False,0.6666942238807678
3189,1052,17504,False,0.8862613439559937
3190,1052,12782,False,0.7456384301185608
3191,1052,8426,False,0.7121737599372864
3192,1053,12900,False,0.0
3193,1053,3990,False,0.5872097611427307
3194,1053,1878,False,0.4738094210624695
3195,1054,19691,False,0.5972248315811157
3196,1054,15809,False,0.6811487674713135
3197,1054,1904,False,0.6926767230033875
3198,1055,14077,False,0.0
3199,1055,5550,False,0.0
3200,1055,4122,False,0.0
3201,1056,20288,False,0.6216662526130676
3202,1056,8015,False,0.6868062019348145
3203,1056,7392,False,0.6674256920814514
3204,1057,18582,False,0.8311150074005127
3205,1057,16735,True,0.8395388722419739
3206,1057,16001,False,0.6289704442024231
3207,1058,17204,False,0.828484833240509
3208,1058,4211,False,0.7977137565612793
3209,1058,2261,False,0.8753872513771057
3210,1058,1986,True,0.8697340488433838
3211,1059,13602,False,0.6314050555229187
3212,1059,10073,True,0.7400627732276917
3213,1059,6227,False,0.0
3214,1060,18152,False,0.95161771774292
3215,1060,8791,False,0.9423819184303284
3216,1060,6743,True,0.988585352897644
3217,1061,21933,False,0.0
3218,1061,14949,False,0.0
3219,1061,11013,False,0.0
3220,1062,14644,False,0.8404229879379272
3221,1062,10754,False,0.8923300504684448
3222,1062,2754,False,0.8903414011001587
3223,1063,5082,False,0.7612804174423218
3224,1063,3145,True,0.7874505519866943
3225,1063,18,False,0.7529634833335876
3226,1064,21924,False,0.7338758111000061
3227,1064,13897,False,0.6424204111099243
3228,1064,5923,True,0.7344434857368469
3229,1065,10600,False,0.7839703559875488
3230,1065,10599,True,0.802121639251709
3231,1065,2668,False,0.6389764547348022
3232,1066,11982,False,0.7998009920120239
3233,1066,8297,True,0.9622946977615356
3234,1066,374,False,0.6738325357437134
3235,1067,16910,False,0.8316372632980347
3236,1067,16317,True,0.8230196833610535
3237,1067,9064,False,0.7969738245010376
3238,1068,17392,True,0.6583386063575745
3239,1068,10612,False,0.6523698568344116
3240,1068,49,False,0.5748958587646484
3241,1069,15619,False,0.6724215745925903
3242,1069,5096,True,0.8500632047653198
3243,1069,3156,False,0.7360217571258545
3244,1070,18620,True,0.9598278999328612
3245,1070,5560,False,0.904994249343872
3246,1070,2959,False,0.873368501663208
3247,1071,16126,True,0.967031717300415
3248,1071,14131,False,0.8064684867858887
3249,1071,9792,False,0.7569590210914612
3250,1072,10447,False,0.6213225722312927
3251,1072,9383,False,0.6643199920654297
3252,1072,425,False,0.6755078434944153
3253,1073,2522,True,0.9653142690658568
3254,1073,552,False,0.9234354496002196
3255,1073,550,False,0.939351201057434
3256,1074,20740,True,0.914897084236145
3257,1074,19037,False,0.7785476446151733
3258,1074,3166,False,0.7520400881767273
3259,1075,21431,False,0.7914537191390991
3260,1075,10578,False,0.8005613088607788
3261,1075,8632,False,0.7709169983863831
3262,1076,21787,False,0.5872693657875061
3263,1076,10846,False,0.7963029146194458
3264,1076,8411,False,0.7353948354721069
3265,1077,11884,True,0.9190468192100524
3266,1077,9088,False,0.910804271697998
3267,1077,1099,False,0.8303341865539551
3268,1078,8725,False,0.0
3269,1078,6691,False,0.0
3270,1078,6690,False,0.0
3271,1079,19334,False,0.0
3272,1079,16333,False,0.0
3273,1079,768,False,0.0
3274,1080,14454,True,0.9250993132591248
3275,1080,8560,False,0.850492000579834
3276,1080,4454,False,0.8211943507194519
3277,1081,21587,True,0.976824164390564
3278,1081,5076,False,0.9499085545539856
3279,1081,3143,False,0.8401122093200684
3280,1082,21167,False,0.6321390271186829
3281,1082,11980,False,0.813969075679779
3282,1082,2306,False,0.6582903861999512
3283,1083,20644,True,0.8809682130813599
3284,1083,12456,False,0.8188753128051758
3285,1083,12455,False,0.7899721264839172
3286,1084,15025,False,0.0
3287,1084,13827,False,0.0
3288,1084,4241,False,0.0
3289,1084,2081,False,0.7473338842391968
3290,1085,17878,False,0.6163464784622192
3291,1085,15568,False,0.0
3292,1085,9644,True,0.620024561882019
3293,1086,17900,False,0.0
3294,1086,16653,False,0.0
3295,1086,11742,False,0.0
3296,1087,10811,False,0.6497818231582642
3297,1087,5803,True,0.6544376611709595
3298,1087,5672,False,0.6590890288352966
3299,1088,18584,False,0.6809930205345154
3300,1088,17639,False,0.6734715104103088
3301,1088,16129,True,0.7006093263626099
3302,1089,18955,False,0.6689059138298035
3303,1089,9986,True,0.6665859222412109
3304,1089,2590,False,0.6837693452835083
3305,1090,17550,False,0.5726216435432434
3306,1090,16634,True,0.7540699243545532
3307,1090,5528,False,0.7212749123573303
3308,1091,19597,False,0.8539631962776184
3309,1091,10988,False,0.7557962536811829
3310,1091,7000,True,0.845669150352478
3311,1092,13747,True,0.9195168614387512
3312,1092,3778,False,0.9075342416763306
3313,1092,1831,False,0.8963093757629395
3314,1093,17690,False,0.7474033236503601
3315,1093,16869,False,0.8884953260421753
3316,1093,5462,True,0.9115447998046876
3317,1094,10898,True,0.8331084847450256
3318,1094,21229,False,0.7883825302124023
3319,1094,18069,False,0.7857431769371033
3320,1095,12674,False,0.8258508443832397
3321,1095,2707,False,0.0
3322,1095,2702,True,0.7159899473190308
3323,1096,16086,False,0.7558872103691101
3324,1096,12464,False,0.7625089883804321
3325,1096,2632,False,0.8335481286048889
3326,1097,20281,False,0.5892550945281982
3327,1097,6216,False,0.8032032251358032
3328,1097,6215,False,0.6468592882156372
3329,1098,16120,True,0.8403749465942383
3330,1098,11745,False,0.8250420689582825
3331,1098,4579,False,0.7700290679931641
3332,1099,19404,False,0.8987869024276733
3333,1099,13691,False,0.8077167272567749
3334,1099,7727,True,0.9178102612495422
3335,1100,21748,False,0.6421743035316467
3336,1100,20912,False,0.4768214225769043
3337,1100,19760,False,0.0
3338,1101,21878,False,0.6831651329994202
3339,1101,19691,False,0.6073615550994873
3340,1101,13261,False,0.0
3341,1102,12925,True,0.750710129737854
3342,1102,7853,False,0.8182985782623291
3343,1102,966,True,0.8788327574729919
3344,1103,5799,False,0.9375391006469728
3345,1103,4364,False,0.8509440422058105
3346,1103,833,False,0.933295726776123
3347,1104,15343,False,0.7869061231613159
3348,1104,15342,False,0.865641176700592
3349,1104,1397,True,0.9109945297241212
3350,1105,12664,False,0.0
3351,1105,8089,True,0.8495099544525146
3352,1105,4162,False,0.607007622718811
3353,1106,13782,False,0.9263147115707396
3354,1106,8828,False,0.9252499341964722
3355,1106,8827,False,0.7794337868690491
3356,1107,12700,True,0.939063847064972
3357,1107,10849,False,0.6975029110908508
3358,1107,743,False,0.9002487659454346
3359,1108,10672,True,0.9078078269958496
3360,1108,10664,False,0.843569278717041
3361,1108,2723,False,0.8397603034973145
3362,1109,9390,True,0.6594924330711365
3363,1109,8091,False,0.5899052619934082
3364,1109,6056,False,0.6008333563804626
3365,1110,21648,False,0.5493648052215576
3366,1110,13636,True,0.8701379299163818
3367,1110,10922,False,0.0
3368,1111,21796,True,0.7775586843490601
3369,1111,10807,False,0.0
3370,1111,6397,False,0.7219362258911133
3371,1112,19019,False,0.861691951751709
3372,1112,10800,True,0.8544805645942688
3373,1112,6811,False,0.861064076423645
3374,1113,12316,False,0.8192068934440613
3375,1113,8327,False,0.8301237225532532
3376,1113,4277,False,0.8086177706718445
3377,1114,15805,False,0.6384670734405518
3378,1114,11862,False,0.6376761198043823
3379,1114,7865,False,0.6415650844573975
3380,1115,13373,False,0.6465505361557007
3381,1115,6691,False,0.691132664680481
3382,1115,6690,False,0.7765407562255859
3383,1116,18198,False,0.0
3384,1116,17383,False,0.0
3385,1116,17380,False,0.0
3386,1116,16199,False,0.0
3387,1117,17314,True,0.8947566151618958
3388,1117,16741,False,0.8574457764625549
3389,1117,16205,False,0.7466335892677307
3390,1118,16615,False,0.0
3391,1118,10768,False,0.0
3392,1118,1339,False,0.0
3393,1119,11441,False,0.6661842465400696
3394,1119,9465,False,0.846439003944397
3395,1119,3471,True,0.9319939613342284
3396,1120,18130,False,0.8249289989471436
3397,1120,17504,True,0.9598510265350342
3398,1120,15402,False,0.7121684551239014
3399,1121,14109,True,0.8834264874458313
3400,1121,11696,False,0.8135039806365967
3401,1121,9717,False,0.8588914275169373
3402,1122,20935,False,0.6514094471931458
3403,1122,20159,False,0.6706764698028564
3404,1122,11019,False,0.6706038117408752
3405,1123,21640,False,0.925815761089325
3406,1123,18301,False,0.9465377330780028
3407,1123,17358,False,0.9537351131439208
3408,1124,20241,False,0.7936787605285645
3409,1124,15647,True,0.8439928889274597
3410,1124,7127,False,0.7642967104911804
3411,1125,12249,False,0.918840229511261
3412,1125,8267,True,0.948053777217865
3413,1125,354,False,0.8987100720405579
3414,1126,14451,True,0.8351438045501709
3415,1126,4451,False,0.8246883153915405
3416,1126,203,False,0.8251746892929077
3417,1127,18215,True,0.8441838622093201
3418,1127,16936,False,0.6842050552368164
3419,1127,16358,False,0.6835905909538269
3420,1128,19199,False,0.8931835889816284
3421,1128,17306,True,0.9222280383110046
3422,1128,16938,False,0.8166842460632324
3423,1129,10606,False,0.9491955041885376
3424,1129,10605,False,0.9437035322189332
3425,1129,8643,True,0.9899753332138062
3426,1130,21242,False,0.929590106010437
3427,1130,21144,False,0.5167319774627686
3428,1130,16801,True,0.9381283521652222
3429,1131,11691,True,0.6565802097320557
3430,1131,10180,False,0.6361607313156128
3431,1131,16745,False,0.7035806179046631
3432,1132,18152,True,0.9630919098854064
3433,1132,8791,False,0.9598157405853271
3434,1132,6743,False,0.9672587513923644
3435,1133,21935,False,0.8616834878921509
3436,1133,14690,True,0.8632014989852905
3437,1133,10754,False,0.8354282379150391
3438,1134,8789,True,0.8786072134971619
3439,1134,6754,False,0.8688312768936157
3440,1134,6753,False,0.8473922610282898
3441,1135,10869,False,0.8878326416015625
3442,1135,6998,False,0.8690621256828308
3443,1135,4739,False,0.8882778882980347
3444,1136,17383,True,0.919215738773346
3445,1136,16963,False,0.895890474319458
3446,1136,16199,False,0.9162903428077698
3447,1137,10485,False,0.7141538858413696
3448,1137,8536,False,0.7593823671340942
3449,1137,4429,True,0.8306804895401001
3450,1138,11034,False,0.8054683804512024
3451,1138,9085,True,0.9498649835586548
3452,1138,15,False,0.7206037044525146
3453,1139,19691,False,0.6801796555519104
3454,1139,2035,False,0.6680326461791992
3455,1139,1904,False,0.6685105562210083
3456,1140,14171,False,0.7822691202163696
3457,1140,9097,True,0.9067801237106324
3458,1140,5065,False,0.8856436014175415
3459,1141,9253,False,0.89566969871521
3460,1141,3276,False,0.8914404511451721
3461,1141,1284,True,0.9105058908462524
3462,1142,20463,False,0.0
3463,1142,14277,True,0.732980489730835
3464,1142,3065,False,0.0
3465,1143,3611,True,0.7956245541572571
3466,1143,1641,False,0.6101543307304382
3467,1143,1640,False,0.5945100784301758
3468,1144,19423,False,0.6635347008705139
3469,1144,4700,False,0.6475173830986023
3470,1144,15608,False,0.6525594592094421
3471,1145,4787,False,0.8546916246414185
3472,1145,2872,False,0.8138001561164856
3473,1145,2867,True,0.901530146598816
3474,1146,19279,False,0.0
3475,1146,5612,False,0.0
3476,1146,2470,False,0.0
3477,1147,17082,False,0.7010051608085632
3478,1147,16813,False,0.7361209988594055
3479,1147,16211,True,0.8450121879577637
3480,1148,19538,False,0.6875032186508179
3481,1148,17996,False,0.8274396061897278
3482,1148,16756,True,0.8339815735816956
3483,1149,13398,False,0.7556450963020325
3484,1149,9531,False,0.8206311464309692
3485,1149,9481,True,0.8541026711463928
3486,1150,13130,False,0.4569936990737915
3487,1150,11340,False,0.563122570514679
3488,1150,11097,False,0.5467576384544373
3489,1151,18330,True,0.8878753185272217
3490,1151,17082,False,0.7560575008392334
3491,1151,16813,False,0.8028216361999512
3492,1152,20708,True,0.8423351049423218
3493,1152,8742,False,0.7333602905273438
3494,1152,2763,True,0.7545279264450073
3495,1153,13245,False,0.8183682560920715
3496,1153,9237,True,0.824977457523346
3497,1153,7242,False,0.8122026920318604
3498,1154,21348,True,0.8947541117668152
3499,1154,11490,False,0.847460150718689
3500,1154,7259,True,0.8642319440841675
3501,1155,10921,True,0.964280605316162
3502,1155,10865,False,0.8130671977996826
3503,1155,4919,False,0.850473165512085
3504,1156,19229,False,0.7772419452667236
3505,1156,7185,False,0.838808536529541
3506,1156,1205,False,0.7933051586151123
3507,1157,9388,False,0.0
3508,1157,7609,False,0.7028701305389404
3509,1157,5577,False,0.0
3510,1158,8725,False,0.0
3511,1158,6691,False,0.0
3512,1158,6690,False,0.0
3513,1159,15034,False,0.7494931221008301
3514,1159,13109,True,0.8699394464492798
3515,1159,1699,False,0.7738538980484009
3516,1160,17886,False,0.6606396436691284
3517,1160,16962,False,0.6618355512619019
3518,1160,12521,False,0.7080166339874268
3519,1161,14691,False,0.0
3520,1161,7686,False,0.0
3521,1161,5666,False,0.0
3522,1162,17390,True,0.8972642421722412
3523,1162,16958,False,0.8856158256530762
3524,1162,16809,False,0.8847452402114868
3525,1163,6862,True,0.841154932975769
3526,1163,6861,False,0.8180714249610901
3527,1163,938,False,0.7821463346481323
3528,1164,18130,False,0.8176484704017639
3529,1164,17504,False,0.956195831298828
3530,1164,15402,False,0.7254413366317749
3531,1165,22003,False,0.719434916973114
3532,1165,7694,False,0.6669101715087891
3533,1165,3695,True,0.7794404029846191
3534,1166,11206,False,0.0
3535,1166,7942,False,0.6340723633766174
3536,1166,1904,False,0.0
3537,1167,8422,False,0.714937686920166
3538,1167,6351,False,0.7495096921920776
3539,1167,5380,True,0.777814507484436
3540,1168,8304,False,0.943217158317566
3541,1168,3960,False,0.789338231086731
3542,1168,379,True,0.8905127644538879
3543,1169,21065,False,0.8968077898025513
3544,1169,15293,False,0.9294561743736268
3545,1169,15292,False,0.9131183624267578
3546,1170,12137,False,0.8000755310058594
3547,1170,10163,False,0.7872135639190674
3548,1170,4128,False,0.8093148469924927
3549,1171,7248,False,0.626030683517456
3550,1171,21251,False,0.5963321924209595
3551,1171,16356,True,0.6665396690368652
3552,1172,21222,False,0.8859056234359741
3553,1172,16301,False,0.8619400262832642
3554,1172,254,True,0.8890878558158875
3555,1173,21359,False,0.0
3556,1173,15374,False,0.6926236152648926
3557,1173,63,False,0.7021790146827698
3558,1174,15938,True,0.7746855616569519
3559,1174,12311,False,0.9239304661750792
3560,1174,399,False,0.7857931852340698
3561,1175,19245,True,0.8025866746902466
3562,1175,16387,False,0.6169695854187012
3563,1175,14077,False,0.6327781677246094
3564,1176,9432,True,0.913810670375824
3565,1176,4438,False,0.8779827356338501
3566,1176,16382,False,0.8895359039306641
3567,1177,20811,True,0.8606182336807251
3568,1177,18443,False,0.0
3569,1177,17687,False,0.6647180318832397
3570,1178,20125,False,0.8908177018165588
3571,1178,18153,True,0.9601857662200928
3572,1178,820,False,0.9236517548561096
3573,1179,17238,True,0.7346193790435791
3574,1179,17235,False,0.7321264147758484
3575,1179,17234,False,0.6450294852256775
3576,1180,15734,False,0.506407618522644
3577,1180,3939,True,0.788589596748352
3578,1180,3936,False,0.7225402593612671
3579,1181,17146,True,0.7215429544448853
3580,1181,16875,False,0.6968254446983337
3581,1181,16566,False,0.6909640431404114
3582,1182,10803,False,0.8429476022720337
3583,1182,10801,False,0.8434830904006958
3584,1182,3736,False,0.764775812625885
3585,1183,11288,True,0.990889310836792
3586,1183,11287,False,0.823676586151123
3587,1183,1332,False,0.7600172162055969
3588,1184,6961,False,0.8376590609550476
3589,1184,6960,False,0.8455055952072144
3590,1184,1019,True,0.9133644104003906
3591,1185,21832,False,0.679643988609314
3592,1185,11039,True,0.8812137842178345
3593,1185,11033,False,0.8499237298965454
3594,1186,21503,False,0.7393264174461365
3595,1186,16092,True,0.8845088481903076
3596,1186,13771,False,0.7309621572494507
3597,1187,21994,False,0.8351073265075684
3598,1187,5479,True,0.8694053292274475
3599,1187,1525,False,0.8381476402282715
3600,1188,9143,False,0.8926419019699097
3601,1188,9142,False,0.8460949659347534
3602,1188,1177,False,0.9046308398246764
3603,1189,14645,False,0.8548663854598999
3604,1189,6701,True,0.9267784357070924
3605,1189,2759,False,0.9123574495315552
3606,1190,21563,False,0.849834680557251
3607,1190,10706,True,0.9152616262435912
3608,1190,8739,False,0.7718746662139893
3609,1191,21530,False,0.8364958167076111
3610,1191,18995,False,0.8298558592796326
3611,1191,2481,False,0.7706754803657532
3612,1192,18793,False,0.808873176574707
3613,1192,15326,True,0.8283088207244873
3614,1192,5308,False,0.7783734202384949
3615,1193,17864,False,0.740068256855011
3616,1193,5592,True,0.8921672105789185
3617,1193,4493,False,0.8684380054473877
3618,1194,14916,True,0.9545423984527588
3619,1194,4947,False,0.8906649351119995
3620,1194,1342,False,0.9194633960723876
3621,1195,13380,False,0.828727126121521
3622,1195,11396,False,0.6382099390029907
3623,1195,5364,True,0.8691087961196899
3624,1196,10902,False,0.6698065996170044
3625,1196,9473,True,0.8065052628517151
3626,1196,775,False,0.6115409135818481
3627,1197,8883,False,0.8513057827949524
3628,1197,4814,True,0.9644627571105956
3629,1197,908,False,0.8016511797904968
3630,1198,14823,False,0.7937840819358826
3631,1198,6884,True,0.8017549514770508
3632,1198,6883,False,0.7726911306381226
3633,1199,14171,False,0.7402298450469971
3634,1199,8027,False,0.8062704801559448
3635,1199,2256,False,0.7375420331954956
3636,1200,19354,True,0.8942364454269409
3637,1200,3307,False,0.8528834581375122
3638,1200,159,False,0.8480054140090942
3639,1201,18691,False,0.7890163660049438
3640,1201,8128,False,0.781488299369812
3641,1201,2939,False,0.7980209589004517
3642,1202,13910,False,0.7241232395172119
3643,1202,8601,True,0.7453203201293945
3644,1202,4496,False,0.8118799328804016
3645,1203,8725,False,0.0
3646,1203,6691,False,0.0
3647,1203,6690,False,0.0
3648,1204,18601,False,0.0
3649,1204,11421,False,0.0
3650,1204,768,False,0.0
3651,1205,16169,False,0.7778770327568054
3652,1205,10835,False,0.6424580812454224
3653,1205,8313,False,0.6749380826950073
3654,1206,21887,True,0.8165054321289062
3655,1206,20035,False,0.7707016468048096
3656,1206,17056,False,0.8212401866912842
3657,1207,17879,False,0.5863468050956726
3658,1207,17371,False,0.5083705186843872
3659,1207,6898,True,0.8355441689491272
3660,1208,18170,False,0.9459415674209596
3661,1208,16935,False,0.950191855430603
3662,1208,3254,True,0.991163432598114
3663,1209,16101,False,0.8807383179664612
3664,1209,14109,False,0.8534226417541504
3665,1209,9717,True,0.8996447324752808
3666,1210,15279,True,0.8895134329795837
3667,1210,10076,False,0.8887729644775391
3668,1210,1324,False,0.8860489130020142
3669,1211,20840,False,0.8150506019592285
3670,1211,17850,False,0.8502292633056641
3671,1211,16462,True,0.901689112186432
3672,1212,21478,False,0.7075761556625366
3673,1212,20339,False,0.7360342741012573
3674,1212,1317,False,0.7306215763092041
3675,1213,18711,False,0.0
3676,1213,18130,False,0.8893500566482544
3677,1213,17504,False,0.935948133468628
3678,1214,13803,False,0.0
3679,1214,10192,False,0.7341464161872864
3680,1214,2240,False,0.6519933342933655
3681,1215,17475,False,0.0
3682,1215,5370,False,0.0
3683,1215,2718,False,0.0
3684,1216,14422,False,0.0
3685,1216,14352,False,0.0
3686,1216,7895,False,0.0
3687,1217,5250,False,0.8556015491485596
3688,1217,5249,True,0.895673394203186
3689,1217,1319,False,0.8301397562026978
3690,1218,13309,False,0.8704293966293335
3691,1218,5268,False,0.9368331432342528
3692,1218,5267,True,0.9540139436721802
3693,1219,14406,True,0.879371166229248
3694,1219,4406,False,0.8405856490135193
3695,1219,537,False,0.8118817806243896
3696,1220,9708,False,0.721699059009552
3697,1220,3689,False,0.7196831107139587
3698,1220,1714,False,0.7205561399459839
3699,1221,4225,False,0.6917422413825989
3700,1221,3982,False,0.7439695000648499
3701,1221,3820,False,0.0
3702,1222,14849,False,0.5434237718582153
3703,1222,1358,False,0.5546495914459229
3704,1222,1081,False,0.6904389262199402
3705,1223,12116,False,0.778243899345398
3706,1223,2632,False,0.8452946543693542
3707,1223,2025,False,0.7763311266899109
3708,1224,12464,False,0.7749394178390503
3709,1224,8070,True,0.8426703810691833
3710,1224,6031,False,0.8002604842185974
3711,1225,12464,False,0.8576205968856812
3712,1225,8071,False,0.8500754833221436
3713,1225,2074,True,0.8449914455413818
3714,1226,13482,False,0.8698557615280151
3715,1226,11499,False,0.8547085523605347
3716,1226,5477,True,0.870259702205658
3717,1227,5479,False,0.8937827348709106
3718,1227,3510,False,0.8666988611221313
3719,1227,1525,False,0.866601824760437
3720,1228,13482,True,0.8753167986869812
3721,1228,11499,False,0.8447369337081909
3722,1228,5477,False,0.8589413166046143
3723,1229,10854,False,0.9515841007232666
3724,1229,5842,True,0.9766210317611694
3725,1229,2943,False,0.787647545337677
3726,1230,12719,False,0.7991058826446533
3727,1230,4668,False,0.8629177808761597
3728,1230,4667,True,0.8735312223434448
3729,1231,8062,True,0.8214210271835327
3730,1231,4755,False,0.7039372324943542
3731,1231,4036,False,0.850581169128418
3732,1232,22057,False,0.8032772541046143
3733,1232,2594,False,0.7709789276123047
3734,1232,621,False,0.736919105052948
3735,1233,18428,True,0.816003680229187
3736,1233,12407,False,0.7797942757606506
3737,1233,5378,False,0.0
3738,1234,14354,False,0.8150855302810669
3739,1234,11748,False,0.7056136131286621
3740,1234,5888,False,0.6581913232803345
3741,1235,14157,True,0.9698059558868408
3742,1235,4192,False,0.7542082071304321
3743,1235,2781,False,0.6669358015060425
3744,1236,7615,False,0.8100259304046631
3745,1236,4885,False,0.7995930910110474
3746,1236,3618,True,0.817777156829834
3747,1237,21547,False,0.759267270565033
3748,1237,9022,False,0.6503031849861145
3749,1237,6974,True,0.822724461555481
3750,1238,10672,False,0.0
3751,1238,8704,False,0.0
3752,1238,735,False,0.0
3753,1239,19677,False,0.6233980059623718
3754,1239,15533,False,0.6571900844573975
3755,1239,177,False,0.6601295471191406
3756,1240,19193,False,0.7070599794387817
3757,1240,9743,False,0.0
3758,1240,1303,False,0.8200361132621765
3759,1241,18558,True,0.8758264183998108
3760,1241,18557,False,0.889357328414917
3761,1241,17234,False,0.8740556836128235
3762,1242,8451,False,0.908764898777008
3763,1242,5067,False,0.9484022855758668
3764,1242,2465,True,0.9513903260231018
3765,1243,21694,False,0.0
3766,1243,16608,False,0.721214234828949
3767,1243,14707,False,0.0
3768,1244,20609,False,0.8128957748413086
3769,1244,14213,False,0.0
3770,1244,10288,True,0.9066413640975952
3771,1245,21743,False,0.7316737771034241
3772,1245,11538,True,0.823306143283844
3773,1245,9553,False,0.8063862919807434
3774,1246,21594,True,0.94292151927948
3775,1246,17191,False,0.8858156204223633
3776,1246,7944,False,0.7881928086280823
3777,1247,19369,False,0.0
3778,1247,14077,False,0.7343964576721191
3779,1247,1358,False,0.6122915148735046
3780,1248,17354,False,0.7899215221405029
3781,1248,16894,False,0.8728333115577698
3782,1248,16298,True,0.926809310913086
3783,1249,12909,False,0.8110601305961609
3784,1249,6922,False,0.7981311082839966
3785,1249,2931,False,0.8014035820960999
3786,1250,11630,True,0.7961291074752808
3787,1250,9649,False,0.7954204082489014
3788,1250,1654,False,0.7943794131278992
3789,1251,19234,False,0.841328501701355
3790,1251,2073,True,0.827315628528595
3791,1251,87,False,0.8142675161361694
3792,1252,11617,False,0.6490604281425476
3793,1252,10165,False,0.7520014047622681
3794,1252,7610,False,0.6811419725418091
3795,1253,18559,False,0.737415075302124
3796,1253,16709,True,0.7853027582168579
3797,1253,15510,False,0.7522821426391602
3798,1254,21093,False,0.6568014025688171
3799,1254,18038,True,0.7510806322097778
3800,1254,17392,False,0.7446670532226562
3801,1255,6536,False,0.666490375995636
3802,1255,2589,True,0.699032723903656
3803,1255,620,False,0.6970309615135193
3804,1256,20411,True,0.9443503618240356
3805,1256,10616,False,0.723625123500824
3806,1256,6606,False,0.7245393991470337
3807,1257,17837,False,0.9168254137039183
3808,1257,14687,True,0.9272105097770692
3809,1257,13427,False,0.8722952604293823
3810,1258,21936,False,0.7802103161811829
3811,1258,14691,True,0.8340445756912231
3812,1258,9288,False,0.8681938052177429
3813,1259,9027,False,0.7069434523582458
3814,1259,6173,False,0.724899411201477
3815,1259,5986,False,0.7117898464202881
3816,1260,20314,False,0.8935094475746155
3817,1260,10622,True,0.8627176880836487
3818,1260,8653,False,0.8482860326766968
3819,1261,14198,False,0.6691104173660278
3820,1261,8266,False,0.7903292179107666
3821,1261,4230,True,0.8346935510635376
3822,1262,20118,True,0.9107085466384888
3823,1262,12734,False,0.9046945571899414
3824,1262,2762,False,0.9047821760177612
3825,1263,22051,True,0.888080358505249
3826,1263,21792,False,0.5372562408447266
3827,1263,20938,False,0.5301712155342102
3828,1263,12459,False,0.0
3829,1263,7900,False,0.0
3830,1264,12899,True,0.7970393300056458
3831,1264,2910,False,0.6986075639724731
3832,1264,2313,False,0.0
3833,1265,15146,False,0.8104749917984009
3834,1265,10451,False,0.7798022627830505
3835,1265,6412,True,0.8365429639816284
3836,1266,19210,False,0.8018156290054321
3837,1266,12250,False,0.6558251976966858
3838,1266,4232,True,0.8481841683387756
3839,1267,17204,False,0.8866173028945923
3840,1267,15908,True,0.8884166479110718
3841,1267,1986,False,0.8659924268722534
3842,1268,9812,False,0.7356683015823364
3843,1268,8472,False,0.0
3844,1268,4380,True,0.6494555473327637
3845,1269,21544,True,0.8385199308395386
3846,1269,18322,False,0.8244117498397827
3847,1269,18029,False,0.8146597146987915
3848,1270,9305,False,0.8591600656509399
3849,1270,9302,False,0.8591619729995728
3850,1270,7313,True,0.8671813607215881
3851,1271,19909,True,0.9053256511688232
3852,1271,13293,False,0.8597072958946228
3853,1271,11280,False,0.8785803318023682
3854,1272,19840,False,0.7940117120742798
3855,1272,15903,False,0.7065973281860352
3856,1272,8153,False,0.7937885522842407
3857,1273,8725,False,0.0
3858,1273,19560,False,0.0
3859,1273,6691,False,0.0
3860,1273,16909,False,0.0
3861,1274,20542,False,0.0
3862,1274,7686,False,0.0
3863,1274,5665,False,0.0
3864,1275,12789,False,0.0
3865,1275,10747,False,0.0
3866,1275,6749,False,0.0
3867,1276,6024,False,0.7977111339569092
3868,1276,4040,False,0.8595961332321167
3869,1276,2066,False,0.7830380797386169
3870,1277,1881,False,0.6547937393188477
3871,1277,1880,True,0.6816834211349487
3872,1277,939,False,0.0
3873,1278,22043,False,0.0
3874,1278,17049,True,0.8146151900291443
3875,1278,10306,False,0.7220444083213806
3876,1279,17766,True,0.6933801174163818
3877,1279,17437,False,0.7233552932739258
3878,1279,17436,False,0.6952101588249207
3879,1280,17949,False,0.9302716255187988
3880,1280,9867,False,0.7600718140602112
3881,1280,7637,True,0.974190592765808
3882,1281,19489,False,0.0
3883,1281,9310,False,0.0
3884,1281,7981,False,0.5967944860458374
3885,1282,13212,False,0.8974523544311523
3886,1282,12449,False,0.7928692102432251
3887,1282,1240,True,0.9910227060317992
3888,1283,14891,True,0.8770411014556885
3889,1283,12522,False,0.8172049522399902
3890,1283,3484,False,0.6206163167953491
3891,1284,21065,True,0.946176290512085
3892,1284,15292,False,0.9032384157180786
3893,1284,7323,False,0.9144481420516968
3894,1285,16654,False,0.8311839699745178
3895,1285,16269,True,0.8512638807296753
3896,1285,4590,False,0.8350412249565125
3897,1286,21805,False,0.7091789245605469
3898,1286,16839,False,0.8500640988349915
3899,1286,16535,True,0.8561608195304871
3900,1287,18587,False,0.6348279118537903
3901,1287,16458,False,0.8228085041046143
3902,1287,15033,True,0.9475919008255004
3903,1288,18131,False,0.7980403900146484
3904,1288,17164,True,0.819165050983429
3905,1288,2013,False,0.8523766994476318
3906,1289,20260,True,0.7665219306945801
3907,1289,18530,False,0.7571716904640198
3908,1289,17581,False,0.7482717633247375
3909,1290,20998,False,0.7303902506828308
3910,1290,12803,False,0.6285810470581055
3911,1290,8239,False,0.8299345374107361
3912,1291,19085,False,0.9026559591293336
3913,1291,17829,True,0.9269006848335266
3914,1291,6555,False,0.7647600173950195
3915,1292,21178,False,0.7963960766792297
3916,1292,18602,True,0.8420898914337158
3917,1292,9476,False,0.6420482993125916
3918,1293,14264,True,0.909376621246338
3919,1293,8344,False,0.8489565849304199
3920,1293,6271,False,0.7524402141571045
3921,1294,14247,False,0.805397093296051
3922,1294,11988,False,0.8752087354660034
3923,1294,6262,True,0.894336998462677
3924,1295,12447,False,0.8212259411811829
3925,1295,8464,False,0.8077772855758667
3926,1295,6405,True,0.8996126651763916
3927,1296,21566,True,0.913404107093811
3928,1296,17203,False,0.8844911456108093
3929,1296,16598,False,0.9205732345581056
3930,1297,13309,False,0.9721531867980956
3931,1297,5270,False,0.959879994392395
3932,1297,1343,False,0.9545779824256896
3933,1298,19922,False,0.7633138298988342
3934,1298,8455,True,0.8882838487625122
3935,1298,1400,False,0.7506035566329956
3936,1299,21991,True,0.859734058380127
3937,1299,14223,True,0.8547984957695007
3938,1299,13488,False,0.862476646900177
3939,1300,17881,False,0.0
3940,1300,16763,True,0.8779586553573608
3941,1300,7620,False,0.8614401817321777
3942,1301,6494,True,0.9480342864990234
3943,1301,5233,False,0.8547027111053467
3944,1301,1653,False,0.9189172983169556
3945,1302,19589,False,0.799391508102417
3946,1302,11183,True,0.8557202816009521
3947,1302,6944,False,0.7978038191795349
3948,1303,16173,False,0.6401559114456177
3949,1303,7438,False,0.7373747825622559
3950,1303,4225,False,0.6639930605888367
3951,1304,10473,True,0.7422808408737183
3952,1304,9708,False,0.6035820245742798
3953,1304,6917,False,0.6591647267341614
3954,1305,19775,False,0.5884097814559937
3955,1305,8409,False,0.5517018437385559
3956,1305,2558,True,0.6304069757461548
3957,1306,16837,True,0.8552362322807312
3958,1306,4544,False,0.7161445617675781
3959,1306,2791,False,0.772849977016449
3960,1307,21644,False,0.0
3961,1307,19092,False,0.6496932506561279
3962,1307,12437,False,0.0
3963,1308,12032,False,0.6428959369659424
3964,1308,6000,False,0.7378392815589905
3965,1308,3677,False,0.6496540904045105
3966,1309,19229,False,0.7576491236686707
3967,1309,15127,True,0.8393639326095581
3968,1309,1204,False,0.7865802049636841
3969,1310,7846,False,0.0
3970,1310,6837,False,0.6428032517433167
3971,1310,916,True,0.6326843500137329
3972,1311,14760,True,0.8873019814491272
3973,1311,4793,False,0.8694943189620972
3974,1311,879,False,0.8740471601486206
3975,1312,13694,False,0.656409502029419
3976,1312,5689,False,0.8265971541404724
3977,1312,3711,False,0.8724674582481384
3978,1313,11025,True,0.7903039455413818
3979,1313,9877,False,0.7382889986038208
3980,1313,7836,False,0.6256335973739624
3981,1314,10168,False,0.7009931206703186
3982,1314,8145,False,0.7066221237182617
3983,1314,4647,True,0.7607777714729309
3984,1315,21112,True,0.8972572088241577
3985,1315,20251,False,0.8745510578155518
3986,1315,4619,False,0.8615742921829224
3987,1316,13912,True,0.9380066990852356
3988,1316,8606,False,0.8884798884391785
3989,1316,5930,False,0.8738953471183777
3990,1317,20506,True,0.837950587272644
3991,1317,15355,False,0.830017626285553
3992,1317,9408,False,0.8293932676315308
3993,1318,21110,True,0.8633573651313782
3994,1318,13730,False,0.8288847208023071
3995,1318,6171,False,0.642024576663971
3996,1319,6238,False,0.0
3997,1319,2313,False,0.0
3998,1319,96,False,0.763298749923706
3999,1320,21571,False,0.8084182739257812
4000,1320,3576,False,0.7989950180053711
4001,1320,884,True,0.8468583822250366
4002,1321,15062,False,0.6998381018638611
4003,1321,5103,True,0.8603735566139221
4004,1321,1143,False,0.9069140553474426
4005,1322,8133,False,0.601641058921814
4006,1322,6626,False,0.7980340719223022
4007,1322,2144,False,0.6159423589706421
4008,1323,15270,True,0.8337737321853638
4009,1323,5250,False,0.8781217336654663
4010,1323,1316,False,0.8072002530097961
4011,1324,8883,False,0.8774147033691406
4012,1324,918,False,0.8816714882850647
4013,1324,912,True,0.835318922996521
4014,1325,19703,False,0.7840245962142944
4015,1325,10508,False,0.887539803981781
4016,1325,4460,True,0.789839506149292
4017,1326,7525,False,0.5476369857788086
4018,1326,4110,False,0.7451241612434387
4019,1326,1553,False,0.6001684665679932
4020,1327,18601,False,0.7223948240280151
4021,1327,4739,False,0.0
4022,1327,768,False,0.0
4023,1328,18151,False,0.0
4024,1328,17184,False,0.0
4025,1328,16317,False,0.0
4026,1329,18601,False,0.0
4027,1329,14443,False,0.0
4028,1329,12797,False,0.0
4029,1330,14443,False,0.0
4030,1330,12797,False,0.0
4031,1330,2830,False,0.0
4032,1331,18198,False,0.0
4033,1331,17383,False,0.0
4034,1331,17380,False,0.6695657968521118
4035,1331,16199,False,0.0
4036,1331,260,False,0.6930674314498901
4037,1332,12781,False,0.0
4038,1332,820,False,0.0
4039,1332,806,False,0.0
4040,1333,12222,False,0.0
4041,1333,7686,False,0.0
4042,1333,5666,False,0.0
4043,1334,19791,True,0.8879026770591736
4044,1334,8618,False,0.8986034989356995
4045,1334,8617,False,0.8568320870399475
4046,1334,645,False,0.8748717904090881
4047,1335,18576,False,0.6947437524795532
4048,1335,17516,False,0.6063663959503174
4049,1335,4989,False,0.687224805355072
4050,1336,12595,False,0.7497924566268921
4051,1336,12347,False,0.853857696056366
4052,1336,11951,False,0.8995413780212402
4053,1337,13821,False,0.7086330056190491
4054,1337,11039,False,0.6868916749954224
4055,1337,1143,False,0.0
4056,1338,18485,False,0.9022461771965028
4057,1338,17543,False,0.8967831134796143
4058,1338,16455,True,0.9248400926589966
4059,1339,17974,False,0.0
4060,1339,11304,False,0.0
4061,1339,4418,False,0.0
4062,1340,10469,False,0.7651450634002686
4063,1340,8497,False,0.8136329650878906
4064,1340,8496,True,0.8908252120018005
4065,1341,17230,False,0.5662332773208618
4066,1341,16778,False,0.5630881190299988
4067,1341,13431,False,0.0
4068,1342,21065,False,0.901925802230835
4069,1342,9327,True,0.9290547370910645
4070,1342,7323,False,0.9285681247711182
4071,1343,14125,False,0.8440341949462891
4072,1343,5695,False,0.6250191926956177
4073,1343,83,False,0.842983603477478
4074,1344,21729,False,0.0
4075,1344,20767,False,0.5641830563545227
4076,1344,16450,False,0.0
4077,1345,20145,True,0.933064579963684
4078,1345,14257,False,0.8292481899261475
4079,1345,256,False,0.7587462663650513
4080,1346,18704,False,0.6134238243103027
4081,1346,10885,True,0.8008254170417786
4082,1346,3431,True,0.74089115858078
4083,1347,17503,False,0.7775713801383972
4084,1347,16412,True,0.8440796732902527
4085,1347,12431,False,0.6842925548553467
4086,1348,21432,True,0.9659601449966432
4087,1348,12647,False,0.9621310234069824
4088,1348,12646,False,0.9650837182998656
4089,1349,19976,False,0.9381174445152284
4090,1349,12191,True,0.9565744996070862
4091,1349,4659,False,0.9536727666854858
4092,1350,18611,False,0.7432537078857422
4093,1350,12557,False,0.6303852796554565
4094,1350,2557,True,0.8214330673217773
4095,1351,19691,False,0.7796957492828369
4096,1351,13775,False,0.7616555690765381
4097,1351,1904,False,0.6507869958877563
4098,1352,5798,False,0.0
4099,1352,5070,True,0.7118919491767883
4100,1352,4123,False,0.7677200436592102
4101,1353,12867,True,0.8721315264701843
4102,1353,12866,False,0.9122593402862548
4103,1353,10806,False,0.909211039543152
4104,1354,18863,False,0.7558668255805969
4105,1354,18778,False,0.8772598505020142
4106,1354,17577,False,0.7104859352111816
4107,1355,8536,False,0.7455766201019287
4108,1355,6466,False,0.8160154819488525
4109,1355,559,True,0.9407963752746582
4110,1356,11521,False,0.8564022779464722
4111,1356,11269,True,0.8466079831123352
4112,1356,9287,False,0.8287593126296997
4113,1357,12207,True,0.8347365856170654
4114,1357,10675,False,0.8675991296768188
4115,1357,8708,False,0.8037480115890503
4116,1358,20388,True,0.7927149534225464
4117,1358,18561,False,0.61014723777771
4118,1358,9664,False,0.688342809677124
4119,1359,13460,False,0.0
4120,1359,9532,False,0.6431545615196228
4121,1359,1903,True,0.9069374799728394
4122,1360,6332,False,0.7300705313682556
4123,1360,4911,False,0.80126953125
4124,1360,994,True,0.8207395076751709
4125,1361,21132,False,0.723403811454773
4126,1361,17749,False,0.7350945472717285
4127,1361,9914,False,0.7535183429718018
4128,1362,18484,False,0.7121472358703613
4129,1362,17388,True,0.8205825686454773
4130,1362,14646,False,0.690217912197113
4131,1363,11757,False,0.888210654258728
4132,1363,11756,False,0.7294638156890869
4133,1363,7758,False,0.8908200263977051
4134,1364,19691,False,0.5454733371734619
4135,1364,15809,False,0.6845580339431763
4136,1364,1904,False,0.7335842847824097
4137,1365,18372,True,0.9769417643547058
4138,1365,16184,False,0.8241413831710815
4139,1365,5431,False,0.8627232313156128
4140,1366,21150,False,0.8566373586654663
4141,1366,7997,False,0.854878306388855
4142,1366,5955,True,0.9251339435577391
4143,1367,12146,True,0.8663851022720337
4144,1367,9677,False,0.868257999420166
4145,1367,5637,False,0.84322190284729
4146,1368,17063,False,0.7222684025764465
4147,1368,13603,False,0.6311183571815491
4148,1368,12442,True,0.7374752163887024
4149,1369,14864,True,0.7848021984100342
4150,1369,14291,False,0.7115803956985474
4151,1369,14290,False,0.6651537418365479
4152,1370,21598,False,0.8132398128509521
4153,1370,5172,True,0.8453783988952637
4154,1370,3222,False,0.8150458335876465
4155,1371,11379,False,0.7191175222396851
4156,1371,6907,False,0.7276155352592468
4157,1371,737,False,0.7809399366378784
4158,1372,5299,False,0.688385546207428
4159,1372,3891,True,0.6323580741882324
4160,1372,151,False,0.8148699998855591
4161,1373,21855,False,0.6054182052612305
4162,1373,13397,False,0.6183420419692993
4163,1373,5806,True,0.7454107403755188
4164,1374,8587,False,0.7393248677253723
4165,1374,2977,False,0.5844223499298096
4166,1374,977,True,0.7162833213806152
4167,1375,6691,False,0.0
4168,1375,6690,False,0.0
4169,1375,19334,False,0.0
4170,1376,15793,True,0.7203620672225952
4171,1376,15433,False,0.7597916722297668
4172,1376,3409,False,0.7768092155456543
4173,1377,12161,True,0.9105741381645204
4174,1377,11802,False,0.8850580453872681
4175,1377,4401,False,0.0
4176,1378,16086,False,0.7825546264648438
4177,1378,15801,False,0.8481971621513367
4178,1378,12464,False,0.6689012050628662
4179,1379,15528,False,0.732346773147583
4180,1379,8132,False,0.7983584403991699
4181,1379,5550,False,0.0
4182,1379,5544,False,0.7388046383857727
4183,1380,20890,True,0.6371479630470276
4184,1380,13565,False,0.6564900875091553
4185,1380,9622,False,0.6570391058921814
4186,1381,10790,False,0.677219033241272
4187,1381,6801,False,0.6839991211891174
4188,1381,872,False,0.66075199842453
4189,1382,21799,False,0.8916121125221252
4190,1382,12595,True,0.8795067667961121
4191,1382,1978,False,0.878434419631958
4192,1383,9286,False,0.0
4193,1383,4922,False,0.0
4194,1383,1680,False,0.6276055574417114
4195,1384,15299,True,0.8991632461547852
4196,1384,15294,False,0.872718095779419
4197,1384,1341,False,0.8627175092697144
4198,1385,17914,False,0.7751977443695068
4199,1385,17862,False,0.778401792049408
4200,1385,17536,True,0.9295432567596436
4201,1386,21296,False,0.7133170366287231
4202,1386,17060,False,0.6343076229095459
4203,1386,16760,True,0.7370425462722778
4204,1387,16050,False,0.763146162033081
4205,1387,5044,False,0.9095205068588256
4206,1387,2119,False,0.8960955142974854
4207,1388,18659,False,0.5611986517906189
4208,1388,6674,False,0.0
4209,1388,3049,False,0.5844521522521973
4210,1389,21108,False,0.0
4211,1389,19838,False,0.0
4212,1389,5375,True,0.6845014095306396
4213,1390,18269,False,0.8686796426773071
4214,1390,16162,True,0.8481292128562927
4215,1390,15530,False,0.7867376208305359
4216,1391,10887,False,0.9420793652534484
4217,1391,4885,False,0.946513295173645
4218,1391,2976,True,0.9838128089904784
4219,1392,20274,False,0.4261184334754944
4220,1392,8472,False,0.0
4221,1392,4380,False,0.5438041090965271
4222,1393,17763,False,0.8001525402069092
4223,1393,17130,True,0.8098866939544678
4224,1393,16923,False,0.7777023911476135
4225,1394,19580,True,0.7600904703140259
4226,1394,13530,False,0.6102572679519653
4227,1394,10851,False,0.5697587728500366
4228,1395,13470,False,0.7192116379737854
4229,1395,9254,False,0.79566490650177
4230,1395,5443,False,0.8280467987060547
4231,1396,13905,False,0.6601924896240234
4232,1396,2438,True,0.6701362729072571
4233,1396,2200,False,0.6417462825775146
4234,1397,20805,True,0.9558415412902832
4235,1397,19113,False,0.9007267355918884
4236,1397,3543,False,0.0
4237,1398,10620,False,0.9106724262237548
4238,1398,8651,False,0.6337259411811829
4239,1398,4586,True,0.9368497133255004
4240,1399,18707,False,0.6558464765548706
4241,1399,12744,True,0.8074418306350708
4242,1399,6438,False,0.0
4243,1400,18727,True,0.8706349730491638
4244,1400,3051,False,0.8855121731758118
4245,1400,1171,False,0.8237327933311462
4246,1401,20660,False,0.6283330321311951
4247,1401,12601,False,0.6887763142585754
4248,1401,2600,False,0.6505234241485596
4249,1402,20183,True,0.8667222261428833
4250,1402,19174,False,0.7995162606239319
4251,1402,10190,False,0.746255099773407
4252,1403,15519,False,0.631332516670227
4253,1403,14077,False,0.6909610033035278
4254,1403,585,False,0.6062697768211365
4255,1404,18622,False,0.8717211484909058
4256,1404,12267,False,0.8584223985671997
4257,1404,363,True,0.8808512687683105
4258,1405,21423,False,0.63690185546875
4259,1405,14894,True,0.8988295197486877
4260,1405,2620,False,0.7194587588310242
4261,1406,18821,False,0.0
4262,1406,16894,True,0.7777262330055237
4263,1406,12301,False,0.7968860864639282
4264,1407,21856,True,0.4971143305301666
4265,1407,5414,False,0.0
4266,1407,15408,False,0.6312520503997803
4267,1408,20253,False,0.8178014755249023
4268,1408,18494,False,0.8189630508422852
4269,1408,9829,True,0.8750569820404053
4270,1409,20511,False,0.6082403063774109
4271,1409,19374,False,0.6166448593139648
4272,1409,13423,False,0.8187169432640076
4273,1410,21936,False,0.0
4274,1410,10489,False,0.8011226654052734
4275,1410,768,False,0.7808799743652344
4276,1411,15390,False,0.70782870054245
4277,1411,1447,False,0.0
4278,1411,68,False,0.0
4279,1412,21099,False,0.7277594804763794
4280,1412,17085,False,0.7120233178138733
4281,1412,16818,True,0.8901662826538086
4282,1413,14668,False,0.8681391477584839
4283,1413,8826,False,0.8711419105529785
4284,1413,2788,True,0.9686245918273926
4285,1414,19704,False,0.8089045286178589
4286,1414,16723,False,0.6693378686904907
4287,1414,2485,True,0.8522732257843018
4288,1415,10392,False,0.6185675859451294
4289,1415,6344,False,0.7002493143081665
4290,1415,2427,True,0.6256446838378906
4291,1416,13261,False,0.6521275043487549
4292,1416,7392,False,0.0
4293,1416,2035,False,0.7329728603363037
4294,1417,21251,False,0.5257164239883423
4295,1417,16356,False,0.5793107748031616
4296,1417,7248,True,0.6317283511161804
4297,1418,8810,False,0.8872146606445312
4298,1418,6759,False,0.8612478375434875
4299,1418,4752,True,0.8768249750137329
4300,1419,20145,False,0.8360769748687744
4301,1419,14257,False,0.7374383211135864
4302,1419,256,True,0.8639088273048401
4303,1420,12305,False,0.8619664907455444
4304,1420,10308,False,0.733883261680603
4305,1420,6261,False,0.7175484895706177
4306,1421,16837,False,0.6878008246421814
4307,1421,14080,True,0.7126054763793945
4308,1421,4544,False,0.6543467044830322
4309,1422,20879,True,0.7184573411941528
4310,1422,6271,False,0.7417459487915039
4311,1422,2010,False,0.7124036550521851
4312,1423,9727,True,0.885158896446228
4313,1423,8170,False,0.863350510597229
4314,1423,7699,False,0.8533557653427124
4315,1424,14148,False,0.9037667512893676
4316,1424,8192,True,0.95732182264328
4317,1424,2225,False,0.9248498678207396
4318,1425,14644,False,0.8807379007339478
4319,1425,9063,False,0.7657937407493591
4320,1425,2754,True,0.9277635216712952
4321,1426,14635,False,0.878731369972229
4322,1426,10692,True,0.9333179593086244
4323,1426,6690,False,0.903422713279724
4324,1427,18907,False,0.7068707942962646
4325,1427,16928,False,0.5432466864585876
4326,1427,7122,False,0.0
4327,1428,18991,False,0.6827394962310791
4328,1428,14824,False,0.7146701812744141
4329,1428,14599,False,0.7204087376594543
4330,1429,10529,False,0.7987140417098999
4331,1429,10087,False,0.7358760833740234
4332,1429,4048,False,0.735241174697876
4333,1430,15354,False,0.9327094554901124
4334,1430,11656,False,0.9022880792617798
4335,1430,3393,True,0.9194762706756592
4336,1431,12354,True,0.8018589019775391
4337,1431,9649,False,0.6534281373023987
4338,1431,6315,False,0.6501492857933044
4339,1432,19392,False,0.8014250993728638
4340,1432,15580,True,0.8124761581420898
4341,1432,3955,False,0.8276169300079346
4342,1433,19691,False,0.578676700592041
4343,1433,15809,False,0.7124111652374268
4344,1433,1904,False,0.7634999752044678
4345,1434,11053,False,0.6052094101905823
4346,1434,6705,False,0.0
4347,1434,6454,False,0.0
4348,1435,20813,False,0.741405725479126
4349,1435,7324,True,0.7532612681388855
4350,1435,3328,False,0.7868339419364929
4351,1436,19629,False,0.6800671815872192
4352,1436,13325,False,0.6934778094291687
4353,1436,5339,False,0.6851037740707397
4354,1437,19402,False,0.8502663969993591
4355,1437,11708,False,0.6994571685791016
4356,1437,11704,True,0.8698974847793579
4357,1438,7441,False,0.8665415048599243
4358,1438,5421,False,0.7899494171142578
4359,1438,1841,False,0.7218965291976929
4360,1439,21585,False,0.6843756437301636
4361,1439,19654,True,0.7920660972595215
4362,1439,1636,False,0.706429660320282
4363,1440,12635,False,0.7495070695877075
4364,1440,6594,True,0.7725512981414795
4365,1440,669,False,0.7713745832443237
4366,1441,21481,True,0.8201649188995361
4367,1441,15284,False,0.8160953521728516
4368,1441,1328,False,0.698973536491394
4369,1442,20337,False,0.0
4370,1442,18397,True,0.5953817963600159
4371,1442,14327,False,0.0
4372,1443,12276,True,0.9330588579177856
4373,1443,8302,False,0.8538680076599121
4374,1443,6237,False,0.8240002393722534
4375,1444,13373,False,0.0
4376,1444,6691,False,0.6763222217559814
4377,1444,6690,False,0.7774181365966797
4378,1445,13373,False,0.0
4379,1445,9063,False,0.0
4380,1445,768,False,0.0
4381,1446,21637,False,0.7120591402053833
4382,1446,20034,False,0.7910585403442383
4383,1446,11980,True,0.8003499507904053
4384,1447,16347,True,0.8830205798149109
4385,1447,8947,False,0.8474315404891968
4386,1447,8941,True,0.8521029949188232
4387,1448,13444,False,0.6548470258712769
4388,1448,7902,True,0.8094555139541626
4389,1448,5189,False,0.0
4390,1449,14276,False,0.5831868648529053
4391,1449,12000,False,0.5634288787841797
4392,1449,420,False,0.0
4393,1450,20772,False,0.7732617855072021
4394,1450,15245,False,0.7522724866867065
4395,1450,3290,False,0.7624706625938416
4396,1451,21565,False,0.7772932648658752
4397,1451,14173,False,0.7073826193809509
4398,1451,4719,True,0.8729000091552734
4399,1452,12047,False,0.608572244644165
4400,1452,10066,False,0.7060163617134094
4401,1452,10064,True,0.6950345635414124
4402,1453,19451,False,0.8144207000732422
4403,1453,17237,True,0.8215165138244629
4404,1453,17234,False,0.7898310422897339
4405,1454,21446,False,0.8324774503707886
4406,1454,21423,False,0.8557316064834595
4407,1454,10760,True,0.7818086743354797
4408,1455,17224,False,0.7242777347564697
4409,1455,16409,True,0.8600171208381653
4410,1455,14080,False,0.8455997705459595
4411,1456,20054,False,0.7504689693450928
4412,1456,18231,True,0.8770800828933716
4413,1456,13392,False,0.761276364326477
4414,1457,19172,False,0.601837694644928
4415,1457,8346,True,0.9603061676025392
4416,1457,2016,False,0.0
4417,1458,20580,False,0.7078834176063538
4418,1458,16055,True,0.760427713394165
4419,1458,15457,False,0.7636392116546631
4420,1459,20526,True,0.8787970542907715
4421,1459,19650,False,0.8670936822891235
4422,1459,12118,False,0.853765070438385
4423,1460,20377,True,0.8076496124267578
4424,1460,14620,False,0.0
4425,1460,14498,False,0.7428268194198608
4426,1461,15748,False,0.7502519488334656
4427,1461,13751,False,0.7404124140739441
4428,1461,3780,True,0.7817472219467163
4429,1462,6818,False,0.5455442070960999
4430,1462,17412,False,0.8075273633003235
4431,1462,16833,True,0.8275977373123169
4432,1463,10238,False,0.8072587847709656
4433,1463,8244,True,0.8907501697540283
4434,1463,2808,False,0.8571203947067261
4435,1464,12216,False,0.640888512134552
4436,1464,4659,False,0.0
4437,1464,4204,False,0.6171257495880127
4438,1465,20564,False,0.8436751961708069
4439,1465,6802,True,0.8587942123413086
4440,1465,2872,False,0.8518030643463135
4441,1466,15575,False,0.8413622379302979
4442,1466,13592,False,0.8459755182266235
4443,1466,11641,True,0.8678701519966125
4444,1467,11532,True,0.8141573667526245
4445,1467,6088,False,0.8127754926681519
4446,1467,5507,False,0.8038274049758911
4447,1468,10254,False,0.9146976470947266
4448,1468,9996,False,0.8964546918869019
4449,1468,672,False,0.8974664211273193
4450,1469,9245,False,0.5893028378486633
4451,1469,1627,False,0.0
4452,1469,1278,False,0.581251859664917
4453,1470,16017,False,0.9201844930648804
4454,1470,14035,False,0.8694573044776917
4455,1470,6054,False,0.8733333349227905
4456,1471,20758,False,0.8980344533920288
4457,1471,13158,False,0.932038426399231
4458,1471,1177,False,0.8655073642730713
4459,1472,21014,False,0.6701829433441162
4460,1472,15471,False,0.6707523465156555
4461,1472,2966,False,0.6023021936416626
4462,1473,15187,False,0.6294951438903809
4463,1473,3250,True,0.9636540412902832
4464,1473,3248,False,0.8642826676368713
4465,1474,14224,False,0.7446495294570923
4466,1474,14215,False,0.6836617588996887
4467,1474,3961,True,0.8664664030075073
4468,1475,12654,True,0.9149705171585084
4469,1475,8650,False,0.8758987188339233
4470,1475,2678,False,0.8784440755844116
4471,1476,19321,False,0.7650425434112549
4472,1476,11083,True,0.9877649545669556
4473,1476,1124,False,0.9320844411849976
4474,1477,12399,False,0.7679330706596375
4475,1477,8420,False,0.8778679370880127
4476,1477,2432,True,0.9178056120872498
4477,1478,19193,False,0.7763388752937317
4478,1478,15680,False,0.7176764011383057
4479,1478,1766,True,0.774773120880127
4480,1479,14308,False,0.7859467267990112
4481,1479,10478,False,0.6250344514846802
4482,1479,5342,False,0.6238936185836792
4483,1480,9124,False,0.6693665981292725
4484,1480,8805,False,0.0
4485,1480,1459,False,0.0
4486,1481,16118,True,0.8351922035217285
4487,1481,12072,False,0.8326864838600159
4488,1481,4162,False,0.8582333326339722
4489,1482,6504,False,0.7455788850784302
4490,1482,6503,True,0.8414890766143799
4491,1482,2551,False,0.805017352104187
4492,1483,21406,False,0.7632633447647095
4493,1483,7546,False,0.8040385246276855
4494,1483,5531,False,0.770205557346344
4495,1484,21490,False,0.848541259765625
4496,1484,16085,False,0.7281674146652222
4497,1484,15558,True,0.880458652973175
4498,1485,3353,False,0.7471582889556885
4499,1485,1375,True,0.911341905593872
4500,1485,166,False,0.7966481447219849
4501,1486,13414,False,0.8659716248512268
4502,1486,11438,False,0.8157362937927246
4503,1486,5421,False,0.832798957824707
4504,1487,3576,False,0.8328845500946045
4505,1487,3573,True,0.7745966911315918
4506,1487,888,False,0.8160175085067749
4507,1488,8921,False,0.0
4508,1488,5389,False,0.0
4509,1488,57,False,0.4454803764820099
4510,1489,4461,False,0.8115397691726685
4511,1489,17080,False,0.8846458792686462
4512,1489,2077,True,0.8855453729629517
4513,1490,19560,False,0.0
4514,1490,6691,False,0.0
4515,1490,6690,False,0.0
4516,1491,18601,False,0.7197074294090271
4517,1491,10489,False,0.0
4518,1491,768,False,0.0
4519,1492,18601,False,0.7236987948417664
4520,1492,10489,False,0.0
4521,1492,768,False,0.0
4522,1493,19053,True,0.8889848589897156
4523,1493,11392,False,0.8679399490356445
4524,1493,6377,False,0.7845796346664429
4525,1494,13373,False,0.6581521034240723
4526,1494,9063,False,0.6508773565292358
4527,1494,6691,False,0.7140379548072815
4528,1494,6690,False,0.8121626377105713
4529,1495,17886,False,0.6661269068717957
4530,1495,16962,False,0.6687384843826294
4531,1495,12521,False,0.0
4532,1496,20035,False,0.7195184230804443
4533,1496,16727,False,0.0
4534,1496,2306,False,0.6274445056915283
4535,1497,9812,False,0.6490378379821777
4536,1497,8471,False,0.0
4537,1497,652,False,0.0
4538,1498,19352,False,0.8869020938873291
4539,1498,18777,False,0.9177149534225464
4540,1498,5234,True,0.9294384717941284
4541,1499,21803,False,0.0
4542,1499,17731,False,0.0
4543,1499,4637,True,0.8530063629150391
4544,1500,18564,False,0.7224724292755127
4545,1500,17007,True,0.730265200138092
4546,1500,16888,False,0.5471225380897522
4547,1501,18710,False,0.7840452194213867
4548,1501,14673,False,0.8181940913200378
4549,1501,8772,False,0.7126286029815674
4550,1502,14348,False,0.8845173120498657
4551,1502,13545,False,0.7841261625289917
4552,1502,4616,False,0.7483196258544922
4553,1503,17060,False,0.7261796593666077
4554,1503,16761,False,0.8026057481765747
4555,1503,2013,False,0.8750352263450623
4556,1504,8885,False,0.8968455791473389
4557,1504,4817,True,0.9743760824203492
4558,1504,4813,False,0.873259425163269
4559,1505,16360,False,0.7896795272827148
4560,1505,12090,False,0.8390299677848816
4561,1505,4082,True,0.85295569896698
4562,1506,17571,False,0.8703720569610596
4563,1506,17249,False,0.8686875104904175
4564,1506,16666,True,0.8928683996200562
4565,1507,14635,True,0.9318293333053588
4566,1507,6690,False,0.9268622398376464
4567,1507,760,False,0.9273589253425598
4568,1508,19791,False,0.927725315093994
4569,1508,19514,True,0.9783605337142944
4570,1508,8617,False,0.9071584343910216
4571,1509,9332,True,0.8366622924804688
4572,1509,5274,False,0.8350883722305298
4573,1509,984,False,0.8995167016983032
4574,1510,19042,True,0.8242784142494202
4575,1510,12626,False,0.6358793377876282
4576,1510,2634,False,0.8588767647743225
4577,1511,8612,False,0.8134219646453857
4578,1511,4519,True,0.8907184600830078
4579,1511,4517,False,0.837604284286499
4580,1512,20844,True,0.8036140203475952
4581,1512,19684,False,0.7764853239059448
4582,1512,7334,False,0.6673887372016907
4583,1513,7556,False,0.9013960361480712
4584,1513,1592,True,0.9417755603790284
4585,1513,1591,False,0.8882145881652832
4586,1514,21421,False,0.0
4587,1514,15305,False,0.5718560218811035
4588,1514,2182,False,0.7239609956741333
4589,1515,7458,True,0.8368271589279175
4590,1515,5364,False,0.8415647149085999
4591,1515,2097,False,0.8039288520812988
4592,1516,8869,False,0.7461012601852417
4593,1516,6820,True,0.9244648218154908
4594,1516,4792,False,0.851164698600769
4595,1517,9987,False,0.737199604511261
4596,1517,9974,False,0.0
4597,1517,4259,False,0.0
4598,1517,579,False,0.5648535490036011
4599,1518,15579,False,0.7145179510116577
4600,1518,7208,False,0.5909523367881775
4601,1518,7207,False,0.514911949634552
4602,1519,20211,False,0.752716064453125
4603,1519,13420,False,0.8243976831436157
4604,1519,7446,False,0.6092501878738403
4605,1520,8559,False,0.8506580591201782
4606,1520,4864,False,0.7672584652900696
4607,1520,958,False,0.7993478178977966
4608,1521,16750,False,0.7775634527206421
4609,1521,5427,False,0.8031941056251526
4610,1521,5421,False,0.8191510438919067
4611,1522,21029,False,0.7790575623512268
4612,1522,12999,False,0.9051095247268676
4613,1522,1025,True,0.9142643213272096
4614,1523,19003,True,0.743169903755188
4615,1523,8735,False,0.6416885256767273
4616,1523,2750,False,0.649900496006012
4617,1524,8725,False,0.6816486716270447
4618,1524,6691,False,0.686170756816864
4619,1524,6690,False,0.7880604863166809
4620,1525,14455,False,0.8137572407722473
4621,1525,6502,True,0.7250975966453552
4622,1525,4462,False,0.821816086769104
4623,1526,18821,False,0.6392021775245667
4624,1526,18187,True,0.647964596748352
4625,1526,18186,True,0.765304446220398
4626,1527,21905,False,0.8420755863189697
4627,1527,7691,True,0.8433560132980347
4628,1527,5049,False,0.8240442276000977
4629,1528,18454,False,0.7443698048591614
4630,1528,18451,False,0.8827264308929443
4631,1528,16916,True,0.9524723291397096
4632,1529,20353,False,0.8560888767242432
4633,1529,13872,True,0.8570053577423096
4634,1529,1441,False,0.8120361566543579
4635,1530,19143,True,0.929423689842224
4636,1530,16938,False,0.896420955657959
4637,1530,16401,False,0.8910284042358398
4638,1531,17433,True,0.8736966848373413
4639,1531,16547,False,0.7964762449264526
4640,1531,16546,False,0.794206440448761
4641,1532,21933,False,0.7400931119918823
4642,1532,14949,False,0.0
4643,1532,11013,False,0.6891267895698547
4644,1533,21223,False,0.803780198097229
4645,1533,17873,False,0.6669533848762512
4646,1533,289,True,0.81886225938797
4647,1534,7056,False,0.8550582528114319
4648,1534,5038,False,0.836111307144165
4649,1534,1090,True,0.8760298490524292
4650,1535,20296,False,0.6160502433776855
4651,1535,18999,True,0.8041188716888428
4652,1535,18605,False,0.6979387998580933
4653,1536,16040,False,0.8726778030395508
4654,1536,12098,True,0.9041510820388794
4655,1536,6075,False,0.8358392119407654
4656,1537,19303,True,0.8506943583488464
4657,1537,9329,False,0.8621809482574463
4658,1537,8170,False,0.7140014171600342
4659,1538,10137,False,0.9023598432540894
4660,1538,6084,True,0.9207361936569214
4661,1538,4103,False,0.884909987449646
4662,1539,14722,False,0.91600501537323
4663,1539,4756,True,0.9208106994628906
4664,1539,4754,False,0.9005212187767029
4665,1540,13261,False,0.6515960097312927
4666,1540,2035,False,0.7054684162139893
4667,1540,1904,False,0.6174478530883789
4668,1541,21932,False,0.6221181154251099
4669,1541,5791,False,0.7136876583099365
4670,1541,872,False,0.7435192465782166
4671,1542,12389,False,0.8606339693069458
4672,1542,10127,True,0.918376088142395
4673,1542,7371,False,0.8706266283988953
4674,1543,12368,False,0.8699171543121338
4675,1543,10366,False,0.8923715949058533
4676,1543,8392,True,0.9052292108535768
4677,1544,21467,False,0.6543084383010864
4678,1544,13194,True,0.6742604970932007
4679,1544,13192,True,0.6846663951873779
4680,1545,21374,True,0.9559870958328248
4681,1545,18190,False,0.6526114344596863
4682,1545,13698,False,0.5806254744529724
4683,1546,14674,False,0.860366940498352
4684,1546,4718,True,0.9335752725601196
4685,1546,2802,False,0.8688733577728271
4686,1547,13133,False,0.7085710167884827
4687,1547,9935,True,0.8735464811325073
4688,1547,4788,False,0.842515230178833
4689,1548,20194,False,0.6395310759544373
4690,1548,9245,True,0.7283132076263428
4691,1548,3266,False,0.6887273192405701
4692,1549,21544,False,0.7670570611953735
4693,1549,12526,True,0.7862771153450012
4694,1549,10491,False,0.7192417979240417
4695,1550,11326,True,0.883045494556427
4696,1550,5302,False,0.7385938167572021
4697,1550,3348,False,0.7247545719146729
4698,1551,7854,False,0.7647913694381714
4699,1551,6893,True,0.8674007654190063
4700,1551,4875,False,0.6528483033180237
4701,1552,16007,False,0.0
4702,1552,9156,True,0.9719488620758056
4703,1552,1193,False,0.7259647846221924
4704,1553,15844,False,0.8266258239746094
4705,1553,15119,True,0.8575204014778137
4706,1553,7170,False,0.8004471659660339
4707,1554,21139,True,0.7653339505195618
4708,1554,10435,True,0.782096266746521
4709,1554,3201,False,0.6838940978050232
4710,1555,16608,False,0.0
4711,1555,16333,False,0.0
4712,1555,820,False,0.0
4713,1556,15906,False,0.6940904855728149
4714,1556,5986,False,0.7031248807907104
4715,1556,1550,False,0.6899093389511108
4716,1557,11566,False,0.0
4717,1557,7557,False,0.6072589159011841
4718,1557,485,False,0.0
4719,1558,12852,False,0.8217031359672546
4720,1558,12363,False,0.7216075658798218
4721,1558,4508,True,0.836906373500824
4722,1559,18207,True,0.8518931865692139
4723,1559,16655,False,0.7881402969360352
4724,1559,14553,False,0.8485521674156189
4725,1560,19963,False,0.8950886130332947
4726,1560,19669,True,0.894210934638977
4727,1560,13704,True,0.8958166837692261
4728,1560,3823,False,0.7756171822547913
4729,1561,17302,False,0.7655211687088013
4730,1561,17048,True,0.8620282411575317
4731,1561,6235,False,0.8498884439468384
4732,1562,14117,False,0.8553203344345093
4733,1562,12169,True,0.6651291847229004
4734,1562,2203,True,0.870922863483429
4735,1563,11776,False,0.6517719030380249
4736,1563,8362,True,0.8066785931587219
4737,1563,430,False,0.7480121850967407
4738,1564,8934,False,0.8236205577850342
4739,1564,6914,True,0.8905367851257324
4740,1564,6913,False,0.8437660932540894
4741,1565,15107,False,0.5405381917953491
4742,1565,11141,False,0.6411583423614502
4743,1565,5126,False,0.483660340309143
4744,1566,19851,False,0.0
4745,1566,12833,False,0.6308006644248962
4746,1566,4357,False,0.0
4747,1567,20252,True,0.7058432102203369
4748,1567,15736,True,0.6609982252120972
4749,1567,1816,False,0.6229584813117981
4750,1568,21036,True,0.6973650455474854
4751,1568,17960,False,0.5785775780677795
4752,1568,8360,False,0.6319299936294556
4753,1569,21393,False,0.8884942531585693
4754,1569,19032,False,0.0
4755,1569,1025,False,0.0
4756,1570,19039,False,0.8040083646774292
4757,1570,14952,True,0.8143322467803955
4758,1570,4373,False,0.7237012386322021
4759,1571,10869,False,0.881646454334259
4760,1571,6998,True,0.9453861713409424
4761,1571,4739,False,0.8810380697250366
4762,1572,12181,False,0.7333893775939941
4763,1572,10209,False,0.8929012417793274
4764,1572,2018,False,0.6613417863845825
4765,1573,13416,False,0.91249680519104
4766,1573,9467,False,0.8897823095321655
4767,1573,5415,True,0.9264109134674072
4768,1574,2872,False,0.7988293170928955
4769,1574,2868,False,0.7972254753112793
4770,1574,2867,False,0.8282409310340881
4771,1575,18440,False,0.8004631996154785
4772,1575,11018,False,0.7086418867111206
4773,1575,819,False,0.7366957664489746
4774,1576,2422,False,0.8387486934661865
4775,1576,1879,False,0.6643860340118408
4776,1576,460,True,0.8653206825256348
4777,1577,21525,False,0.8995035886764526
4778,1577,13540,True,0.941242814064026
4779,1577,7565,False,0.927215814590454
4780,1578,3324,False,0.8878324031829834
4781,1578,3323,True,0.9814093708992004
4782,1578,210,False,0.8783966302871704
4783,1579,16051,False,0.7595585584640503
4784,1579,16050,False,0.7708684206008911
4785,1579,11460,True,0.8384988307952881
4786,1580,18708,False,0.0
4787,1580,21232,False,0.0
4788,1580,201,False,0.0
4789,1581,16040,True,0.873948872089386
4790,1581,12098,False,0.8990650773048401
4791,1581,6075,False,0.8943630456924438
4792,1582,19841,True,0.8907318115234375
4793,1582,9938,False,0.728145956993103
4794,1582,943,False,0.8693653345108032
4795,1583,15144,False,0.9098296165466307
4796,1583,13928,False,0.8450230360031128
4797,1583,2278,False,0.8675239086151123
4798,1584,14059,False,0.8089680671691895
4799,1584,11475,True,0.8502756357192993
4800,1584,7472,False,0.8242950439453125
4801,1585,18601,False,0.0
4802,1585,10489,False,0.0
4803,1585,5666,False,0.0
4804,1586,18601,False,0.7357475757598877
4805,1586,12797,False,0.0
4806,1586,2830,False,0.0
4807,1587,17657,False,0.6476603746414185
4808,1587,4025,False,0.0
4809,1587,3918,False,0.6398894786834717
4810,1588,16071,False,0.5597649812698364
4811,1588,12416,False,0.649125337600708
4812,1588,7506,True,0.8733813762664795
4813,1589,20790,True,0.9293318390846252
4814,1589,7435,False,0.9178650379180908
4815,1589,2645,False,0.9238361716270448
4816,1590,16047,False,0.9081575274467468
4817,1590,12104,False,0.901634931564331
4818,1590,8117,False,0.910530924797058
4819,1591,17447,True,0.731904149055481
4820,1591,15142,False,0.6280274987220764
4821,1591,3205,False,0.6728041172027588
4822,1592,16658,True,0.9523316621780396
4823,1592,267,False,0.8801789879798889
4824,1592,242,False,0.7317166924476624
4825,1593,15811,False,0.6868211030960083
4826,1593,15809,False,0.7618359327316284
4827,1593,1904,False,0.8147598505020142
4828,1594,14395,False,0.7876703143119812
4829,1594,8486,True,0.8217461705207825
4830,1594,526,False,0.7827333807945251
4831,1595,15389,False,0.8067609071731567
4832,1595,14395,False,0.7944374680519104
4833,1595,13390,True,0.8344080448150635
4834,1596,20220,True,0.657924234867096
4835,1596,15481,False,0.6520339250564575
4836,1596,15478,False,0.657233476638794
4837,1597,20319,False,0.700446367263794
4838,1597,11856,False,0.6508281230926514
4839,1597,11855,False,0.5975455045700073
4840,1598,8345,True,0.5347210168838501
4841,1598,5982,False,0.4103240668773651
4842,1598,17350,True,0.7206743955612183
4843,1599,19524,True,0.6278041005134583
4844,1599,10498,False,0.6003614068031311
4845,1599,692,False,0.7423639893531799
4846,1600,16617,False,0.8502256870269775
4847,1600,6444,True,0.8527176380157471
4848,1600,1749,False,0.0
4849,1601,20217,True,0.7893727421760559
4850,1601,5742,False,0.7621921300888062
4851,1601,5497,False,0.8419191241264343
4852,1602,19807,True,0.865070104598999
4853,1602,16202,False,0.7978172898292542
4854,1602,10608,False,0.8617873191833496
4855,1603,20826,False,0.7954685688018799
4856,1603,17897,False,0.799820601940155
4857,1603,11738,True,0.8053251504898071
4858,1604,21410,False,0.0
4859,1604,12792,False,0.0
4860,1604,7917,False,0.0
4861,1605,18465,False,0.9145539402961732
4862,1605,14687,False,0.9139528274536132
4863,1605,286,True,0.9515992403030396
4864,1606,21607,False,0.8240561485290527
4865,1606,18788,False,0.7663331627845764
4866,1606,18687,True,0.8225865364074707
4867,1607,20671,False,0.7897414565086365
4868,1607,13172,True,0.8292198777198792
4869,1607,10701,False,0.5668578743934631
4870,1608,21348,False,0.8486385345458984
4871,1608,11490,True,0.9185691475868224
4872,1608,7259,False,0.8689919114112854
4873,1609,10471,False,0.8161245584487915
4874,1609,8506,False,0.8364185094833374
4875,1609,2509,True,0.819794774055481
4876,1610,13626,False,0.0
4877,1610,10450,True,0.861175537109375
4878,1610,4489,False,0.0
4879,1611,20417,False,0.895840048789978
4880,1611,12696,False,0.8681615591049194
4881,1611,10670,False,0.8602263331413269
4882,1612,20599,False,0.6702243685722351
4883,1612,18036,False,0.0
4884,1612,16808,False,0.0
4885,1613,17218,False,0.7830032110214233
4886,1613,7732,True,0.8301827907562256
4887,1613,3709,False,0.600299596786499
4888,1614,11350,True,0.8813263177871704
4889,1614,8880,False,0.8251895904541016
4890,1614,6431,False,0.814774751663208
4891,1615,12973,True,0.8728920221328735
4892,1615,5036,False,0.5762383937835693
4893,1615,3116,False,0.0
4894,1616,18945,False,0.6623097658157349
4895,1616,12494,False,0.6520618796348572
4896,1616,556,False,0.7747905850410461
4897,1617,22068,False,0.7335043549537659
4898,1617,8735,False,0.0
4899,1617,2748,True,0.8343262076377869
4900,1618,6364,True,0.8176132440567017
4901,1618,17772,False,0.5881494879722595
4902,1618,16780,False,0.621076226234436
4903,1619,9585,True,0.8756780624389648
4904,1619,5553,False,0.0
4905,1619,2144,False,0.0
4906,1620,12510,True,0.6925084590911865
4907,1620,4434,False,0.6892932653427124
4908,1620,558,False,0.7574936747550964
4909,1621,18546,False,0.8012941479682922
4910,1621,17885,False,0.8370733261108398
4911,1621,16058,True,0.932682991027832
4912,1622,22055,False,0.833060085773468
4913,1622,21509,False,0.8821403384208679
4914,1622,7134,False,0.0
4915,1623,6593,False,0.8269867897033691
4916,1623,6592,True,0.8057067394256592
4917,1623,4556,False,0.7579740285873413
4918,1624,17199,False,0.7991100549697876
4919,1624,13060,False,0.7578266263008118
4920,1624,5013,True,0.778765082359314
4921,1625,14757,True,0.8283861875534058
4922,1625,6831,False,0.7526848316192627
4923,1625,884,False,0.8341705203056335
4924,1626,20150,False,0.9105544090270996
4925,1626,13619,True,0.9289701581001282
4926,1626,3031,False,0.9165587425231934
4927,1627,7402,False,0.6733441352844238
4928,1627,3417,False,0.0
4929,1627,1427,False,0.0
4930,1628,14270,False,0.6285193562507629
4931,1628,8348,False,0.7850979566574097
4932,1628,6288,False,0.8450509905815125
4933,1629,18601,False,0.0
4934,1629,12521,False,0.0
4935,1629,10489,False,0.0
4936,1630,14811,False,0.8913515210151672
4937,1630,10852,False,0.8923991322517395
4938,1630,4836,True,0.9086934328079224
4939,1631,20757,False,0.9140704870224
4940,1631,15098,False,0.8555759191513062
4941,1631,6556,False,0.7958122491836548
4942,1632,20070,True,0.9249700903892516
4943,1632,14491,False,0.8597562313079834
4944,1632,626,False,0.9165340662002563
4945,1633,20778,False,0.6715729832649231
4946,1633,19554,False,0.7344422936439514
4947,1633,998,False,0.6974882483482361
4948,1634,12593,False,0.0
4949,1634,6538,False,0.0
4950,1634,1978,False,0.0
4951,1635,20243,True,0.7831953167915344
4952,1635,13127,False,0.7137699127197266
4953,1635,12614,False,0.779953122138977
4954,1636,19715,False,0.7604290843009949
4955,1636,17302,False,0.7304578423500061
4956,1636,17048,False,0.8039296865463257
4957,1637,17529,True,0.8740079998970032
4958,1637,17247,False,0.7650617361068726
4959,1637,1270,True,0.8103469014167786
4960,1638,17989,True,0.7012270092964172
4961,1638,17317,False,0.7115042805671692
4962,1638,17028,False,0.7238361239433289
4963,1639,12425,False,0.0
4964,1639,10783,False,0.0
4965,1639,6392,False,0.0
4966,1640,11549,False,0.7349293231964111
4967,1640,9564,True,0.8450797200202942
4968,1640,15488,False,0.6797428131103516
4969,1641,15009,True,0.7367994785308838
4970,1641,13084,False,0.7244207859039307
4971,1641,11044,False,0.7220919132232666
4972,1642,20299,False,0.8068621158599854
4973,1642,18433,False,0.5509374737739563
4974,1642,11061,False,0.6600757241249084
4975,1643,14210,False,0.8196306824684143
4976,1643,10259,True,0.7432900667190552
4977,1643,6221,False,0.7752907276153564
4978,1643,4703,False,0.6530121564865112
4979,1644,12900,False,0.0
4980,1644,3990,False,0.0
4981,1644,1878,False,0.4529293179512024
4982,1645,16177,True,0.7287806868553162
4983,1645,12886,False,0.6455053091049194
4984,1645,10392,False,0.5702495574951172
4985,1646,16851,True,0.850508451461792
4986,1646,13032,False,0.8110148906707764
4987,1646,9034,False,0.870890200138092
4988,1647,17232,False,0.7977532148361206
4989,1647,16392,True,0.8113720417022705
4990,1647,1546,False,0.7749599814414978
4991,1648,19647,True,0.8293926119804382
4992,1648,16901,False,0.7312158942222595
4993,1648,1547,False,0.7295585870742798
4994,1649,18730,False,0.8695666790008545
4995,1649,14883,False,0.842679500579834
4996,1649,6952,True,0.8877772092819214
4997,1650,13201,False,0.8047777414321899
4998,1650,11230,False,0.7175386548042297
4999,1650,5207,False,0.7135714292526245
5000,1651,21822,False,0.0
5001,1651,13804,True,0.676188588142395
5002,1651,9729,False,0.6675047874450684
5003,1652,22001,False,0.869337797164917
5004,1652,14384,True,0.7943993210792542
5005,1652,13769,False,0.6874410510063171
5006,1653,15562,False,0.6416960954666138
5007,1653,7612,False,0.798858642578125
5008,1653,1649,True,0.8904469013214111
5009,1654,13416,False,0.891771674156189
5010,1654,9467,True,0.9166369438171388
5011,1654,5415,False,0.9069549441337584
5012,1655,12360,False,0.8382874131202698
5013,1655,10361,True,0.8555856347084045
5014,1655,2391,False,0.8716994524002075
5015,1656,14169,True,0.7364019751548767
5016,1656,4711,False,0.8386771082878113
5017,1656,4209,False,0.8268663883209229
5018,1657,17845,False,0.804958164691925
5019,1657,17517,False,0.7317650318145752
5020,1657,16332,True,0.8900102376937866
5021,1658,11963,False,0.7030571699142456
5022,1658,5645,True,0.7708182334899902
5023,1658,2501,False,0.7376711368560791
5024,1659,21263,False,0.0
5025,1659,18880,False,0.0
5026,1659,7168,False,0.0
5027,1660,15139,False,0.9185658097267152
5028,1660,13191,False,0.8417671918869019
5029,1660,11172,True,0.8624435067176819
5030,1661,21507,False,0.8925254344940186
5031,1661,20005,False,0.8112808465957642
5032,1661,18762,True,0.9431114196777344
5033,1662,17072,False,0.7437860369682312
5034,1662,4463,False,0.6553579568862915
5035,1662,1123,False,0.4946357011795044
5036,1663,21814,False,0.7432300448417664
5037,1663,10771,True,0.7457086443901062
5038,1663,6777,False,0.6942838430404663
5039,1664,21419,False,0.5681074261665344
5040,1664,9877,False,0.0
5041,1664,8408,False,0.5914852619171143
5042,1665,5202,False,0.6743952035903931
5043,1665,4840,False,0.7183277010917664
5044,1665,3132,False,0.762834906578064
5045,1666,18150,False,0.7565295696258545
5046,1666,14180,False,0.8395348191261292
5047,1666,6194,True,0.7766292691230774
5048,1667,14278,False,0.6605901718139648
5049,1667,12002,False,0.6385741233825684
5050,1667,422,False,0.6457502841949463
5051,1668,19552,False,0.7682458162307739
5052,1668,12656,False,0.8474523425102234
5053,1668,686,True,0.8185869455337524
5054,1669,19193,False,0.7771920561790466
5055,1669,16118,False,0.7213965058326721
5056,1669,15680,True,0.6608793139457703
5057,1670,18014,False,0.0
5058,1670,17069,False,0.0
5059,1670,13936,False,0.0
5060,1670,1900,False,0.0
5061,1671,20794,True,0.8443115949630737
5062,1671,19639,False,0.8024865984916687
5063,1671,4104,False,0.7429073452949524
5064,1672,19690,False,0.6757183074951172
5065,1672,9027,True,0.9058358669281006
5066,1672,4988,False,0.8779582977294922
5067,1673,21478,False,0.8109320998191833
5068,1673,13279,False,0.7743740677833557
5069,1673,6029,True,0.8530721664428711
5070,1674,19094,True,0.8135432004928589
5071,1674,18342,False,0.6504794359207153
5072,1674,17924,False,0.8100705146789551
5073,1675,18601,False,0.0
5074,1675,11421,False,0.0
5075,1675,768,False,0.0
5076,1676,19334,False,0.6992622017860413
5077,1676,16333,False,0.0
5078,1676,9288,False,0.0
5079,1677,19560,False,0.0
5080,1677,6691,False,0.0
5081,1677,6690,False,0.0
5082,1678,9063,False,0.6608850955963135
5083,1678,6691,False,0.6800757050514221
5084,1678,6690,False,0.7836518287658691
5085,1679,18601,False,0.7680608034133911
5086,1679,12797,False,0.0
5087,1679,10489,False,0.0
5088,1680,19334,False,0.7129257917404175
5089,1680,14699,False,0.0
5090,1680,14691,False,0.0
5091,1681,21603,False,0.903874397277832
5092,1681,20776,True,0.9207421541213988
5093,1681,1331,False,0.8270359635353088
5094,1682,12588,False,0.8141959309577942
5095,1682,12347,False,0.8485490083694458
5096,1682,625,False,0.8250380754470825
5097,1683,15523,True,0.7267210483551025
5098,1683,1604,False,0.6738587617874146
5099,1683,744,False,0.6970865726470947
5100,1684,17948,False,0.844079852104187
5101,1684,17291,False,0.8541317582130432
5102,1684,16957,True,0.8670645952224731
5103,1685,21644,False,0.0
5104,1685,16790,False,0.8478901386260986
5105,1685,7925,False,0.8072698712348938
5106,1686,20038,True,0.8849717974662781
5107,1686,19462,False,0.853175938129425
5108,1686,16123,False,0.5803771615028381
5109,1687,18485,False,0.0
5110,1687,18181,False,0.0
5111,1687,17543,False,0.0
5112,1687,16211,False,0.0
5113,1688,9336,False,0.781519889831543
5114,1688,7329,True,0.8165249824523926
5115,1688,1349,True,0.8192793726921082
5116,1689,17875,False,0.6247122287750244
5117,1689,292,True,0.8872435688972473
5118,1689,289,False,0.6800885200500488
5119,1690,13933,False,0.7996478080749512
5120,1690,4226,True,0.8014964461326599
5121,1690,2047,False,0.6806330680847168
5122,1691,18252,False,0.6249548196792603
5123,1691,17878,False,0.0
5124,1691,15568,False,0.6371055841445923
5125,1692,11687,False,0.0
5126,1692,18095,False,0.6040055751800537
5127,1692,26,False,0.625974714756012
5128,1693,19415,False,0.0
5129,1693,18880,False,0.5604143738746643
5130,1693,17805,False,0.0
5131,1694,20397,False,0.8712908625602722
5132,1694,11026,True,0.8813097476959229
5133,1694,3793,False,0.8213797807693481
5134,1695,17603,False,0.7669915556907654
5135,1695,17274,True,0.8982995748519897
5136,1695,14272,False,0.8135642409324646
5137,1696,20035,False,0.6692969799041748
5138,1696,16364,False,0.6559057235717773
5139,1696,15923,False,0.7729731798171997
5140,1697,21667,True,0.8426539897918701
5141,1697,17911,False,0.7424581050872803
5142,1697,16578,False,0.7858371734619141
5143,1698,17477,False,0.6807299256324768
5144,1698,17173,False,0.8408625721931458
5145,1698,16294,True,0.7349754571914673
5146,1699,20801,False,0.7583179473876953
5147,1699,17898,True,0.805130124092102
5148,1699,17103,False,0.8026213049888611
5149,1700,21099,False,0.7862616777420044
5150,1700,17085,True,0.8656467199325562
5151,1700,1722,False,0.7830190658569336
5152,1701,19647,False,0.8519147038459778
5153,1701,18549,False,0.8713272213935852
5154,1701,3532,True,0.8857375383377075
5155,1702,17898,False,0.8123145699501038
5156,1702,16823,True,0.8180271983146667
5157,1702,16518,False,0.7765698432922363
5158,1703,17701,True,0.8271292448043823
5159,1703,16187,False,0.5546243786811829
5160,1703,6818,False,0.5598824620246887
5161,1704,16231,True,0.9158557653427124
5162,1704,16201,False,0.6706986427307129
5163,1704,9119,False,0.687615156173706
5164,1705,14645,True,0.97388356924057
5165,1705,4676,False,0.9410130977630616
5166,1705,2758,False,0.9233165383338928
5167,1706,19735,False,0.0
5168,1706,17093,False,0.6769976615905762
5169,1706,17026,True,0.82638019323349
5170,1707,19521,True,0.7472785711288452
5171,1707,18347,False,0.6909940838813782
5172,1707,16269,False,0.7590365409851074
5173,1708,17726,False,0.7656309008598328
5174,1708,16651,False,0.6971548795700073
5175,1708,16226,True,0.8538172245025635
5176,1709,21093,False,0.7100765705108643
5177,1709,18038,False,0.7478774785995483
5178,1709,17392,False,0.7819873690605164
5179,1710,20038,False,0.7705087065696716
5180,1710,19462,True,0.7830325365066528
5181,1710,3956,False,0.7644690871238708
5182,1711,20219,True,0.8859498500823975
5183,1711,17875,False,0.8836575746536255
5184,1711,289,False,0.8568134307861328
5185,1712,18007,False,0.8348668217658997
5186,1712,17798,False,0.7948597073554993
5187,1712,5722,True,0.8984490633010864
5188,1713,21093,False,0.8636186718940735
5189,1713,17122,True,0.8804523944854736
5190,1713,10612,False,0.7355629205703735
5191,1714,18512,True,0.8640707731246948
5192,1714,18488,False,0.6102964878082275
5193,1714,16392,False,0.8013383150100708
5194,1715,20591,True,0.8896288871765137
5195,1715,8485,False,0.0
5196,1715,7140,False,0.0
5197,1716,9715,False,0.846646249294281
5198,1716,17712,False,0.8180973529815674
5199,1716,17396,True,0.8549888134002686
5200,1717,17261,True,0.7909220457077026
5201,1717,17075,False,0.0
5202,1717,16383,False,0.0
5203,1717,228,False,0.0
5204,1718,8845,True,0.8700875639915466
5205,1718,4780,False,0.861854612827301
5206,1718,867,False,0.8374936580657959
5207,1719,15297,False,0.6546667814254761
5208,1719,11293,False,0.6660887002944946
5209,1719,3589,False,0.716735303401947
5210,1720,20799,False,0.850458025932312
5211,1720,20522,True,0.8982851505279541
5212,1720,19380,False,0.7201583385467529
5213,1721,17766,False,0.6492187976837158
5214,1721,17437,False,0.6724165081977844
5215,1721,17436,False,0.6640087962150574
5216,1722,17707,False,0.7659116983413696
5217,1722,16213,False,0.7744186520576477
5218,1722,3679,True,0.8200209140777588
5219,1723,17766,False,0.6923545598983765
5220,1723,17437,True,0.7436580657958984
5221,1723,17436,False,0.7075791358947754
5222,1724,21393,False,0.6692327857017517
5223,1724,14416,False,0.0
5224,1724,11722,False,0.0
5225,1725,21637,False,0.7776052951812744
5226,1725,9399,True,0.8032766580581665
5227,1725,9398,True,0.7884190082550049
5228,1726,18463,True,0.9395157694816588
5229,1726,16332,False,0.6203004121780396
5230,1726,16331,False,0.9279849529266356
5231,1727,21943,False,0.6159591674804688
5232,1727,14918,True,0.8711079359054565
5233,1727,2899,False,0.6413016319274902
5234,1728,12561,False,0.8921518325805664
5235,1728,12125,True,0.9549343585968018
5236,1728,10151,False,0.9139942526817322
5237,1729,12866,True,0.9327044486999512
5238,1729,10806,False,0.928466260433197
5239,1729,2880,False,0.9354038238525392
5240,1730,12211,False,0.7243473529815674
5241,1730,6697,False,0.6474727392196655
5242,1730,4670,True,0.7773047685623169
5243,1731,6824,False,0.7224218845367432
5244,1731,1576,False,0.6668819189071655
5245,1731,1166,False,0.0
5246,1732,15702,False,0.8732970356941223
5247,1732,5720,True,0.898128867149353
5248,1732,5719,False,0.8667192459106445
5249,1733,21812,True,0.7428098917007446
5250,1733,17687,False,0.7124244570732117
5251,1733,13412,False,0.7010631561279297
5252,1734,14183,False,0.0
5253,1734,4397,False,0.7962154746055603
5254,1734,4394,False,0.7965125441551208
5255,1735,20342,False,0.0
5256,1735,10326,False,0.4866858720779419
5257,1735,6860,False,0.5752511620521545
5258,1736,17452,False,0.6637007594108582
5259,1736,16442,True,0.8148449659347534
5260,1736,5824,False,0.706102728843689
5261,1737,21662,False,0.8647075891494751
5262,1737,10255,True,0.9187750816345216
5263,1737,372,False,0.7252111434936523
5264,1738,20132,True,0.8080015182495117
5265,1738,20007,False,0.8289857506752014
5266,1738,12859,False,0.812912106513977
5267,1739,14092,True,0.881933331489563
5268,1739,5607,False,0.857516348361969
5269,1739,1663,False,0.8633617758750916
5270,1740,7975,True,0.7784293293952942
5271,1740,18028,False,0.778579831123352
5272,1740,17376,False,0.6970389485359192
5273,1741,17502,False,0.8188707828521729
5274,1741,8736,False,0.8513468503952026
5275,1741,2751,True,0.8681066036224365
5276,1742,15527,True,0.9636176228523254
5277,1742,14323,False,0.7392207980155945
5278,1742,5555,False,0.631145179271698
5279,1743,4961,False,0.8170967698097229
5280,1743,4036,True,0.8815961480140686
5281,1743,2063,False,0.7873172760009766
5282,1744,11712,False,0.8286780118942261
5283,1744,5686,False,0.7975093126296997
5284,1744,2205,False,0.8048102855682373
5285,1745,17211,False,0.835908055305481
5286,1745,16613,True,0.8993253111839294
5287,1745,6423,False,0.8770081996917725
5288,1746,16729,False,0.7435392141342163
5289,1746,16093,False,0.7050331830978394
5290,1746,8156,False,0.7158152461051941
5291,1747,6235,True,0.8302445411682129
5292,1747,17302,False,0.7868191003799438
5293,1747,4166,False,0.7165224552154541
5294,1748,17507,True,0.8289533853530884
5295,1748,5383,False,0.0
5296,1748,1439,False,0.0
5297,1749,13731,False,0.0
5298,1749,8433,False,0.6907051205635071
5299,1749,483,False,0.6818854808807373
5300,1750,19725,False,0.7859118580818176
5301,1750,12372,False,0.769523024559021
5302,1750,1954,False,0.6913817524909973
5303,1751,20117,True,0.9269126057624816
5304,1751,4201,False,0.6751008033752441
5305,1751,2751,False,0.0
5306,1752,18020,False,0.8347862958908081
5307,1752,17695,False,0.6275155544281006
5308,1752,10391,False,0.8722563982009888
5309,1753,18340,False,0.8380627632141113
5310,1753,16998,False,0.6200358271598816
5311,1753,16220,True,0.8668384552001953
5312,1754,21393,False,0.6382980346679688
5313,1754,15090,False,0.0
5314,1754,11707,False,0.0
5315,1755,13773,False,0.7939714193344116
5316,1755,9870,True,0.7747104167938232
5317,1755,1831,False,0.7192413806915283
5318,1756,14401,False,0.8023877739906311
5319,1756,9956,True,0.8805760741233826
5320,1756,4403,False,0.7906084656715393
5321,1757,20342,False,0.8443694114685059
5322,1757,12032,False,0.8251872062683105
5323,1757,6402,False,0.8515103459358215
5324,1758,13845,True,0.751918375492096
5325,1758,9789,False,0.5325832366943359
5326,1758,7113,False,0.7415890693664551
5327,1759,19691,False,0.6979117393493652
5328,1759,13261,False,0.570999801158905
5329,1759,1904,False,0.6386293172836304
5330,1760,18398,True,0.6825543642044067
5331,1760,18297,False,0.6325052976608276
5332,1760,16579,False,0.5247909426689148
5333,1761,12647,True,0.9893802404403688
5334,1761,12646,False,0.977874517440796
5335,1761,4576,False,0.9137861728668212
5336,1762,19369,False,0.7226966619491577
5337,1762,16029,True,0.8777995109558105
5338,1762,5368,True,0.6389177441596985
5339,1763,21094,False,0.0
5340,1763,20752,False,0.0
5341,1763,10969,False,0.0
5342,1764,15809,False,0.6307757496833801
5343,1764,13775,False,0.6850076913833618
5344,1764,1904,False,0.6436174511909485
5345,1765,14204,False,0.5847936868667603
5346,1765,14203,False,0.5667699575424194
5347,1765,6217,False,0.7281807661056519
5348,1766,19279,False,0.7838838696479797
5349,1766,5888,True,0.8226429224014282
5350,1766,4204,False,0.7709208726882935
5351,1767,4882,False,0.63280189037323
5352,1767,10405,True,0.7666735649108887
5353,1767,1832,False,0.7589976787567139
5354,1768,21425,False,0.6250921487808228
5355,1768,15860,False,0.9043831825256348
5356,1768,7940,False,0.922232747077942
5357,1769,20856,False,0.0
5358,1769,10217,False,0.5745221376419067
5359,1769,2244,True,0.6812752485275269
5360,1770,14557,False,0.8063557744026184
5361,1770,12633,False,0.8113322257995605
5362,1770,2655,False,0.8095590472221375
5363,1771,17188,True,0.7844375967979431
5364,1771,16912,False,0.8199144601821899
5365,1771,15884,False,0.7424907684326172
5366,1772,10590,False,0.7272858619689941
5367,1772,7233,False,0.7608659863471985
5368,1772,18154,False,0.6096256375312805
5369,1773,21638,False,0.7107734680175781
5370,1773,20276,False,0.7113778591156006
5371,1773,6527,False,0.0
5372,1774,18402,False,0.9140012264251708
5373,1774,17453,True,0.8873428106307983
5374,1774,17449,False,0.7333465218544006
5375,1775,12899,False,0.7405067682266235
5376,1775,934,True,0.6538770198822021
5377,1775,450,False,0.5795271396636963
5378,1776,16437,False,0.8130122423171997
5379,1776,15489,True,0.8602694869041443
5380,1776,13179,False,0.8180325031280518
5381,1777,19260,False,0.7850058674812317
5382,1777,17901,False,0.8380612134933472
5383,1777,3750,True,0.8561121225357056
5384,1778,12777,False,0.0
5385,1778,4304,False,0.0
5386,1778,13002,False,0.0
5387,1779,10692,False,0.833147406578064
5388,1779,9712,False,0.8751653432846069
5389,1779,760,False,0.8244282603263855
5390,1780,18485,False,0.0
5391,1780,18181,False,0.0
5392,1780,17543,False,0.0
5393,1780,16211,False,0.0
5394,1781,4397,False,0.824043869972229
5395,1781,4394,True,0.8226678371429443
5396,1781,827,False,0.7213282585144043
5397,1782,20422,False,0.0
5398,1782,14112,False,0.7392751574516296
5399,1782,10194,False,0.5683304071426392
5400,1783,21575,False,0.0
5401,1783,20117,False,0.0
5402,1783,19124,False,0.0
5403,1784,14395,False,0.7576718330383301
5404,1784,11403,True,0.8438167572021484
5405,1784,4395,False,0.7593828439712524
5406,1785,20035,True,0.7460526823997498
5407,1785,2306,False,0.5940111875534058
5408,1785,8,False,0.0
5409,1786,13305,False,0.0
5410,1786,10531,False,0.0
5411,1786,5074,False,0.0
5412,1787,17878,False,0.5631116032600403
5413,1787,15568,False,0.5414412021636963
5414,1787,9644,False,0.6288807988166809
5415,1788,7709,False,0.0
5416,1788,4539,False,0.590998649597168
5417,1788,1732,False,0.0
5418,1789,18845,False,0.6523032784461975
5419,1789,11778,True,0.9131417274475098
5420,1789,5744,False,0.8355470895767212
5421,1790,17538,False,0.0
5422,1790,2260,False,0.0
5423,1790,19800,True,0.8764551877975464
5424,1791,19538,True,0.8766987323760986
5425,1791,16870,False,0.8436129689216614
5426,1791,16560,False,0.8666235208511353
5427,1792,10466,False,0.8555591106414795
5428,1792,8494,True,0.8648820519447327
5429,1792,6445,False,0.7996382713317871
5430,1793,11710,False,0.8896834850311279
5431,1793,9737,False,0.927506685256958
5432,1793,7712,False,0.891477108001709
5433,1794,21765,False,0.7425556778907776
5434,1794,21638,False,0.7903209328651428
5435,1794,20276,False,0.8029575347900391
5436,1795,15985,False,0.7731096148490906
5437,1795,10073,False,0.7891778945922852
5438,1795,2063,False,0.8022264838218689
5439,1796,14540,False,0.7593719363212585
5440,1796,6590,False,0.8716995716094971
5441,1796,6587,False,0.6448906064033508
5442,1797,15985,False,0.7684112191200256
5443,1797,6004,True,0.8129928708076477
5444,1797,2063,False,0.7554629445075989
5445,1798,20145,False,0.0
5446,1798,19797,True,0.6706643104553223
5447,1798,5653,False,0.6314645409584045
5448,1799,17766,False,0.6847923994064331
5449,1799,17765,True,0.7297705411911011
5450,1799,17436,False,0.7300630807876587
5451,1800,20481,False,0.0
5452,1800,18482,False,0.0
5453,1800,17261,False,0.4983426630496979
5454,1801,17878,False,0.5632674098014832
5455,1801,15568,False,0.4920802116394043
5456,1801,9644,False,0.6261417865753174
5457,1802,14924,True,0.9199977517127992
5458,1802,9095,False,0.8733235597610474
5459,1802,3105,False,0.8491587042808533
5460,1803,6872,True,0.84821617603302
5461,1803,4853,False,0.7704781293869019
5462,1803,2941,False,0.7079913020133972
5463,1804,20795,False,0.7650471329689026
5464,1804,14112,False,0.6571298241615295
5465,1804,7948,False,0.7588163614273071
5466,1805,15541,False,0.9451106786727904
5467,1805,11591,False,0.8581727147102356
5468,1805,9612,True,0.862406849861145
5469,1806,21593,False,0.884793758392334
5470,1806,16932,True,0.943446159362793
5471,1806,7161,False,0.9165521264076232
5472,1807,11451,False,0.7324033975601196
5473,1807,6917,False,0.6532046794891357
5474,1807,1483,True,0.7919007539749146
5475,1808,19188,False,0.8147839903831482
5476,1808,16727,False,0.0
5477,1808,4116,False,0.7268917560577393
5478,1809,21955,False,0.8779060244560242
5479,1809,16909,False,0.8317673206329346
5480,1809,9064,True,0.8887208104133606
5481,1810,16152,False,0.8935357332229614
5482,1810,6172,True,0.941922664642334
5483,1810,577,False,0.7778241634368896
5484,1811,11111,False,0.816016435623169
5485,1811,7920,False,0.0
5486,1811,1143,True,0.8832693696022034
5487,1812,12857,False,0.6832774877548218
5488,1812,12366,False,0.6820688247680664
5489,1812,6324,True,0.945343852043152
5490,1813,17215,False,0.8381690979003906
5491,1813,3253,False,0.919263243675232
5492,1813,1607,True,0.9928297400474548
5493,1814,12532,False,0.5491366386413574
5494,1814,6497,False,0.53000408411026
5495,1814,203,False,0.0
5496,1815,17571,False,0.8372880816459656
5497,1815,17249,True,0.8375536799430847
5498,1815,16666,False,0.8573405742645264
5499,1816,17188,False,0.8965137600898743
5500,1816,16912,True,0.9063235521316528
5501,1816,15884,False,0.8970407247543335
5502,1817,21296,False,0.6692111492156982
5503,1817,18425,True,0.7205920219421387
5504,1817,16760,False,0.6376063823699951
5505,1818,15809,False,0.7085860371589661
5506,1818,11206,False,0.6500608921051025
5507,1818,1904,False,0.7783454060554504
5508,1819,20281,False,0.0
5509,1819,12901,False,0.0
5510,1819,8929,False,0.0
5511,1820,12560,False,0.0
5512,1820,11361,False,0.0
5513,1820,11170,False,0.0
5514,1821,10712,False,0.7904964685440063
5515,1821,10711,True,0.8172036409378052
5516,1821,9473,False,0.5757437944412231
5517,1822,18321,True,0.7795567512512207
5518,1822,16798,False,0.8231744766235352
5519,1822,8546,False,0.7422268390655518
5520,1823,21772,False,0.0
5521,1823,8996,False,0.0
5522,1823,8449,False,0.0
5523,1823,1404,False,0.0
5524,1824,15224,True,0.9372190833091736
5525,1824,14224,False,0.7057844996452332
5526,1824,2324,False,0.5117640495300293
5527,1825,7034,False,0.8661537170410156
5528,1825,16112,False,0.8569715023040771
5529,1825,13685,True,0.7831236124038696
5530,1826,20276,False,0.654306173324585
5531,1826,16724,False,0.736844539642334
5532,1826,7504,False,0.7361544966697693
5533,1827,12586,False,0.8682810664176941
5534,1827,2579,False,0.8483917117118835
5535,1827,2578,True,0.865993857383728
5536,1828,17452,False,0.6555665135383606
5537,1828,16442,False,0.7589730620384216
5538,1828,14666,False,0.0
5539,1829,19353,False,0.8540250062942505
5540,1829,9286,False,0.7423739433288574
5541,1829,1305,True,0.9205610156059264
5542,1830,21428,False,0.0
5543,1830,18953,False,0.0
5544,1830,10424,False,0.0
5545,1831,14644,False,0.8487050533294678
5546,1831,10754,True,0.8964513540267944
5547,1831,2754,False,0.8798288106918335
5548,1832,13396,False,0.8277167081832886
5549,1832,2380,False,0.6193843483924866
5550,1832,432,True,0.9754549264907836
5551,1833,19652,False,0.7266391515731812
5552,1833,9342,False,0.9724981188774108
5553,1833,5542,True,0.9863235950469972
5554,1834,18463,False,0.9365869760513306
5555,1834,16494,False,0.6268318295478821
5556,1834,16331,True,0.92904531955719
5557,1835,21720,False,0.81159508228302
5558,1835,5151,True,0.8804910182952881
5559,1835,1934,False,0.7972443103790283
5560,1836,14217,False,0.7275906205177307
5561,1836,9493,True,0.7278896570205688
5562,1836,3495,False,0.7684240341186523
5563,1837,13677,True,0.9322655200958252
5564,1837,11433,False,0.7956305146217346
5565,1837,7433,False,0.8251788020133972
5566,1838,17554,False,0.7722738981246948
5567,1838,16729,True,0.7058496475219727
5568,1838,15600,False,0.61577308177948
5569,1839,21955,True,0.8658989667892456
5570,1839,16909,False,0.8230928778648376
5571,1839,9064,False,0.8871876001358032
5572,1840,15078,False,0.57391756772995
5573,1840,2223,False,0.5694642066955566
5574,1840,184,False,0.0
5575,1841,18623,True,0.97479248046875
5576,1841,2327,False,0.8545488119125366
5577,1841,2326,False,0.9214234352111816
5578,1842,21575,False,0.7821322679519653
5579,1842,19694,False,0.8206548690795898
5580,1842,3662,True,0.8565806150436401
5581,1843,14851,False,0.7724997401237488
5582,1843,8939,False,0.7407246232032776
5583,1843,4900,True,0.8716576099395752
5584,1844,20809,True,0.7152004241943359
5585,1844,13544,False,0.745049238204956
5586,1844,1597,False,0.6282610893249512
5587,1845,19403,False,0.8960743546485901
5588,1845,16106,False,0.8782627582550049
5589,1845,185,True,0.7784853577613831
5590,1846,14504,False,0.8073382377624512
5591,1846,6545,False,0.7047369480133057
5592,1846,632,False,0.7587432861328125
5593,1847,19546,False,0.7220777273178101
5594,1847,18413,False,0.7221613526344299
5595,1847,16486,True,0.7298659086227417
5596,1848,12979,False,0.7805962562561035
5597,1848,7504,True,0.8372617363929749
5598,1848,3523,False,0.8232221603393555
5599,1849,20795,False,0.7227008938789368
5600,1849,4105,True,0.5894286036491394
5601,1849,2202,False,0.6404927968978882
5602,1850,17488,True,0.8299506306648254
5603,1850,6903,False,0.9204925894737244
5604,1850,4883,False,0.7006102800369263
5605,1850,4882,False,0.6970144510269165
5606,1851,13348,True,0.9634195566177368
5607,1851,12453,False,0.7522404789924622
5608,1851,7385,False,0.8160579204559326
5609,1852,21688,False,0.8704408407211304
5610,1852,21560,False,0.812035322189331
5611,1852,12711,True,0.8826599717140198
5612,1853,21729,False,0.0
5613,1853,20767,False,0.5719752311706543
5614,1853,16450,False,0.0
5615,1854,12358,True,0.903756856918335
5616,1854,10356,False,0.8884250521659851
5617,1854,6317,True,0.895670473575592
5618,1855,21794,False,0.0
5619,1855,17687,False,0.6108983159065247
5620,1855,12474,True,0.7197134494781494
5621,1856,21637,False,0.7931376099586487
5622,1856,17347,False,0.7972143888473511
5623,1856,9399,False,0.784965991973877
5624,1857,18252,False,0.5923490524291992
5625,1857,17878,False,0.0
5626,1857,15568,False,0.6089076995849609
5627,1858,21268,True,0.7845057845115662
5628,1858,13518,False,0.789179801940918
5629,1858,10840,False,0.6403078436851501
5630,1859,21765,True,0.7496368885040283
5631,1859,21638,False,0.7072615623474121
5632,1859,20276,False,0.7190366983413696
5633,1860,18620,False,0.9080787301063538
5634,1860,5560,True,0.9606952667236328
5635,1860,2959,False,0.8381474018096924
5636,1861,18357,True,0.8052970767021179
5637,1861,11148,False,0.7764118909835815
5638,1861,6115,False,0.7206964492797852
5639,1862,20516,False,0.8221876621246338
5640,1862,9497,False,0.8853919506072998
5641,1862,7472,False,0.851513147354126
5642,1863,21325,True,0.9146814346313475
5643,1863,8814,False,0.8347519040107727
5644,1863,6774,False,0.836721658706665
5645,1864,21852,False,0.776699423789978
5646,1864,21612,True,0.7949862480163574
5647,1864,12322,False,0.7302785515785217
5648,1865,13731,False,0.0
5649,1865,8433,False,0.6891833543777466
5650,1865,483,False,0.6869349479675293
5651,1866,14359,True,0.9095375537872314
5652,1866,9388,False,0.9619353413581848
5653,1866,3606,False,0.7271023988723755
5654,1867,19401,False,0.7758852243423462
5655,1867,19124,False,0.8362016677856445
5656,1867,7704,False,0.7819997072219849
5657,1867,7015,True,0.8707238435745239
5658,1868,13627,False,0.7892726063728333
5659,1868,5651,False,0.7752382755279541
5660,1868,4494,True,0.8676894307136536
5661,1869,15515,False,0.8354936838150024
5662,1869,10527,True,0.8721503615379333
5663,1869,8591,False,0.8485048413276672
5664,1870,12881,True,0.8855374455451965
5665,1870,8883,True,0.8347233533859253
5666,1870,2898,False,0.8137920498847961
5667,1871,14876,True,0.9118242859840392
5668,1871,4217,False,0.6136202812194824
5669,1871,2802,False,0.6743301153182983
5670,1872,12366,False,0.750885009765625
5671,1872,7997,False,0.4912819564342499
5672,1872,6324,False,0.7563979029655457
5673,1873,15364,True,0.8214228749275208
5674,1873,9534,False,0.6365716457366943
5675,1873,8945,False,0.6698450446128845
5676,1874,16326,False,0.0
5677,1874,14194,False,0.0
5678,1874,10701,False,0.5280966758728027
5679,1875,13348,False,0.7452207803726196
5680,1875,9386,True,0.7601958513259888
5681,1875,3369,False,0.745221734046936
5682,1876,21640,False,0.0
5683,1876,18891,False,0.5966237783432007
5684,1876,15098,False,0.0
5685,1877,4572,False,0.8228563070297241
5686,1877,2927,True,0.7140700221061707
5687,1877,946,False,0.7242196798324585
5688,1878,11365,False,0.5386695861816406
5689,1878,8347,False,0.6897769570350647
5690,1878,6285,False,0.5760823488235474
5691,1879,9989,True,0.8801225423812866
5692,1879,7976,False,0.8796359896659851
5693,1879,622,False,0.8220897912979126
5694,1880,17878,False,0.6358500719070435
5695,1880,15568,False,0.5498612523078918
5696,1880,9644,False,0.6797513365745544
5697,1881,13703,False,0.0
5698,1881,10893,False,0.7587230205535889
5699,1881,10891,False,0.7506350874900818
5700,1881,8934,False,0.7539008855819702
5701,1881,6913,False,0.7473638653755188
5702,1882,12726,False,0.7934454679489136
5703,1882,10854,True,0.9698283076286316
5704,1882,5842,False,0.9496805667877196
5705,1883,19123,True,0.7200261950492859
5706,1883,15051,False,0.0
5707,1883,11890,False,0.0
5708,1883,5518,False,0.0
5709,1884,17578,False,0.768114447593689
5710,1884,16980,False,0.7819712162017822
5711,1884,16001,True,0.8520430326461792
5712,1885,2010,True,0.7684841752052307
5713,1885,19216,False,0.6183761358261108
5714,1885,4281,False,0.6939762830734253
5715,1886,21417,False,0.7773972749710083
5716,1886,17807,True,0.8589533567428589
5717,1886,16776,False,0.8064491748809814
5718,1887,15667,False,0.8791756629943848
5719,1887,3720,False,0.0
5720,1887,3716,True,0.9172403216362
5721,1888,6730,False,0.7804932594299316
5722,1888,6729,False,0.9335299730300904
5723,1888,4209,False,0.8413007855415344
5724,1889,7895,False,0.5127202272415161
5725,1889,20029,False,0.0
5726,1889,17501,False,0.0
5727,1890,19573,False,0.8125168085098267
5728,1890,13662,False,0.7404582500457764
5729,1890,6397,False,0.8516571521759033
5730,1891,19706,False,0.7001187205314636
5731,1891,15304,True,0.9248061776161194
5732,1891,3329,False,0.8485642671585083
5733,1892,19691,False,0.7734383940696716
5734,1892,13777,True,0.8588306903839111
5735,1892,1904,False,0.6004940271377563
5736,1893,13149,False,0.8808640241622925
5737,1893,11120,True,0.9415861964225768
5738,1893,1158,False,0.9117431640625
5739,1894,14802,True,0.6800905466079712
5740,1894,12345,False,0.4817282855510711
5741,1894,3978,False,0.5098111033439636
5742,1895,7660,True,0.8573353886604309
5743,1895,7548,False,0.6098114252090454
5744,1895,1298,False,0.685674786567688
5745,1896,18833,False,0.0
5746,1896,10450,False,0.0
5747,1896,8481,False,0.0
5748,1897,16042,False,0.6456077098846436
5749,1897,11444,True,0.8814184665679932
5750,1897,5422,False,0.8784037828445435
5751,1898,20290,False,0.728584885597229
5752,1898,16040,False,0.7287163138389587
5753,1898,10123,True,0.8846491575241089
5754,1899,20831,False,0.7809492945671082
5755,1899,5458,True,0.8682687282562256
5756,1899,3750,False,0.7521674633026123
5757,1900,21503,False,0.7887450456619263
5758,1900,14082,False,0.8745405673980713
5759,1900,14079,False,0.7449524998664856
5760,1900,13771,False,0.760380744934082
5761,1901,19206,False,0.7131818532943726
5762,1901,10882,True,0.9786244034767152
5763,1901,8929,False,0.79207843542099
5764,1902,16360,False,0.6432884931564331
5765,1902,8123,True,0.6532031893730164
5766,1902,1536,False,0.7004553079605103
5767,1903,10674,True,0.8426201939582825
5768,1903,10218,False,0.0
5769,1903,6173,False,0.0
5770,1904,20198,False,0.6953166127204895
5771,1904,15684,True,0.7027987837791443
5772,1904,7744,False,0.706950843334198
5773,1905,11801,False,0.9488224983215332
5774,1905,8191,True,0.9566887021064758
5775,1905,7800,False,0.9510129690170288
5776,1906,12445,False,0.0
5777,1906,12366,False,0.6537008881568909
5778,1906,6324,False,0.7270649075508118
5779,1907,14428,False,0.9744904041290284
5780,1907,12500,False,0.968367636203766
5781,1907,10481,True,0.9911827445030212
5782,1908,8694,True,0.8936247825622559
5783,1908,20111,False,0.8906503319740295
5784,1908,4634,False,0.5274034738540649
5785,1909,15273,False,0.8916571736335754
5786,1909,11284,True,0.8493747115135193
5787,1909,1674,False,0.8224893808364868
5788,1910,9558,False,0.7989535331726074
5789,1910,7536,True,0.7129625082015991
5790,1910,5522,False,0.8278244733810425
5791,1911,18601,False,0.0
5792,1911,10747,False,0.0
5793,1911,768,False,0.0
5794,1912,7686,False,0.0
5795,1912,4739,False,0.0
5796,1912,768,False,0.0
5797,1913,10489,False,0.8379068970680237
5798,1913,7686,False,0.7237786054611206
5799,1913,5666,False,0.7413033843040466
5800,1914,12222,False,0.0
5801,1914,7686,False,0.0
5802,1914,5666,False,0.0
5803,1915,10106,False,0.7612210512161255
5804,1915,3421,False,0.7701581120491028
5805,1915,2096,True,0.8643246293067932
5806,1916,16832,False,0.7010811567306519
5807,1916,10813,False,0.7227237820625305
5808,1916,10812,True,0.7210389375686646
5809,1917,21897,False,0.6831871867179871
5810,1917,14149,True,0.7448642253875732
5811,1917,13544,False,0.0
5812,1918,15809,False,0.6414610743522644
5813,1918,7942,False,0.5698833465576172
5814,1918,1904,False,0.6392198801040649
5815,1919,6453,False,0.8267134428024292
5816,1919,4417,False,0.7956603765487671
5817,1919,543,True,0.8752951622009277
5818,1920,18542,False,0.8273568153381348
5819,1920,17247,False,0.6661902070045471
5820,1920,13431,True,0.8607497215270996
5821,1921,21398,False,0.0
5822,1921,10301,True,0.8217130303382874
5823,1921,4269,False,0.721359372138977
5824,1922,20240,True,0.8356552124023438
5825,1922,19216,False,0.0
5826,1922,14265,False,0.5587835907936096
5827,1923,10960,False,0.8070114254951477
5828,1923,10958,False,0.8286349773406982
5829,1923,8998,False,0.747938871383667
5830,1924,21227,False,0.7958670258522034
5831,1924,19550,True,0.8283159732818604
5832,1924,261,False,0.7815914154052734
5833,1925,21300,False,0.5596113204956055
5834,1925,14308,False,0.0
5835,1925,2406,True,0.6593846678733826
5836,1926,21594,False,0.7097684144973755
5837,1926,13878,False,0.7280673384666443
5838,1926,485,False,0.7552084922790527
5839,1927,14820,True,0.9623029828071594
5840,1927,4855,False,0.9573626518249512
5841,1927,951,False,0.9036654233932496
5842,1928,10795,True,0.7067390084266663
5843,1928,6806,True,0.7393630743026733
5844,1928,5439,False,0.5896222591400146
5845,1929,13262,False,0.0
5846,1929,8263,False,0.0
5847,1929,1245,False,0.0
5848,1930,15375,True,0.9408454298973083
5849,1930,13378,False,0.8835475444793701
5850,1930,1434,False,0.7995232343673706
5851,1931,11214,False,0.84931880235672
5852,1931,1258,True,0.9131274223327636
5853,1931,1257,False,0.9043890237808228
5854,1932,9095,False,0.929284393787384
5855,1932,9016,True,0.94253408908844
5856,1932,4979,False,0.9157887697219848
5857,1933,13855,False,0.8737414479255676
5858,1933,13159,False,0.8970363140106201
5859,1933,9138,False,0.9016313552856444
5860,1934,9578,False,0.8504676818847656
5861,1934,5537,False,0.8222123384475708
5862,1934,1584,True,0.8530818223953247
5863,1935,20275,False,0.6545928716659546
5864,1935,14762,False,0.6261526346206665
5865,1935,5916,False,0.6223899126052856
5866,1936,18140,False,0.8173748254776001
5867,1936,11295,True,0.9161866903305054
5868,1936,7302,False,0.7675318717956543
5869,1937,8500,True,0.8603590726852417
5870,1937,2891,False,0.7977760434150696
5871,1937,2881,False,0.8754382133483887
5872,1938,20726,False,0.9002506136894226
5873,1938,19138,False,0.7686536312103271
5874,1938,12904,True,0.9086316823959352
5875,1939,15089,True,0.887643575668335
5876,1939,5124,False,0.9026849269866944
5877,1939,1713,False,0.8582968711853027
5878,1940,19790,False,0.6536308526992798
5879,1940,17513,False,0.7153013944625854
5880,1940,2612,False,0.7161571979522705
5881,1941,17384,False,0.6853253245353699
5882,1941,17380,False,0.0
5883,1941,606,False,0.6825758218765259
5884,1942,10570,False,0.0
5885,1942,5590,False,0.6652649641036987
5886,1942,1587,True,0.8172662258148193
5887,1943,21633,False,0.8421109914779663
5888,1943,20859,False,0.8539462089538574
5889,1943,15780,True,0.8730732798576355
5890,1944,18666,False,0.7589230537414551
5891,1944,6985,False,0.7340016961097717
5892,1944,828,True,0.7476003170013428
5893,1945,16040,False,0.8886101841926575
5894,1945,13413,False,0.7843161225318909
5895,1945,6075,False,0.8760507106781006
5896,1946,20141,False,0.0
5897,1946,3306,False,0.590381383895874
5898,1946,1315,True,0.8436039090156555
5899,1947,19995,True,0.6252766847610474
5900,1947,14781,False,0.7383164167404175
5901,1947,5922,False,0.7974420785903931
5902,1948,19940,False,0.6941686868667603
5903,1948,15496,False,0.6904308795928955
5904,1948,4829,False,0.6916840672492981
5905,1949,20034,False,0.7599591612815857
5906,1949,17302,True,0.8733775615692139
5907,1949,17048,False,0.7957673072814941
5908,1950,19292,False,0.0
5909,1950,18440,True,0.8230563402175903
5910,1950,12331,False,0.7139137387275696
5911,1951,21576,False,0.8486955165863037
5912,1951,20443,True,0.9396441578865052
5913,1951,10895,False,0.904416799545288
5914,1952,7748,False,0.8733793497085571
5915,1952,1770,False,0.852759838104248
5916,1952,1769,True,0.940726637840271
5917,1953,13422,False,0.8348070979118347
5918,1953,11438,True,0.8270137906074524
5919,1953,5421,False,0.7980824708938599
5920,1954,15809,False,0.6083131432533264
5921,1954,1904,False,0.6238968968391418
5922,1954,528,False,0.8084932565689087
5923,1955,21221,False,0.8150153160095215
5924,1955,20238,True,0.8793236017227173
5925,1955,17185,False,0.835126519203186
5926,1956,17084,False,0.8567714691162109
5927,1956,16815,True,0.868966817855835
5928,1956,16214,False,0.8393728733062744
5929,1957,19902,False,0.8239952325820923
5930,1957,18173,True,0.8390100002288818
5931,1957,17570,False,0.9098021984100342
5932,1958,6818,False,0.523855447769165
5933,1958,17412,True,0.8015471696853638
5934,1958,16833,False,0.8207404613494873
5935,1959,19283,False,0.94744873046875
5936,1959,806,True,0.9858633279800416
5937,1959,304,False,0.9303722381591796
5938,1960,12603,False,0.6509859561920166
5939,1960,11820,False,0.7702146768569946
5940,1960,2284,True,0.8923026323318481
5941,1961,8373,True,0.8035677075386047
5942,1961,3977,False,0.778841495513916
5943,1961,2938,False,0.7106214761734009
5944,1962,13416,True,0.9304050803184508
5945,1962,9467,False,0.9119113683700562
5946,1962,5415,False,0.9269416332244872
5947,1963,14903,False,0.8709920644760132
5948,1963,6961,True,0.9539743065834044
5949,1963,1019,False,0.8802943229675293
5950,1964,21450,False,0.6226743459701538
5951,1964,14803,True,0.8219956159591675
5952,1964,12901,False,0.6654606461524963
5953,1965,20960,False,0.0
5954,1965,17704,False,0.0
5955,1965,14193,False,0.6582968831062317
5956,1966,10568,False,0.9181771278381348
5957,1966,6582,False,0.8966078758239746
5958,1966,656,True,0.9423433542251588
5959,1967,19166,True,0.7180097103118896
5960,1967,15854,False,0.5987592935562134
5961,1967,11942,False,0.7009003162384033
5962,1968,21511,True,0.6554933190345764
5963,1968,14466,False,0.6119608879089355
5964,1968,4030,False,0.0
5965,1969,15906,False,0.0
5966,1969,9311,False,0.5925724506378174
5967,1969,4231,False,0.0
5968,1970,19338,False,0.6712583303451538
5969,1970,14540,False,0.6351460814476013
5970,1970,1597,False,0.0
5971,1971,11725,False,0.8261939287185669
5972,1971,9809,False,0.6342896223068237
5973,1971,5881,False,0.6861206889152527
5974,1972,15541,True,0.9689857363700868
5975,1972,7581,False,0.9443515539169312
5976,1972,3593,True,0.9396942853927612
5977,1973,3155,True,0.9321532249450684
5978,1973,2945,False,0.8433020710945129
5979,1973,1139,False,0.9183989763259888
5980,1974,20574,False,0.8285077810287476
5981,1974,20285,False,0.7804518342018127
5982,1974,2018,False,0.8428852558135986
5983,1975,20586,False,0.7911309599876404
5984,1975,14129,False,0.8708921670913696
5985,1975,8180,True,0.92530357837677
5986,1976,22001,False,0.68038010597229
5987,1976,12761,False,0.6344175338745117
5988,1976,12093,True,0.8510147333145142
5989,1977,13329,False,0.6826337575912476
5990,1977,13020,False,0.871103048324585
5991,1977,65,False,0.8708995580673218
5992,1978,15144,False,0.9170101881027222
5993,1978,13928,False,0.823277473449707
5994,1978,2278,False,0.823493480682373
5995,1979,14829,False,0.8590769171714783
5996,1979,4860,False,0.8750184178352356
5997,1979,4859,True,0.9105910062789916
5998,1980,7476,False,0.8428843021392822
5999,1980,4278,True,0.93500554561615
6000,1980,1502,False,0.902562975883484
6001,1981,13162,False,0.7911667227745056
6002,1981,9095,False,0.8729101419448853
6003,1981,4979,False,0.910809338092804
6004,1982,21168,False,0.8045940399169922
6005,1982,20304,True,0.825674295425415
6006,1982,11745,False,0.8267937302589417
6007,1983,8934,False,0.827738881111145
6008,1983,8933,False,0.8443348407745361
6009,1983,6913,True,0.8993829488754272
6010,1984,9928,False,0.8985471129417419
6011,1984,7086,False,0.7449247241020203
6012,1984,1120,True,0.9217360019683838
6013,1985,10312,False,0.8088595271110535
6014,1985,3970,True,0.8368372917175293
6015,1985,3968,False,0.8340563774108887
6016,1986,17527,False,0.7051224112510681
6017,1986,15869,False,0.0
6018,1986,6413,True,0.723839521408081
6019,1987,16252,True,0.8724491000175476
6020,1987,10905,False,0.8564862608909607
6021,1987,8946,False,0.8062824010848999
6022,1988,19147,False,0.9089494347572328
6023,1988,18544,False,0.9317477941513062
6024,1988,9474,True,0.9573692083358764
6025,1989,21399,True,0.6985093355178833
6026,1989,14252,False,0.569177508354187
6027,1989,3972,False,0.6103048324584961
6028,1990,21296,False,0.7989017367362976
6029,1990,6275,False,0.7110024690628052
6030,1990,2013,False,0.8158159852027893
6031,1991,13890,False,0.7936385869979858
6032,1991,3919,False,0.7911500334739685
6033,1991,1966,False,0.7990709543228149
6034,1992,20486,True,0.9268320202827454
6035,1992,7245,False,0.9226983189582824
6036,1992,1274,False,0.8976016044616699
6037,1993,12803,False,0.6236696243286133
6038,1993,12802,False,0.702498197555542
6039,1993,8239,False,0.81873619556427
6040,1994,12803,False,0.851575493812561
6041,1994,11433,False,0.750159502029419
6042,1994,4736,True,0.8089812994003296
6043,1995,16447,True,0.9148815870285034
6044,1995,3878,False,0.8234550952911377
6045,1995,3172,False,0.8384486436843872
6046,1996,21936,False,0.7902833223342896
6047,1996,19010,True,0.7985539436340332
6048,1996,9288,False,0.7592039108276367
6049,1997,12451,True,0.9899912476539612
6050,1997,12450,False,0.9354699850082396
6051,1997,6406,False,0.8566681742668152
6052,1998,16079,False,0.8133794069290161
6053,1998,15549,False,0.0
6054,1998,8143,False,0.8456387519836426
6055,1999,20189,True,0.7408143877983093
6056,1999,9557,False,0.946995735168457
6057,1999,1022,False,0.7685337662696838
6058,2000,14203,False,0.7893470525741577
6059,2000,14202,True,0.8506426811218262
6060,2000,12250,False,0.8076477646827698
6061,2001,13988,True,0.8600670695304871
6062,2001,8208,False,0.8657889366149902
6063,2001,2074,False,0.6696974039077759
6064,2002,20957,True,0.7724027037620544
6065,2002,13008,False,0.8619848489761353
6066,2002,6988,False,0.707482635974884
6067,2003,15745,False,0.7299289703369141
6068,2003,5764,False,0.7149208784103394
6069,2003,2247,True,0.9268096685409546
6070,2004,19520,False,0.7901341319084167
6071,2004,7715,False,0.8229844570159912
6072,2004,1747,True,0.9772181510925292
6073,2005,6365,False,0.7735393047332764
6074,2005,14764,False,0.6838949918746948
6075,2005,13983,True,0.8074877262115479
6076,2006,21801,False,0.6661322712898254
6077,2006,13921,True,0.9458411335945128
6078,2006,6583,False,0.648563027381897
6079,2007,20461,True,0.8900766372680664
6080,2007,7103,False,0.8220950365066528
6081,2007,7102,False,0.8655446767807007
6082,2008,14092,False,0.7529826164245605
6083,2008,5607,False,0.7402287721633911
6084,2008,1663,True,0.745657205581665
6085,2009,21789,False,0.7881476283073425
6086,2009,19229,False,0.8081928491592407
6087,2009,12439,True,0.8519380688667297
6088,2010,19334,False,0.0
6089,2010,9064,False,0.0
6090,2010,9036,False,0.6202317476272583
6091,2011,5396,False,0.6658768057823181
6092,2011,4087,True,0.6609660387039185
6093,2011,1453,False,0.6804553270339966
6094,2012,17452,True,0.8912215232849121
6095,2012,16441,False,0.5327361226081848
6096,2012,5824,False,0.6293056011199951
6097,2013,21843,False,0.6702654957771301
6098,2013,9226,True,0.972486138343811
6099,2013,3247,False,0.7933900952339172
6100,2014,11740,False,0.8499448895454407
6101,2014,10634,False,0.7659996151924133
6102,2014,9456,True,0.8425019979476929
6103,2015,16442,False,0.7228896617889404
6104,2015,14666,False,0.0
6105,2015,5824,False,0.6828472018241882
6106,2016,12006,True,0.812785267829895
6107,2016,8017,False,0.7481020092964172
6108,2016,5974,False,0.761089026927948
6109,2016,2035,False,0.694853663444519
6110,2017,21674,False,0.87539142370224
6111,2017,17691,False,0.8794097900390625
6112,2017,16793,True,0.8980931043624878
6113,2018,11230,False,0.92056542634964
6114,2018,11227,False,0.9048515558242798
6115,2018,5207,True,0.934823513031006
6116,2019,17753,False,0.8375434875488281
6117,2019,17431,False,0.8000440001487732
6118,2019,16543,True,0.8560421466827393
6119,2020,18153,False,0.9106757044792176
6120,2020,8791,False,0.8755726218223572
6121,2020,286,False,0.9201658368110656
6122,2021,18319,False,0.8755956888198853
6123,2021,17451,False,0.8757649660110474
6124,2021,17374,True,0.8978011608123779
6125,2022,18804,False,0.5053088665008545
6126,2022,15187,False,0.0
6127,2022,11450,False,0.0
6128,2023,10822,False,0.7117983102798462
6129,2023,10821,False,0.6852080225944519
6130,2023,6573,False,0.8235267400741577
6131,2024,18710,True,0.8675796985626221
6132,2024,6738,False,0.8224941492080688
6133,2024,792,False,0.815170168876648
6134,2025,12664,True,0.8290945291519165
6135,2025,8667,False,0.7795289754867554
6136,2025,4602,False,0.7346343398094177
6137,2026,18648,True,0.6316758394241333
6138,2026,10550,False,0.7860928773880005
6139,2026,4528,False,0.7923668622970581
6140,2027,21020,False,0.7982920408248901
6141,2027,15977,False,0.8177812099456787
6142,2027,5837,False,0.8461543321609497
6143,2028,15426,False,0.7618534564971924
6144,2028,12891,False,0.8853978514671326
6145,2028,10048,False,0.7027918696403503
6146,2029,14035,True,0.912470042705536
6147,2029,6054,False,0.8855065107345581
6148,2029,6052,False,0.8268408179283142
6149,2030,13167,True,0.9228143692016602
6150,2030,9152,False,0.8843424320220947
6151,2030,3893,False,0.7827576398849487
6152,2031,13484,False,0.6929887533187866
6153,2031,13476,False,0.8005082607269287
6154,2031,11503,True,0.6592594981193542
6155,2032,12367,False,0.6667361855506897
6156,2032,12075,False,0.7451228499412537
6157,2032,5339,False,0.7142624855041504
6158,2033,19398,True,0.846144437789917
6159,2033,18679,False,0.8205491900444031
6160,2033,6556,False,0.8048321008682251
6161,2034,12701,False,0.633341908454895
6162,2034,10675,False,0.0
6163,2034,6674,False,0.6239974498748779
6164,2035,12094,False,0.6449612379074097
6165,2035,9228,False,0.0
6166,2035,8104,False,0.6949057579040527
6167,2036,21551,False,0.6796764731407166
6168,2036,18470,False,0.7639678120613098
6169,2036,18155,False,0.6394029855728149
6170,2037,21543,True,0.9908605217933656
6171,2037,19773,False,0.966519296169281
6172,2037,8519,False,0.9302710890769958
6173,2038,19243,False,0.6229929327964783
6174,2038,18723,False,0.0
6175,2038,600,False,0.6050109267234802
6176,2039,16769,False,0.7217066287994385
6177,2039,7443,True,0.8146812915802002
6178,2039,5413,False,0.7858819961547852
6179,2040,11534,False,0.8371708393096924
6180,2040,9550,True,0.846735417842865
6181,2040,4109,False,0.8242170214653015
6182,2041,19334,False,0.0
6183,2041,9288,False,0.0
6184,2041,304,False,0.0
6185,2042,19237,False,0.6109515428543091
6186,2042,14697,False,0.6461509466171265
6187,2042,13208,False,0.0
6188,2043,21496,False,0.8508450388908386
6189,2043,11723,False,0.8472867608070374
6190,2043,1751,False,0.8639026880264282
6191,2044,19027,False,0.66295325756073
6192,2044,11311,False,0.5857799053192139
6193,2044,5551,False,0.6712327599525452
6194,2045,15809,False,0.5949026346206665
6195,2045,1904,False,0.627498984336853
6196,2045,528,True,0.8637924194335938
6197,2046,19982,False,0.7036459445953369
6198,2046,17529,False,0.8615828156471252
6199,2046,17247,True,0.8223384022712708
6200,2047,11919,False,0.7971042394638062
6201,2047,8524,True,0.8533533811569214
6202,2047,2524,False,0.8414634466171265
6203,2048,20715,False,0.8314703702926636
6204,2048,10489,True,0.8964242935180664
6205,2048,8788,False,0.8549144864082336
6206,2049,18630,False,0.7089880704879761
6207,2049,6345,False,0.7801063060760498
6208,2049,2428,True,0.8239929676055908
6209,2050,21912,True,0.8996645212173462
6210,2050,12990,False,0.7907788753509521
6211,2050,3095,False,0.724189817905426
6212,2051,20442,False,0.7387613654136658
6213,2051,19554,True,0.8145355582237244
6214,2051,8772,False,0.7641710042953491
6215,2052,18863,False,0.801310122013092
6216,2052,17577,False,0.757174015045166
6217,2052,6286,True,0.962605595588684
6218,2053,15546,False,0.756521999835968
6219,2053,10806,False,0.626551628112793
6220,2053,9630,False,0.7775180339813232
6221,2053,6397,False,0.8253598213195801
6222,2054,19944,False,0.8300177454948425
6223,2054,11613,False,0.819072425365448
6224,2054,7601,True,0.882072389125824
6225,2055,16342,True,0.8812741637229919
6226,2055,15107,False,0.880859375
6227,2055,5126,False,0.8610228300094604
6228,2056,6556,False,0.8008373975753784
6229,2056,6200,False,0.9415327310562134
6230,2056,3063,False,0.8703056573867798
6231,2057,20033,False,0.7366854548454285
6232,2057,10293,True,0.8115533590316772
6233,2057,6243,False,0.6233912110328674
6234,2058,9496,False,0.7783058881759644
6235,2058,9262,True,0.8080747723579407
6236,2058,3490,False,0.7990076541900635
6237,2059,21629,False,0.7856860160827637
6238,2059,20247,False,0.774406909942627
6239,2059,5734,True,0.7927943468093872
6240,2060,16442,False,0.5942631959915161
6241,2060,16441,False,0.6595593094825745
6242,2060,14666,False,0.0
6243,2061,16591,False,0.7224858999252319
6244,2061,12245,False,0.7951053380966187
6245,2061,352,True,0.7804011106491089
6246,2062,8251,False,0.5578764081001282
6247,2062,2270,False,0.648108720779419
6248,2062,343,False,0.7701833248138428
6249,2063,13152,False,0.8601608276367188
6250,2063,6308,True,0.8306089639663696
6251,2063,3140,False,0.9331071376800536
6252,2064,12738,False,0.6994410753250122
6253,2064,6710,False,0.731257438659668
6254,2064,6709,False,0.7953935265541077
6255,2065,11223,False,0.642583966255188
6256,2065,9557,False,0.8208435773849487
6257,2065,2799,False,0.7123582363128662
6258,2066,19560,False,0.0
6259,2066,6691,False,0.0
6260,2066,6690,False,0.0
6261,2067,18601,False,0.7572038173675537
6262,2067,12797,False,0.0
6263,2067,2830,False,0.0
6264,2068,16608,False,0.0
6265,2068,14707,False,0.0
6266,2068,6750,False,0.0
6267,2069,21448,True,0.9020852446556092
6268,2069,5119,False,0.7676953077316284
6269,2069,127,False,0.9035933017730712
6270,2070,6538,False,0.0
6271,2070,4496,False,0.7169302701950073
6272,2070,1978,False,0.0
6273,2071,21325,False,0.905276894569397
6274,2071,8814,True,0.8450034856796265
6275,2071,6774,False,0.8436114192008972
6276,2072,9737,False,0.8836790323257446
6277,2072,2204,True,0.9353348016738892
6278,2072,1742,False,0.8884034752845764
6279,2073,15479,True,0.8489301204681396
6280,2073,11539,False,0.0
6281,2073,5514,False,0.0
6282,2074,17803,True,0.8548586368560791
6283,2074,17058,False,0.7403026223182678
6284,2074,394,False,0.7044962644577026
6285,2075,12985,False,0.0
6286,2075,8938,False,0.7231311798095703
6287,2075,1003,False,0.6448668837547302
6288,2076,18297,True,0.9309648275375366
6289,2076,16579,False,0.7844164967536926
6290,2076,282,False,0.7174844741821289
6291,2077,19346,True,0.948674201965332
6292,2077,13916,False,0.9356801509857178
6293,2077,3261,False,0.9402827620506288
6294,2078,3933,False,0.7340316772460938
6295,2078,3894,False,0.7621220350265503
6296,2078,68,True,0.8832057118415833
6297,2079,13974,False,0.9039719104766846
6298,2079,12023,True,0.9502609372138976
6299,2079,4000,False,0.9459788799285888
6300,2080,20626,False,0.8017135262489319
6301,2080,18134,True,0.8503596782684326
6302,2080,16295,False,0.8240629434585571
6303,2081,21936,False,0.7910207509994507
6304,2081,21935,True,0.8098444938659668
6305,2081,9288,False,0.7618829607963562
6306,2082,10869,False,0.8913223743438721
6307,2082,6998,False,0.8669486045837402
6308,2082,4739,False,0.8892170190811157
6309,2083,14539,True,0.9416435956954956
6310,2083,12618,False,0.8647539615631104
6311,2083,8624,False,0.8608051538467407
6312,2084,12266,False,0.7620446085929871
6313,2084,10951,False,0.8343178033828735
6314,2084,8987,True,0.7990291118621826
6315,2085,14128,False,0.8366885781288147
6316,2085,11745,False,0.8255143165588379
6317,2085,6140,True,0.8446910381317139
6318,2086,15453,True,0.8763290643692017
6319,2086,13480,False,0.8720104098320007
6320,2086,5479,False,0.8701801300048828
6321,2087,19054,False,0.7921789884567261
6322,2087,15104,False,0.7650808095932007
6323,2087,11143,True,0.920790195465088
6324,2088,22025,True,0.9351738691329956
6325,2088,21854,False,0.6719589829444885
6326,2088,17263,False,0.8874984979629517
6327,2089,8653,False,0.8833365440368652
6328,2089,7048,True,0.8685572743415833
6329,2089,683,False,0.7859864234924316
6330,2090,19352,False,0.8403724431991577
6331,2090,15249,False,0.839069128036499
6332,2090,7295,False,0.8552652597427368
6333,2091,14075,False,0.7915511727333069
6334,2091,9592,True,0.839058518409729
6335,2091,3569,False,0.7630928754806519
6336,2092,13767,False,0.7847343683242798
6337,2092,13766,False,0.8132627010345459
6338,2092,3796,True,0.8196102380752563
6339,2093,16311,True,0.8361433148384094
6340,2093,15083,False,0.8887137174606323
6341,2093,7155,False,0.8599516153335571
6342,2094,15247,True,0.9725635051727296
6343,2094,14487,False,0.847519040107727
6344,2094,10473,False,0.8420659899711609
6345,2094,4029,False,0.8858505487442017
6346,2095,18577,True,0.4157894849777221
6347,2095,17020,False,0.4716323614120483
6348,2095,12206,False,0.7429907917976379
6349,2096,7859,False,0.6759711503982544
6350,2096,2974,True,0.9345057606697084
6351,2096,2377,False,0.6689818501472473
6352,2097,21457,True,0.8489172458648682
6353,2097,14916,False,0.905849814414978
6354,2097,6968,False,0.9246755242347716
6355,2098,12550,True,0.7800061106681824
6356,2098,5531,False,0.0
6357,2098,2905,False,0.6101736426353455
6358,2099,20573,False,0.681479811668396
6359,2099,12941,True,0.8064024448394775
6360,2099,2673,False,0.7208399772644043
6361,2100,20731,True,0.8880096673965454
6362,2100,4899,False,0.906358003616333
6363,2100,984,False,0.8510593771934509
6364,2101,15843,True,0.9184180498123168
6365,2101,9945,False,0.8705466985702515
6366,2101,3885,False,0.8915348052978516
6367,2102,11842,False,0.7707453966140747
6368,2102,10832,False,0.6613633632659912
6369,2102,4814,False,0.0
6370,2103,14836,False,0.903804361820221
6371,2103,2963,True,0.97565358877182
6372,2103,2962,False,0.8668756484985352
6373,2104,12797,False,0.0
6374,2104,6691,False,0.0
6375,2104,6690,False,0.0
6376,2105,12536,False,0.9003266096115112
6377,2105,10505,False,0.8616842031478882
6378,2105,5529,False,0.8632566928863525
6379,2106,8127,False,0.647787868976593
6380,2106,4285,False,0.6808160543441772
6381,2106,1253,True,0.912870705127716
6382,2107,15941,False,0.8004383444786072
6383,2107,8358,True,0.8665382862091064
6384,2107,4292,False,0.8377912044525146
6385,2108,19179,False,0.6056026816368103
6386,2108,8965,False,0.0
6387,2108,3252,False,0.0
6388,2109,21985,False,0.5938435792922974
6389,2109,19054,False,0.6508660316467285
6390,2109,4181,False,0.711391270160675
6391,2110,17878,False,0.6140713095664978
6392,2110,15568,False,0.6005544662475586
6393,2110,9644,False,0.655465304851532
6394,2111,18694,False,0.5423853397369385
6395,2111,8678,False,0.0
6396,2111,704,True,0.8406378030776978
6397,2112,12785,True,0.8703548908233643
6398,2112,9288,False,0.8853172659873962
6399,2112,2821,False,0.8410020470619202
6400,2113,21933,False,0.7376478910446167
6401,2113,14949,False,0.0
6402,2113,9288,False,0.0
6403,2114,14644,False,0.7290055155754089
6404,2114,4733,False,0.8917165994644165
6405,2114,2829,True,0.8792147040367126
6406,2115,21933,False,0.759506344795227
6407,2115,14949,False,0.6881737112998962
6408,2115,11013,False,0.7117345929145813
6409,2116,14495,False,0.8288255929946899
6410,2116,12600,True,0.8932791948318481
6411,2116,12589,False,0.8850701451301575
6412,2117,14557,True,0.8896489143371582
6413,2117,14555,False,0.6174944639205933
6414,2117,6592,False,0.6459400057792664
6415,2118,20621,False,0.8110389113426208
6416,2118,14307,True,0.8339110612869263
6417,2118,10371,False,0.8291563987731934
6418,2119,20314,True,0.9126238226890564
6419,2119,10622,False,0.901212990283966
6420,2119,683,False,0.7957763671875
6421,2120,13887,False,0.7339974641799927
6422,2120,7955,False,0.7429050207138062
6423,2120,3830,False,0.799498438835144
6424,2120,1904,False,0.6519647836685181
6425,2121,6477,True,0.8195018768310547
6426,2121,6476,False,0.8398364782333374
6427,2121,2526,False,0.7889680862426758
6428,2122,20960,False,0.7047693729400635
6429,2122,17704,False,0.7033326625823975
6430,2122,14193,False,0.7934195399284363
6431,2123,19410,False,0.7955981492996216
6432,2123,7089,False,0.8404501080513
6433,2123,1794,True,0.8511038422584534
6434,2124,11564,False,0.800378680229187
6435,2124,9580,False,0.854878306388855
6436,2124,5538,True,0.8757081627845764
6437,2125,16072,False,0.0
6438,2125,11571,False,0.0
6439,2125,7552,False,0.0
6440,2126,21494,True,0.881976842880249
6441,2126,19124,False,0.8653342723846436
6442,2126,2139,False,0.8459165096282959
6443,2127,16035,True,0.8655145168304443
6444,2127,8046,False,0.8654959797859192
6445,2127,7943,False,0.747356653213501
6446,2128,18103,True,0.9147934317588806
6447,2128,17144,False,0.884833037853241
6448,2128,16274,False,0.9000812768936157
6449,2129,15378,False,0.7080774307250977
6450,2129,9177,False,0.6536048054695129
6451,2129,3421,True,0.6774610877037048
6452,2130,15842,False,0.8599331378936768
6453,2130,11144,False,0.8339129686355591
6454,2130,9154,True,0.9146283864974976
6455,2131,21925,False,0.713474690914154
6456,2131,5395,False,0.8406387567520142
6457,2131,3447,True,0.8300108909606934
6458,2132,7611,False,0.7118027806282043
6459,2132,7358,True,0.921622633934021
6460,2132,33,False,0.8937298059463501
6461,2133,18883,False,0.7403396964073181
6462,2133,18827,False,0.7033417224884033
6463,2133,8990,True,0.9031086564064026
6464,2134,21789,False,0.7920156717300415
6465,2134,12439,False,0.8071768283843994
6466,2134,7185,True,0.8284661769866943
6467,2135,11897,False,0.0
6468,2135,7144,False,0.766757607460022
6469,2135,5125,False,0.7787038683891296
6470,2136,10723,False,0.7671268582344055
6471,2136,8756,False,0.8587427139282227
6472,2136,2787,False,0.7673331499099731
6473,2137,17384,False,0.6815503835678101
6474,2137,606,False,0.6858542561531067
6475,2137,260,False,0.6847364902496338
6476,2138,18130,False,0.7996978759765625
6477,2138,17504,False,0.9541205167770386
6478,2138,15402,False,0.7277021408081055
6479,2139,5957,False,0.7773298025131226
6480,2139,4270,False,0.759548544883728
6481,2139,101,True,0.8685788512229919
6482,2140,12412,False,0.0
6483,2140,6965,False,0.7594104409217834
6484,2140,4943,False,0.0
6485,2141,15006,False,0.7575162649154663
6486,2141,11048,True,0.9272345304489136
6487,2141,1096,False,0.742874801158905
6488,2142,16723,False,0.6297817230224609
6489,2142,11938,False,0.7225651741027832
6490,2142,5920,True,0.8409709930419922
6491,2143,20998,False,0.792305588722229
6492,2143,8239,True,0.8593353033065796
6493,2143,2257,False,0.7689666748046875
6494,2144,14691,False,0.7934175729751587
6495,2144,12785,False,0.8273217678070068
6496,2144,9288,True,0.8991639614105225
6497,2145,6754,True,0.8756124377250671
6498,2145,6753,False,0.858779788017273
6499,2145,2754,False,0.7148153781890869
6500,2146,8538,False,0.7412296533584595
6501,2146,8537,False,0.7646835446357727
6502,2146,6470,True,0.7852215766906738
6503,2147,14228,False,0.8930529356002808
6504,2147,14227,True,0.964781641960144
6505,2147,2887,False,0.9284985065460204
6506,2148,18905,False,0.0
6507,2148,13800,False,0.0
6508,2148,12025,False,0.0
6509,2149,10785,False,0.8881658315658569
6510,2149,4784,True,0.9179800152778624
6511,2149,2872,False,0.8236379623413086
6512,2150,21343,True,0.8275480270385742
6513,2150,11679,False,0.5903878808021545
6514,2150,3811,False,0.0
6515,2151,7338,True,0.769854724407196
6516,2151,7337,False,0.7092385292053223
6517,2151,7336,False,0.8035026788711548
6518,2152,19230,False,0.8902266025543213
6519,2152,8414,False,0.9208157062530518
6520,2152,6407,True,0.9053102731704712
6521,2153,11954,False,0.0
6522,2153,8984,False,0.0
6523,2153,8598,False,0.0
6524,2154,11211,True,0.7839177846908569
6525,2154,11210,False,0.7043447494506836
6526,2154,9210,False,0.7005122900009155
6527,2155,17864,True,0.90690279006958
6528,2155,4509,False,0.8628724813461304
6529,2155,4318,False,0.8561480045318604
6530,2156,14545,False,0.8536194562911987
6531,2156,10570,False,0.7875292301177979
6532,2156,2642,True,0.8561440706253052
6533,2157,9577,False,0.749531626701355
6534,2157,3557,True,0.7917079329490662
6535,2157,3556,False,0.7573975920677185
6536,2158,9027,False,0.8833907842636108
6537,2158,9026,False,0.9017330408096312
6538,2158,4988,False,0.8825321197509766
6539,2159,17900,False,0.7841531038284302
6540,2159,17899,True,0.7855380773544312
6541,2159,16653,False,0.7842363119125366
6542,2160,15758,False,0.7483667731285095
6543,2160,13761,False,0.7123948335647583
6544,2160,9858,True,0.8454904556274414
6545,2161,18220,False,0.7120565176010132
6546,2161,16196,False,0.6460146903991699
6547,2161,4087,False,0.6669124364852905
6548,2162,1314,False,0.5898213386535645
6549,2162,21115,False,0.6167258024215698
6550,2162,1830,False,0.5860699415206909
6551,2163,13417,True,0.7715678811073303
6552,2163,4094,False,0.8439748883247375
6553,2163,171,False,0.8518379926681519
6554,2164,13942,False,0.8849884271621704
6555,2164,3694,True,0.8594690561294556
6556,2164,382,False,0.8639916181564331
6557,2165,21076,False,0.7689374685287476
6558,2165,20785,False,0.723616361618042
6559,2165,10106,True,0.8072253465652466
6560,2166,18691,False,0.8116569519042969
6561,2166,6876,False,0.7853068113327026
6562,2166,2939,False,0.8068128824234009
6563,2167,17733,True,0.8301169872283936
6564,2167,14880,False,0.6190472841262817
6565,2167,2381,False,0.5951597094535828
6566,2168,15348,True,0.6689574718475342
6567,2168,11358,False,0.0
6568,2168,5346,False,0.5528380870819092
6569,2169,13373,False,0.0
6570,2169,6691,False,0.0
6571,2169,6690,False,0.0
6572,2169,768,False,0.0
6573,2170,19560,False,0.711340069770813
6574,2170,18637,False,0.0
6575,2170,8725,False,0.709120512008667
6576,2170,6691,False,0.7035404443740845
6577,2171,19334,False,0.0
6578,2171,9064,False,0.0
6579,2171,3691,False,0.0
6580,2172,13373,False,0.6442217230796814
6581,2172,6691,False,0.0
6582,2172,6690,False,0.7659687995910645
6583,2173,19334,False,0.0
6584,2173,6691,False,0.0
6585,2173,6690,False,0.0
6586,2174,19334,False,0.7513636350631714
6587,2174,16333,False,0.0
6588,2174,768,False,0.0
6589,2175,18601,False,0.7290810346603394
6590,2175,12797,False,0.0
6591,2175,2830,False,0.0
6592,2176,18198,False,0.7236971855163574
6593,2176,17380,False,0.6793071031570435
6594,2176,260,False,0.694527804851532
6595,2177,14123,False,0.0
6596,2177,11384,False,0.0
6597,2177,36,False,0.0
6598,2178,16360,False,0.7410234212875366
6599,2178,15473,False,0.6502841711044312
6600,2178,7428,False,0.7241805791854858
6601,2179,18387,True,0.893501877784729
6602,2179,7121,False,0.7584749460220337
6603,2179,3436,False,0.740763247013092
6604,2180,19893,False,0.5299639701843262
6605,2180,18826,True,0.6849556565284729
6606,2180,15030,False,0.7708120346069336
6607,2181,18252,False,0.6315329074859619
6608,2181,17878,False,0.5675233006477356
6609,2181,15568,False,0.6323500275611877
6610,2182,11740,False,0.8406921625137329
6611,2182,10634,False,0.7745035290718079
6612,2182,9456,False,0.821022093296051
6613,2183,8637,False,0.811736524105072
6614,2183,10973,False,0.6681342124938965
6615,2183,19859,True,0.8749405145645142
6616,2184,11689,True,0.7124466896057129
6617,2184,8166,False,0.7996006011962891
6618,2184,3689,False,0.6091232299804688
6619,2185,20790,False,0.7756489515304565
6620,2185,15407,False,0.8052858114242554
6621,2185,11419,False,0.8149819374084473
6622,2185,6075,True,0.8585687875747681
6623,2186,13583,True,0.9821746945381165
6624,2186,5593,False,0.6770991086959839
6625,2186,3614,False,0.9031304121017456
6626,2187,20589,False,0.6885014176368713
6627,2187,17878,False,0.547887921333313
6628,2187,9644,False,0.6430319547653198
6629,2188,21432,False,0.7768685817718506
6630,2188,12647,False,0.7479965686798096
6631,2188,12646,True,0.7621979713439941
6632,2189,14722,False,0.7397089004516602
6633,2189,4756,False,0.738752007484436
6634,2189,4754,False,0.7189284563064575
6635,2190,21661,True,0.8910350799560547
6636,2190,12758,False,0.8621932864189148
6637,2190,2310,False,0.7222402691841125
6638,2191,16173,True,0.9675408601760864
6639,2191,13088,False,0.8987545967102051
6640,2191,2269,False,0.847679615020752
6641,2192,10942,False,0.7198385000228882
6642,2192,4934,False,0.6840802431106567
6643,2192,3144,True,0.9568138122558594
6644,2192,3016,False,0.6726933717727661
6645,2193,20823,False,0.6179621815681458
6646,2193,9730,True,0.9442217350006104
6647,2193,5682,False,0.7882291078567505
6648,2194,18384,False,0.7771323323249817
6649,2194,9124,False,0.7789878845214844
6650,2194,5101,True,0.8915295600891113
6651,2195,21560,False,0.7934468984603882
6652,2195,20114,False,0.8168529868125916
6653,2195,10684,True,0.8776986598968506
6654,2196,19484,True,0.8825099468231201
6655,2196,17366,False,0.821287214756012
6656,2196,13072,False,0.6050869226455688
6657,2197,21628,False,0.7168759107589722
6658,2197,19129,False,0.730167806148529
6659,2197,7744,True,0.7839716076850891
6660,2198,16112,False,0.7468370199203491
6661,2198,15665,False,0.6635931730270386
6662,2198,7034,True,0.8140929937362671
6663,2199,20395,True,0.9408950805664062
6664,2199,18138,False,0.8056756258010864
6665,2199,16845,False,0.8640052080154419
6666,2200,17201,False,0.6571836471557617
6667,2200,16196,True,0.6357368230819702
6668,2200,13713,False,0.5865086913108826
6669,2201,11698,False,0.8086392879486084
6670,2201,17198,True,0.818461537361145
6671,2201,14474,False,0.8002539277076721
6672,2202,21765,False,0.7904483079910278
6673,2202,21638,False,0.7433289289474487
6674,2202,20276,False,0.7574782371520996
6675,2203,14635,False,0.0
6676,2203,6690,False,0.0
6677,2203,768,False,0.0
6678,2204,19334,False,0.7473870515823364
6679,2204,18153,False,0.0
6680,2204,3691,False,0.0
6681,2205,16608,False,0.0
6682,2205,14707,False,0.0
6683,2205,820,False,0.0
6684,2206,14502,False,0.7413877844810486
6685,2206,4514,False,0.7281830310821533
6686,2206,1979,True,0.8433935642242432
6687,2207,14549,False,0.7281340956687927
6688,2207,14130,False,0.8352466821670532
6689,2207,5711,True,0.8525128364562988
6690,2208,5421,False,0.7948479056358337
6691,2208,3469,False,0.6719584465026855
6692,2208,3468,True,0.7150939702987671
6693,2209,18421,False,0.7928360104560852
6694,2209,18420,True,0.833078920841217
6695,2209,17162,False,0.8059723377227783
6696,2210,19538,False,0.8448081612586975
6697,2210,16870,False,0.8657753467559814
6698,2210,16560,True,0.8879539966583252
6699,2211,14617,False,0.7832959890365601
6700,2211,12696,False,0.7002056241035461
6701,2211,4646,True,0.7763383388519287
6702,2212,13827,False,0.0
6703,2212,6378,False,0.0
6704,2212,4241,False,0.0
6705,2213,21798,True,0.9577033519744872
6706,2213,19436,False,0.6543965935707092
6707,2213,14465,False,0.5759920477867126
6708,2214,22028,False,0.7727306485176086
6709,2214,14799,False,0.7117336392402649
6710,2214,6718,False,0.8059080839157104
6711,2215,21275,False,0.6066218018531799
6712,2215,16179,False,0.7424713969230652
6713,2215,8380,False,0.0
6714,2216,20675,True,0.92990243434906
6715,2216,16912,False,0.926189661026001
6716,2216,15884,False,0.9181817173957824
6717,2217,20571,False,0.8750013113021851
6718,2217,19467,True,0.843636155128479
6719,2217,6194,False,0.6750773191452026
6720,2218,17845,False,0.6710830926895142
6721,2218,17517,False,0.6316057443618774
6722,2218,16332,False,0.6998281478881836
6723,2219,6846,True,0.8787914514541626
6724,2219,6043,False,0.8200840353965759
6725,2219,245,False,0.8391765356063843
6726,2220,806,False,0.9849836230278016
6727,2220,304,True,0.9335438013076782
6728,2220,286,False,0.9353432059288024
6729,2221,11340,True,0.9602559804916382
6730,2221,11097,False,0.4232351183891296
6731,2221,7100,False,0.0
6732,2222,14701,False,0.8699619770050049
6733,2222,14686,False,0.7566757202148438
6734,2222,9288,False,0.8763664364814758
6735,2223,21098,False,0.8475197553634644
6736,2223,9713,False,0.8808569312095642
6737,2223,3541,False,0.8387212753295898
6738,2224,14701,True,0.8912928104400635
6739,2224,14686,False,0.795249342918396
6740,2224,6745,False,0.8655035495758057
6741,2225,10107,False,0.7965596914291382
6742,2225,3424,False,0.794499933719635
6743,2225,1420,False,0.7746853828430176
6744,2226,13149,False,0.8071293830871582
6745,2226,8667,False,0.767867922782898
6746,2226,698,False,0.7951627969741821
6747,2227,17846,False,0.0
6748,2227,16333,False,0.0
6749,2227,768,False,0.0
6750,2228,19340,False,0.0
6751,2228,15879,False,0.0
6752,2228,3007,False,0.0
6753,2229,14755,True,0.8921158909797668
6754,2229,10791,False,0.8562865853309631
6755,2229,2872,False,0.8410516381263733
6756,2230,19286,False,0.7121984958648682
6757,2230,12451,False,0.8278223276138306
6758,2230,12450,False,0.8842877149581909
6759,2231,17839,True,0.8849836587905884
6760,2231,15977,False,0.8133275508880615
6761,2231,5837,False,0.7382522225379944
6762,2232,13408,False,0.0
6763,2232,5606,True,0.6858013272285461
6764,2232,3451,False,0.0
6765,2233,16147,True,0.7703385353088379
6766,2233,12203,False,0.7568913698196411
6767,2233,4191,False,0.7413539886474609
6768,2234,21189,False,0.7719947695732117
6769,2234,16169,False,0.7568506598472595
6770,2234,8313,False,0.7292977571487427
6771,2235,19064,False,0.8022394776344299
6772,2235,11210,False,0.5231969356536865
6773,2235,9210,False,0.5582651495933533
6774,2235,7222,True,0.8942445516586304
6775,2236,11638,True,0.8652793169021606
6776,2236,11637,False,0.8533399105072021
6777,2236,3629,False,0.8490052819252014
6778,2237,21187,True,0.9310235381126404
6779,2237,20493,False,0.8054956793785095
6780,2237,1696,False,0.9181799292564392
6781,2238,21675,True,0.8287628293037415
6782,2238,18747,False,0.8195762634277344
6783,2238,15027,False,0.7570042610168457
6784,2239,21345,False,0.7198058366775513
6785,2239,16350,False,0.8219939470291138
6786,2239,326,True,0.763471245765686
6787,2240,12510,False,0.7906520962715149
6788,2240,12376,False,0.7641825675964355
6789,2240,10032,False,0.6880978345870972
6790,2241,16499,False,0.6952924728393555
6791,2241,10582,False,0.7645918726921082
6792,2241,10579,False,0.7877823114395142
6793,2242,21989,False,0.8367543816566467
6794,2242,11417,True,0.7992238402366638
6795,2242,1475,False,0.9324961304664612
6796,2243,15144,False,0.7729372978210449
6797,2243,10003,True,0.7946184873580933
6798,2243,5941,False,0.7960803508758545
6799,2244,6509,False,0.5737493634223938
6800,2244,2557,False,0.6868578195571899
6801,2244,594,True,0.9435022473335266
6802,2245,21996,False,0.6803366541862488
6803,2245,9355,False,0.6307319402694702
6804,2245,3566,True,0.913290560245514
6805,2246,21905,True,0.8272165060043335
6806,2246,16773,False,0.8269577026367188
6807,2246,7691,False,0.7966251373291016
6808,2247,18891,False,0.5599617958068848
6809,2247,10169,False,0.4239342808723449
6810,2247,8737,False,0.0
6811,2248,20928,False,0.8886486887931824
6812,2248,8368,True,0.8995192646980286
6813,2248,6301,False,0.8647472262382507
6814,2249,7984,True,0.6604599952697754
6815,2249,7204,False,0.8280161619186401
6816,2249,1237,False,0.817714512348175
6817,2250,18187,False,0.8019223213195801
6818,2250,17549,True,0.8814482688903809
6819,2250,17234,False,0.812360405921936
6820,2251,15843,False,0.909622311592102
6821,2251,9945,False,0.909083902835846
6822,2251,3885,False,0.9147392511367798
6823,2252,16783,True,0.8006200194358826
6824,2252,13086,False,0.0
6825,2252,88,False,0.0
6826,2253,11265,True,0.947123408317566
6827,2253,11223,False,0.8381830453872681
6828,2253,1302,False,0.8618543148040771
6829,2254,14185,False,0.9073696136474608
6830,2254,12236,False,0.9096031188964844
6831,2254,345,True,0.9381460547447203
6832,2255,14015,True,0.9747186303138732
6833,2255,12464,False,0.9355759620666504
6834,2255,6033,False,0.918179214000702
6835,2256,13563,False,0.0
6836,2256,10424,False,0.563840925693512
6837,2256,2968,False,0.0
6838,2257,20424,False,0.8355715274810791
6839,2257,8356,True,0.844280481338501
6840,2257,2755,False,0.7963837385177612
6841,2258,15740,False,0.6319840550422668
6842,2258,8795,False,0.6808164119720459
6843,2258,6573,False,0.843727707862854
6844,2259,14834,True,0.8240149617195129
6845,2259,6382,False,0.7478395104408264
6846,2259,4899,False,0.695732831954956
6847,2260,21109,False,0.9001682996749878
6848,2260,20247,False,0.8628997206687927
6849,2260,2211,True,0.9169952869415284
6850,2261,20289,False,0.0
6851,2261,16092,False,0.7042904496192932
6852,2261,12025,False,0.0
6853,2262,12116,True,0.8136699795722961
6854,2262,2632,False,0.8601794242858887
6855,2262,2025,False,0.7798612713813782
6856,2263,14903,True,0.8658589720726013
6857,2263,6961,False,0.8503859043121338
6858,2263,6960,False,0.8331207036972046
6859,2264,19564,False,0.93192058801651
6860,2264,19007,True,0.967936635017395
6861,2264,14656,False,0.9068824052810668
6862,2265,21530,False,0.8590080738067627
6863,2265,18698,True,0.9132379293441772
6864,2265,15387,False,0.8283696174621582
6865,2266,13318,False,0.6472954750061035
6866,2266,11472,False,0.8364353179931641
6867,2266,1616,True,0.944705367088318
6868,2267,8534,False,0.7503445744514465
6869,2267,8533,False,0.7945367097854614
6870,2267,2527,True,0.8157635927200317
6871,2268,10644,False,0.6493802070617676
6872,2268,10639,False,0.0
6873,2268,2642,False,0.6089441180229187
6874,2269,12367,False,0.656734049320221
6875,2269,6246,False,0.5938278436660767
6876,2269,2003,False,0.6999168992042542
6877,2270,12717,False,0.7027286291122437
6878,2270,8735,False,0.0
6879,2270,2750,False,0.0
6880,2271,13148,False,0.8582550287246704
6881,2271,11120,False,0.854508101940155
6882,2271,3169,False,0.8399701714515686
6883,2272,18782,False,0.6898679733276367
6884,2272,14657,False,0.8137335777282715
6885,2272,12417,True,0.8418968915939331
6886,2273,15273,True,0.8967249393463135
6887,2273,5255,False,0.8769490122795105
6888,2273,3306,False,0.8440722227096558
6889,2274,15144,False,0.9120762944221495
6890,2274,8262,False,0.8521265387535095
6891,2274,2278,False,0.8472689390182495
6892,2275,19662,True,0.8854966163635254
6893,2275,18827,False,0.8731908798217773
6894,2275,5644,False,0.8413814306259155
6895,2276,12760,True,0.8440849781036377
6896,2276,20489,False,0.549567699432373
6897,2276,8758,False,0.7216722965240479
6898,2277,8133,False,0.6347489356994629
6899,2277,6626,True,0.7881468534469604
6900,2277,2144,False,0.6297287344932556
6901,2278,19505,False,0.7540971636772156
6902,2278,14379,True,0.7770780324935913
6903,2278,3119,False,0.6807012557983398
6904,2279,9063,False,0.6553391218185425
6905,2279,6691,False,0.675599217414856
6906,2279,6690,False,0.7919132113456726
6907,2280,14635,False,0.7845340371131897
6908,2280,6691,False,0.0
6909,2280,6690,False,0.7855510711669922
6910,2281,19703,False,0.5669951438903809
6911,2281,10508,False,0.6432909965515137
6912,2281,4460,False,0.7259714603424072
6913,2282,20446,False,0.0
6914,2282,18470,False,0.0
6915,2282,16615,False,0.0
6916,2283,11704,False,0.6290397644042969
6917,2283,7709,False,0.8635367155075073
6918,2283,1739,False,0.8155514001846313
6919,2284,18558,False,0.8650985956192017
6920,2284,18557,False,0.877511739730835
6921,2284,17234,True,0.8603415489196777
6922,2285,12171,False,0.4913384318351745
6923,2285,7349,False,0.0
6924,2285,6659,False,0.5708345174789429
6925,2286,14955,False,0.6291818022727966
6926,2286,11670,False,0.0
6927,2286,6045,False,0.6560250520706177
6928,2287,10315,False,0.8509705066680908
6929,2287,5966,False,0.7218315005302429
6930,2287,3967,False,0.7232345938682556
6931,2288,21886,False,0.8480232954025269
6932,2288,19168,False,0.831405758857727
6933,2288,8353,True,0.884250283241272
6934,2288,413,False,0.7723904252052307
6935,2289,20303,False,0.8318043947219849
6936,2289,14125,True,0.8228936791419983
6937,2289,8174,False,0.7632890343666077
6938,2290,15535,False,0.5768154859542847
6939,2290,12302,False,0.6595395803451538
6940,2290,8322,True,0.8473919034004211
6941,2291,13771,False,0.7634086608886719
6942,2291,4961,False,0.7291411757469177
6943,2291,3270,False,0.5821503400802612
6944,2292,6993,False,0.8169543743133545
6945,2292,9912,True,0.8472492694854736
6946,2292,3060,False,0.8391098380088806
6947,2293,10546,False,0.8354854583740234
6948,2293,6548,True,0.821627676486969
6949,2293,4521,False,0.7446492910385132
6950,2294,10419,True,0.8658657073974609
6951,2294,4362,False,0.874724268913269
6952,2294,1927,False,0.7688830494880676
6953,2295,21434,True,0.866290807723999
6954,2295,18154,False,0.7778425216674805
6955,2295,10590,False,0.7249754667282104
6956,2296,14791,False,0.9415222406387328
6957,2296,12892,True,0.9527997970581056
6958,2296,4824,False,0.942031979560852
6959,2297,10869,True,0.9276508092880248
6960,2297,6998,False,0.8878653049468994
6961,2297,4739,False,0.9247003793716432
6962,2298,12844,True,0.7441505789756775
6963,2298,12842,True,0.7482725381851196
6964,2298,4541,False,0.6732279062271118
6965,2299,13099,False,0.7685176134109497
6966,2299,9096,False,0.8554517030715942
6967,2299,1106,False,0.8341118693351746
6968,2300,17878,False,0.5382422208786011
6969,2300,15568,False,0.5461570620536804
6970,2300,9644,False,0.6451648473739624
6971,2301,15128,False,0.8261934518814087
6972,2301,6381,False,0.7760258913040161
6973,2301,6309,False,0.6294327974319458
6974,2302,9708,False,0.6572779417037964
6975,2302,6917,False,0.6733801364898682
6976,2302,2269,True,0.7187307476997375
6977,2303,13479,True,0.8842980861663818
6978,2303,5479,False,0.8715630173683167
6979,2303,1525,False,0.8477622270584106
6980,2304,15546,False,0.7581808567047119
6981,2304,9630,False,0.7782410383224487
6982,2304,6397,False,0.8293125629425049
6983,2305,10515,True,0.8069929480552673
6984,2305,6512,True,0.8153775930404663
6985,2305,598,False,0.8435062170028687
6986,2306,18101,False,0.8691278696060181
6987,2306,16561,True,0.8794668912887573
6988,2306,16194,False,0.8803900480270386
6989,2307,16442,False,0.6698793768882751
6990,2307,16441,True,0.6997512578964233
6991,2307,5824,False,0.0
6992,2308,17878,False,0.5905719995498657
6993,2308,15568,False,0.5091263055801392
6994,2308,9644,False,0.7004513740539551
6995,2309,20442,False,0.0
6996,2309,13653,False,0.6183898448944092
6997,2309,7678,False,0.641156792640686
6998,2309,6060,False,0.6192832589149475
6999,2310,21862,False,0.8026061058044434
7000,2310,21161,False,0.800130307674408
7001,2310,16063,False,0.8024827837944031
7002,2311,20733,True,0.9315140843391418
7003,2311,19587,False,0.8924782276153564
7004,2311,14868,False,0.8684917688369751
7005,2312,6412,False,0.0
7006,2312,4381,False,0.0
7007,2312,3049,False,0.6051486730575562
7008,2313,20950,False,0.7203378677368164
7009,2313,15983,False,0.6674137711524963
7010,2313,12566,True,0.6827505230903625
7011,2314,20275,False,0.706313967704773
7012,2314,14762,False,0.6548750996589661
7013,2314,5916,False,0.6497151851654053
7014,2315,9548,False,0.7726527452468872
7015,2315,7933,False,0.5766209959983826
7016,2315,2142,True,0.676664412021637
7017,2316,15174,False,0.6842993497848511
7018,2316,7221,False,0.908928394317627
7019,2316,7220,True,0.9123998880386353
7020,2317,15825,True,0.8385888934135437
7021,2317,12770,False,0.873618483543396
7022,2317,2804,False,0.83961021900177
7023,2318,13035,False,0.7642090320587158
7024,2318,5268,False,0.7339513301849365
7025,2318,5267,False,0.7211992740631104
7026,2319,16042,False,0.7353439927101135
7027,2319,7446,False,0.8393576145172119
7028,2319,3459,False,0.682073175907135
7029,2320,19384,True,0.6616032123565674
7030,2320,10053,False,0.6449126601219177
7031,2320,6824,False,0.7089342474937439
7032,2321,16034,False,0.7812570929527283
7033,2321,12759,False,0.6489779353141785
7034,2321,4465,False,0.6951624155044556
7035,2322,12638,False,0.8678832054138184
7036,2322,8451,False,0.871036171913147
7037,2322,7082,False,0.9334334135055542
7038,2323,17390,False,0.8887065649032593
7039,2323,16958,True,0.9270222187042236
7040,2323,16809,False,0.9251692295074464
7041,2324,20693,True,0.7292086482048035
7042,2324,18651,False,0.0
7043,2324,6642,False,0.0
7044,2324,2715,False,0.0
7045,2325,21694,False,0.0
7046,2325,806,False,0.0
7047,2325,304,False,0.7682178616523743
7048,2326,20912,False,0.7175137400627136
7049,2326,19268,False,0.8295526504516602
7050,2326,1681,True,0.8634020686149597
7051,2327,10203,False,0.7714675664901733
7052,2327,8544,True,0.981134295463562
7053,2327,4257,False,0.7710307240486145
7054,2328,17215,False,0.7095274925231934
7055,2328,16352,True,0.8249191045761108
7056,2328,3254,False,0.6809433698654175
7057,2329,14073,True,0.8086468577384949
7058,2329,9575,False,0.69193434715271
7059,2329,9573,False,0.7218265533447266
7060,2330,18515,False,0.6475868225097656
7061,2330,18434,True,0.7084275484085083
7062,2330,17067,True,0.7310206890106201
7063,2331,21976,True,0.9207793474197388
7064,2331,19076,False,0.9107325673103333
7065,2331,7294,False,0.901785373687744
7066,2332,18200,False,0.8471189737319946
7067,2332,9734,True,0.8564525842666626
7068,2332,8791,False,0.9337061643600464
7069,2333,13543,False,0.7362775802612305
7070,2333,11204,False,0.5206329822540283
7071,2333,2960,False,0.0
7072,2334,21403,False,0.8451941013336182
7073,2334,20204,False,0.0
7074,2334,10108,True,0.8751316070556641
7075,2335,21391,False,0.0
7076,2335,8279,True,0.8288260102272034
7077,2335,4117,False,0.0
7078,2336,16442,False,0.7618628740310669
7079,2336,14666,False,0.55763840675354
7080,2336,5824,False,0.6608584523200989
7081,2337,19231,False,0.8443765640258789
7082,2337,14822,False,0.7577519416809082
7083,2337,13186,True,0.8633213043212891
7084,2338,12216,False,0.6341808438301086
7085,2338,6185,False,0.540036678314209
7086,2338,4204,False,0.6791148781776428
7087,2339,16144,True,0.7816132307052612
7088,2339,10212,False,0.7541952133178711
7089,2339,2236,True,0.7513926029205322
7090,2340,7772,False,0.8260277509689331
7091,2340,3758,True,0.8524762988090515
7092,2340,1800,False,0.7883762121200562
7093,2341,13967,False,0.0
7094,2341,9088,False,0.8573493957519531
7095,2341,7893,True,0.9069064259529114
7096,2342,8614,False,0.8921031951904297
7097,2342,6559,False,0.7810824513435364
7098,2342,638,True,0.9861396551132202
7099,2343,10785,True,0.842778205871582
7100,2343,4784,False,0.8478163480758667
7101,2343,1609,False,0.7031394243240356
7102,2344,14944,False,0.8656792044639587
7103,2344,6970,True,0.9515684843063354
7104,2344,4984,False,0.8620016574859619
7105,2345,15062,False,0.7901465892791748
7106,2345,15061,True,0.9254935383796692
7107,2345,1143,False,0.7282055020332336
7108,2346,17834,False,0.7104325294494629
7109,2346,9968,False,0.6198464632034302
7110,2346,4257,False,0.0
7111,2347,19407,False,0.8425766229629517
7112,2347,7743,False,0.8643574118614197
7113,2347,2210,True,0.8457319140434265
7114,2348,16149,False,0.6832159161567688
7115,2348,12201,True,0.7171992063522339
7116,2348,4192,False,0.6654568314552307
7117,2349,18166,True,0.9244595170021056
7118,2349,14176,False,0.9258643388748168
7119,2349,2262,False,0.9211467504501344
7120,2350,21856,False,0.4759936034679413
7121,2350,14172,False,0.6762334108352661
7122,2350,8108,False,0.0
7123,2351,20785,False,0.8242964744567871
7124,2351,12201,False,0.7356064319610596
7125,2351,3418,False,0.6619580388069153
7126,2352,21789,False,0.7472487688064575
7127,2352,17369,False,0.8348199129104614
7128,2352,1210,True,0.8364149332046509
7129,2353,13476,True,0.9817999601364136
7130,2353,9519,False,0.7869745492935181
7131,2353,3508,False,0.8231693506240845
7132,2354,18881,False,0.0
7133,2354,15317,False,0.0
7134,2354,9228,False,0.0
7135,2354,5079,False,0.0
7136,2355,9712,False,0.0
7137,2355,6691,False,0.0
7138,2355,6690,False,0.0
7139,2356,11547,False,0.6993262767791748
7140,2356,11098,False,0.572618305683136
7141,2356,5527,True,0.9667251706123352
7142,2357,15883,False,0.8699593544006348
7143,2357,12108,False,0.7126351594924927
7144,2357,10504,True,0.9227126240730286
7145,2358,20989,False,0.7544631361961365
7146,2358,18440,False,0.7915825843811035
7147,2358,2973,False,0.0
7148,2359,18634,False,0.0
7149,2359,9878,True,0.7303155660629272
7150,2359,7864,False,0.6614965796470642
7151,2360,17905,False,0.8168929219245911
7152,2360,12048,False,0.6735249757766724
7153,2360,7249,True,0.8591996431350708
7154,2361,21566,False,0.904932975769043
7155,2361,18443,False,0.9222897291183472
7156,2361,2818,False,0.9181872606277466
7157,2362,18064,False,0.7906010746955872
7158,2362,17737,True,0.8681052923202515
7159,2362,17735,False,0.8459895849227905
7160,2363,21870,True,0.8833667635917664
7161,2363,18601,False,0.8310598731040955
7162,2363,14443,False,0.838601291179657
7163,2364,17917,False,0.5974715948104858
7164,2364,17915,False,0.8832435011863708
7165,2364,16366,True,0.8953956365585327
7166,2365,19514,False,0.8916154503822327
7167,2365,8618,True,0.9487521648406982
7168,2365,4528,False,0.8415800333023071
7169,2366,17878,False,0.5880449414253235
7170,2366,15568,False,0.0
7171,2366,9644,False,0.6593529582023621
7172,2367,22026,True,0.8915529847145081
7173,2367,15380,False,0.6782957911491394
7174,2367,15379,False,0.7754999995231628
7175,2368,15351,True,0.8742249011993408
7176,2368,11363,False,0.8907709121704102
7177,2368,7390,False,0.7259041666984558
7178,2369,20052,True,0.7668392658233643
7179,2369,18932,False,0.7479943633079529
7180,2369,4356,False,0.8281694650650024
7181,2370,18707,False,0.0
7182,2370,18149,True,0.7833120226860046
7183,2370,16179,False,0.6797206997871399
7184,2371,10923,False,0.883264422416687
7185,2371,6949,True,0.9339075088500975
7186,2371,1004,False,0.9098880290985109
7187,2372,14557,False,0.8178057074546814
7188,2372,11964,True,0.8960847854614258
7189,2372,666,False,0.8139959573745728
7190,2373,20709,False,0.6877338290214539
7191,2373,11927,False,0.6420725584030151
7192,2373,773,False,0.6724182367324829
7193,2374,21950,False,0.8911217451095581
7194,2374,6183,False,0.9211232662200928
7195,2374,3051,True,0.9214584827423096
7196,2375,13912,False,0.8746589422225952
7197,2375,5930,False,0.7594799399375916
7198,2375,4506,True,0.9310629367828368
7199,2376,21401,False,0.7680076360702515
7200,2376,20244,True,0.7237942814826965
7201,2376,15829,False,0.7463108897209167
7202,2377,18891,True,0.7895947098731995
7203,2377,7859,False,0.0
7204,2377,4110,False,0.0
7205,2378,15762,False,0.8622696399688721
7206,2378,13771,False,0.8906736373901367
7207,2378,11830,True,0.9111950993537904
7208,2379,10267,True,0.9649240970611572
7209,2379,2573,False,0.631382405757904
7210,2379,264,False,0.8456737995147705
7211,2380,10389,True,0.8049982190132141
7212,2380,10386,False,0.7801201343536377
7213,2380,4339,False,0.7793920040130615
7214,2381,15427,False,0.6461669206619263
7215,2381,3483,False,0.6806674003601074
7216,2381,3482,True,0.8444989919662476
7217,2382,17384,False,0.0
7218,2382,6691,False,0.0
7219,2382,6690,False,0.0
7220,2383,20614,False,0.6781448721885681
7221,2383,10306,False,0.667833685874939
7222,2383,4282,False,0.6234049797058105
7223,2384,17878,False,0.5988745093345642
7224,2384,15568,False,0.5426803827285767
7225,2384,9644,False,0.6226901412010193
7226,2385,7504,False,0.8315660953521729
7227,2385,3523,True,0.8167741298675537
7228,2385,2202,True,0.6883877515792847
7229,2386,16017,False,0.8595589995384216
7230,2386,14035,False,0.84739089012146
7231,2386,6054,True,0.8890267014503479
7232,2387,20821,True,0.9446110725402832
7233,2387,19665,False,0.7902208566665649
7234,2387,9709,False,0.6495561003684998
7235,2388,21296,False,0.7870586514472961
7236,2388,16760,False,0.7380862236022949
7237,2388,2013,False,0.8573263883590698
7238,2389,20429,True,0.9230719208717346
7239,2389,18153,False,0.948810338973999
7240,2389,16598,False,0.9237128496170044
7241,2390,14686,True,0.7577942609786987
7242,2390,9288,False,0.8979700803756714
7243,2390,2821,False,0.8101023435592651
7244,2391,21933,False,0.7548222541809082
7245,2391,14949,False,0.6822735071182251
7246,2391,11013,False,0.7041858434677124
7247,2392,15893,True,0.8886556625366211
7248,2392,13910,False,0.9271633625030518
7249,2392,11952,False,0.8591481447219849
7250,2393,15332,False,0.6837062239646912
7251,2393,12887,True,0.880583643913269
7252,2393,10368,False,0.8598259687423706
7253,2394,13251,True,0.967458963394165
7254,2394,7261,False,0.9500062465667723
7255,2394,5215,False,0.9560361504554749
7256,2395,12585,False,0.8574645519256592
7257,2395,6533,False,0.8811980485916138
7258,2395,2579,False,0.8361378908157349
7259,2396,18101,False,0.889876127243042
7260,2396,16561,False,0.898979902267456
7261,2396,16194,True,0.8992221355438232
7262,2397,13919,False,0.0
7263,2397,10968,False,0.0
7264,2397,10117,True,0.8168494701385498
7265,2398,21878,False,0.7120799422264099
7266,2398,19690,False,0.0
7267,2398,16615,False,0.0
7268,2399,17878,False,0.6323307752609253
7269,2399,15568,False,0.5168938636779785
7270,2399,9644,False,0.6657809019088745
7271,2400,21906,False,0.809783399105072
7272,2400,12269,False,0.8912134170532227
7273,2400,8449,False,0.7284386157989502
7274,2401,20333,True,0.8678112030029297
7275,2401,4329,False,0.8673089742660522
7276,2401,4328,False,0.8480938673019409
7277,2402,18318,False,0.792781412601471
7278,2402,17787,False,0.8495807647705078
7279,2402,16273,True,0.8509699702262878
7280,2403,21037,False,0.8660076260566711
7281,2403,8433,False,0.5923478007316589
7282,2403,1446,False,0.7978609800338745
7283,2404,20960,False,0.8340403437614441
7284,2404,17704,True,0.8376944065093994
7285,2404,16808,False,0.7401816844940186
7286,2405,8668,True,0.9532445669174194
7287,2405,1036,False,0.9360897541046144
7288,2405,1033,False,0.9317025542259216
7289,2406,12626,False,0.5977185964584351
7290,2406,6582,False,0.6915369033813477
7291,2406,659,False,0.6283796429634094
7292,2406,656,False,0.6735581755638123
7293,2407,12311,True,0.977907121181488
7294,2407,10305,False,0.6782119870185852
7295,2407,2346,False,0.7367386817932129
7296,2408,6808,True,0.860810399055481
7297,2408,5806,False,0.6889616250991821
7298,2408,5518,False,0.7844648361206055
7299,2409,11714,True,0.9791529178619384
7300,2409,9745,False,0.8219220042228699
7301,2409,5687,False,0.9358888268470764
7302,2410,18605,False,0.0
7303,2410,18301,False,0.0
7304,2410,15535,True,0.7189524173736572
7305,2411,12972,True,0.7580356001853943
7306,2411,10915,False,0.6895176768302917
7307,2411,6946,False,0.7140892744064331
7308,2412,18154,False,0.8568173050880432
7309,2412,10590,False,0.8894863128662109
7310,2412,7233,True,0.94264018535614
7311,2413,22011,True,0.7851381897926331
7312,2413,4840,False,0.8685498237609863
7313,2413,3132,False,0.8335776329040527
7314,2414,15324,False,0.7906045317649841
7315,2414,11702,False,0.7415457963943481
7316,2414,33,False,0.7699437141418457
7317,2415,13373,False,0.6483447551727295
7318,2415,6691,False,0.6855560541152954
7319,2415,6690,False,0.7896214723587036
7320,2416,14215,False,0.7106295824050903
7321,2416,6838,False,0.0
7322,2416,5899,False,0.7961090803146362
7323,2417,16608,False,0.0
7324,2417,14707,False,0.0
7325,2417,6750,False,0.0
7326,2418,20821,False,0.6463513374328613
7327,2418,7679,True,0.669148325920105
7328,2418,1714,False,0.7237015962600708
7329,2419,20586,False,0.6158767938613892
7330,2419,11745,False,0.0
7331,2419,1768,False,0.6581541895866394
7332,2420,7119,False,0.6519652605056763
7333,2420,18571,False,0.0
7334,2420,13868,False,0.0
7335,2421,18891,False,0.5682123899459839
7336,2421,10169,False,0.0
7337,2421,8984,False,0.0
7338,2422,15181,False,0.8755731582641602
7339,2422,8663,True,0.8765435814857483
7340,2422,1258,False,0.8674655556678772
7341,2423,21288,False,0.8385870456695557
7342,2423,12333,False,0.7142789959907532
7343,2423,7762,False,0.7275239825248718
7344,2424,21496,True,0.932608962059021
7345,2424,15450,False,0.7463374137878418
7346,2424,1751,False,0.912716031074524
7347,2425,21914,False,0.0
7348,2425,16565,False,0.0
7349,2425,10224,False,0.4634851813316345
7350,2426,17993,True,0.8616031408309937
7351,2426,17120,False,0.7259734869003296
7352,2426,3072,False,0.8568533658981323
7353,2427,11119,True,0.8492389917373657
7354,2427,1159,False,0.7884671688079834
7355,2427,1156,False,0.8146268129348755
7356,2428,21401,True,0.7832950949668884
7357,2428,8459,False,0.7307279109954834
7358,2428,8089,False,0.6889654994010925
7359,2429,14246,False,0.8568758368492126
7360,2429,11988,True,0.9263498783111572
7361,2429,6262,False,0.9047451615333556
7362,2430,21693,True,0.9872746467590332
7363,2430,19283,False,0.9566379189491272
7364,2430,805,False,0.9847605228424072
7365,2431,21936,True,0.7901256680488586
7366,2431,21935,False,0.8061177730560303
7367,2431,19010,False,0.7977897524833679
7368,2432,14644,True,0.8769088983535767
7369,2432,10754,False,0.8910456299781799
7370,2432,2754,False,0.8797155022621155
7371,2433,17845,True,0.8608638644218445
7372,2433,17517,False,0.7942476272583008
7373,2433,16332,False,0.8080145120620728
7374,2434,21933,False,0.7540590763092041
7375,2434,14949,False,0.6923298835754395
7376,2434,11013,False,0.7073975205421448
7377,2435,20419,True,0.9169750213623048
7378,2435,12701,False,0.0
7379,2435,10675,False,0.0
7380,2436,14635,False,0.9302914142608644
7381,2436,6182,False,0.9151386022567748
7382,2436,760,True,0.9237138032913208
7383,2437,14435,False,0.7549622058868408
7384,2437,6470,False,0.7438216209411621
7385,2437,4430,True,0.7873143553733826
7386,2438,8824,False,0.9241094589233398
7387,2438,4769,False,0.9283021688461304
7388,2438,2861,True,0.9469650387763976
7389,2439,12866,False,0.9375119805336
7390,2439,10806,False,0.9363162517547609
7391,2439,2880,True,0.939296007156372
7392,2440,19369,False,0.717702329158783
7393,2440,18177,False,0.7823590040206909
7394,2440,6643,True,0.9176377058029176
7395,2441,21373,True,0.8211410045623779
7396,2441,20227,False,0.7754005193710327
7397,2441,19388,False,0.7479318380355835
7398,2442,17452,False,0.873981237411499
7399,2442,16442,False,0.600100040435791
7400,2442,5824,True,0.6478894948959351
7401,2443,18402,True,0.9142428636550904
7402,2443,18099,False,0.7500954270362854
7403,2443,17453,False,0.8882097005844116
7404,2444,19317,False,0.6361229419708252
7405,2444,17201,False,0.6847846508026123
7406,2444,13713,False,0.6315776109695435
7407,2445,18734,False,0.0
7408,2445,13066,True,0.7470294833183289
7409,2445,11283,False,0.5786261558532715
7410,2446,22043,False,0.8192890882492065
7411,2446,12305,True,0.9609531164169312
7412,2446,8335,False,0.9570141434669496
7413,2447,8536,True,0.6254599690437317
7414,2447,2526,False,0.6080237030982971
7415,2447,14433,False,0.6252504587173462
7416,2448,19375,False,0.8386409282684326
7417,2448,9470,False,0.8661450147628784
7418,2448,5426,True,0.8502814769744873
7419,2449,5419,False,0.7742871046066284
7420,2449,5418,False,0.796432375907898
7421,2449,1477,False,0.862084150314331
7422,2450,20150,False,0.892571210861206
7423,2450,13619,False,0.9002124667167664
7424,2450,3031,False,0.9048693180084229
7425,2451,20424,True,0.817879855632782
7426,2451,8356,False,0.8230718970298767
7427,2451,2755,False,0.7838842272758484
7428,2452,16070,False,0.0
7429,2452,12120,False,0.7722253799438477
7430,2452,2138,False,0.7976618409156799
7431,2453,17878,False,0.0
7432,2453,15568,False,0.5646543502807617
7433,2453,9644,False,0.6722739338874817
7434,2454,10869,False,0.7612511515617371
7435,2454,4739,False,0.7481663227081299
7436,2454,768,False,0.7923166751861572
7437,2455,17886,False,0.663955807685852
7438,2455,16962,False,0.6690427660942078
7439,2455,14444,False,0.7089058756828308
7440,2456,11562,False,0.785521388053894
7441,2456,9575,False,0.859170138835907
7442,2456,9573,True,0.7328534126281738
7443,2457,18103,False,0.901674509048462
7444,2457,17144,True,0.8891053199768066
7445,2457,16274,False,0.8868387937545776
7446,2458,17878,False,0.5796298384666443
7447,2458,15568,False,0.5948683023452759
7448,2458,9644,False,0.7298730611801147
7449,2459,7486,True,0.8625857830047607
7450,2459,5467,False,0.8608264327049255
7451,2459,1907,False,0.9142634868621826
7452,2460,20034,False,0.779624879360199
7453,2460,12614,False,0.6270344257354736
7454,2460,2306,False,0.6663899421691895
7455,2461,13244,False,0.8040227890014648
7456,2461,13243,True,0.8094489574432373
7457,2461,7240,False,0.7836897969245911
7458,2462,22033,False,0.924246907234192
7459,2462,14117,False,0.9250375032424928
7460,2462,8175,True,0.931833028793335
7461,2463,5686,False,0.7040385007858276
7462,2463,2206,False,0.8071079254150391
7463,2463,2205,False,0.7548143863677979
7464,2464,7034,False,0.8463501930236816
7465,2464,13686,True,0.8056008815765381
7466,2464,269,False,0.7944854497909546
7467,2465,21734,True,0.9163769483566284
7468,2465,13406,False,0.8861566781997681
7469,2465,11332,False,0.8840255737304688
7470,2466,10392,False,0.6402963399887085
7471,2466,6344,True,0.7094888687133789
7472,2466,2427,False,0.6441136598587036
7473,2467,17204,False,0.9080331325531006
7474,2467,15908,False,0.8926633596420288
7475,2467,2808,False,0.8369834423065186
7476,2468,10813,True,0.8242237567901611
7477,2468,10812,False,0.8210926055908203
7478,2468,16832,False,0.7731613516807556
7479,2469,19597,True,0.8601495027542114
7480,2469,17121,False,0.8320481777191162
7481,2469,7000,False,0.808201789855957
7482,2470,22058,False,0.6184058785438538
7483,2470,14525,False,0.8179224133491516
7484,2470,4534,False,0.7653216123580933
7485,2471,21693,False,0.9672120809555054
7486,2471,19283,True,0.9769045114517212
7487,2471,4728,False,0.9300374984741212
7488,2472,20125,True,0.956668496131897
7489,2472,18152,False,0.9130048751831056
7490,2472,17846,False,0.9532439708709716
7491,2473,21936,False,0.78608238697052
7492,2473,10754,False,0.7990589141845703
7493,2473,10489,False,0.8667036294937134
7494,2474,14437,True,0.9170504808425904
7495,2474,8536,False,0.7566051483154297
7496,2474,559,False,0.8075963258743286
7497,2475,21462,False,0.9079095125198364
7498,2475,15249,False,0.8413017392158508
7499,2475,7295,False,0.8448343276977539
7500,2476,18730,False,0.8560537695884705
7501,2476,14883,False,0.8523660898208618
7502,2476,6955,True,0.9306631684303284
7503,2477,6906,False,0.8306020498275757
7504,2477,4884,False,0.8769586086273193
7505,2477,4830,True,0.8773816823959351
7506,2478,16862,True,0.8123316764831543
7507,2478,10147,False,0.6555492281913757
7508,2478,4204,False,0.7578237652778625
7509,2479,14615,False,0.8572753071784973
7510,2479,10670,False,0.8776974678039551
7511,2479,10669,True,0.9311391711235046
7512,2480,21380,False,0.0
7513,2480,19964,False,0.0
7514,2480,15687,False,0.0
7515,2481,13575,False,0.8766189813613892
7516,2481,6885,True,0.884929895401001
7517,2481,179,False,0.8417981863021851
7518,2482,20599,False,0.7168276906013489
7519,2482,18036,False,0.0
7520,2482,16808,False,0.5260868072509766
7521,2483,21633,False,0.9310067892074584
7522,2483,11841,True,0.9063231945037842
7523,2483,7842,False,0.8776129484176636
7524,2484,5383,False,0.8411483764648438
7525,2484,3434,False,0.789573073387146
7526,2484,3433,True,0.8056920766830444
7527,2485,13377,False,0.7858635187149048
7528,2485,10111,False,0.7377738952636719
7529,2485,8095,True,0.8976835012435913
7530,2486,21724,False,0.0
7531,2486,17065,False,0.0
7532,2486,4848,False,0.0
7533,2487,19851,False,0.7396301627159119
7534,2487,4650,False,0.7635412812232971
7535,2487,2990,False,0.7616265416145325
7536,2488,11658,False,0.7776963114738464
7537,2488,5635,True,0.9537482857704164
7538,2488,1684,False,0.91000497341156
7539,2489,21428,True,0.7085412740707397
7540,2489,15683,False,0.0
7541,2489,14466,False,0.6565079689025879
7542,2490,18627,False,0.630913496017456
7543,2490,2373,False,0.724176824092865
7544,2490,420,False,0.6492103338241577
7545,2491,21068,True,0.7965503931045532
7546,2491,15322,False,0.7212445139884949
7547,2491,1361,False,0.7336536049842834
7548,2492,12125,False,0.8767807483673096
7549,2492,10151,True,0.8831620812416077
7550,2492,5544,False,0.8159670233726501
7551,2493,17561,False,0.0
7552,2493,5666,False,0.720421314239502
7553,2493,3691,False,0.7126622796058655
7554,2494,18601,False,0.7205289006233215
7555,2494,11421,False,0.0
7556,2494,768,False,0.0
7557,2495,17878,False,0.5397862195968628
7558,2495,15568,False,0.6842634081840515
7559,2495,9644,False,0.6863702535629272
7560,2496,20574,False,0.7654369473457336
7561,2496,12024,True,0.8776223659515381
7562,2496,7392,False,0.8290310502052307
7563,2497,19525,True,0.8059283494949341
7564,2497,11611,False,0.6851192712783813
7565,2497,8570,False,0.659477174282074
7566,2498,17529,False,0.758704423904419
7567,2498,15208,False,0.0
7568,2498,1270,False,0.8111704587936401
7569,2499,11906,False,0.3441172540187835
7570,2499,9812,False,0.0
7571,2499,15385,False,0.4573889970779419
7572,2500,20319,False,0.715662956237793
7573,2500,11855,False,0.6127414107322693
7574,2500,481,False,0.0
7575,2501,10419,False,0.8675680160522461
7576,2501,4362,True,0.877240002155304
7577,2501,1927,False,0.760357141494751
7578,2502,16033,False,0.9088122844696044
7579,2502,16032,False,0.8977074027061462
7580,2502,2105,True,0.9282187223434448
7581,2503,20051,True,0.8898857235908508
7582,2503,7535,False,0.7756026387214661
7583,2503,5272,False,0.6733018159866333
7584,2504,20429,False,0.9389294385910034
7585,2504,18200,False,0.8906474113464355
7586,2504,17203,False,0.934089720249176
7587,2504,16598,True,0.9539340734481812
7588,2505,17878,False,0.5319548845291138
7589,2505,15568,False,0.5099768042564392
7590,2505,9644,False,0.6211284399032593
7591,2506,12339,False,0.0
7592,2506,10971,False,0.0
7593,2506,10968,False,0.0
7594,2507,7055,True,0.8765119314193726
7595,2507,5038,False,0.8676717281341553
7596,2507,1090,False,0.870006799697876
7597,2508,21866,True,0.7903269529342651
7598,2508,11582,False,0.7665377855300903
7599,2508,3768,False,0.4934152066707611
7600,2509,11835,False,0.0
7601,2509,5784,False,0.5487637519836426
7602,2509,1904,False,0.6266924142837524
7603,2510,11625,True,0.9254602193832396
7604,2510,11287,False,0.727409839630127
7605,2510,1640,False,0.6235223412513733
7606,2511,21503,True,0.9108418226242064
7607,2511,16017,False,0.71959388256073
7608,2511,13771,False,0.8721408843994141
7609,2512,11521,False,0.8341838717460632
7610,2512,11269,False,0.8231401443481445
7611,2512,6022,False,0.7182523608207703
7612,2513,20426,True,0.944031834602356
7613,2513,4666,False,0.0
7614,2513,1024,False,0.6770808100700378
7615,2514,10644,False,0.8392007350921631
7616,2514,6586,False,0.8601164817810059
7617,2514,4552,False,0.708493709564209
7618,2514,2634,True,0.8670728206634521
7619,2515,9967,True,0.8994336128234863
7620,2515,3906,False,0.875270426273346
7621,2515,554,False,0.8903324007987976
7622,2516,20309,True,0.902145266532898
7623,2516,19977,False,0.7216911911964417
7624,2516,19976,False,0.7180647253990173
7625,2517,10729,False,0.8241890668869019
7626,2517,10727,False,0.8486767411231995
7627,2517,8235,False,0.8733772039413452
7628,2518,21688,True,0.871336817741394
7629,2518,20114,False,0.8480602502822876
7630,2518,10680,False,0.7128263711929321
7631,2519,10602,False,0.6516021490097046
7632,2519,8655,False,0.0
7633,2519,2668,True,0.9468272924423218
7634,2520,19129,False,0.6941426992416382
7635,2520,15683,True,0.7781471610069275
7636,2520,8177,False,0.7740406394004822
7637,2521,14555,False,0.0
7638,2521,10584,False,0.0
7639,2521,2660,False,0.6119865775108337
7640,2522,12397,False,0.7323055863380432
7641,2522,3324,True,0.890314519405365
7642,2522,3323,False,0.8395959138870239
7643,2523,10365,True,0.8656220436096191
7644,2523,4321,False,0.7750517129898071
7645,2523,3766,False,0.5825494527816772
7646,2524,22029,False,0.6339495778083801
7647,2524,14111,False,0.0
7648,2524,7426,False,0.6800181269645691
7649,2525,11068,False,0.706420361995697
7650,2525,7072,False,0.6917111277580261
7651,2525,5372,True,0.8755320310592651
7652,2526,15693,False,0.77858567237854
7653,2526,1195,False,0.0
7654,2526,768,False,0.0
7655,2527,21062,False,0.8516627550125122
7656,2527,13291,True,0.8727664947509766
7657,2527,13282,False,0.8390591144561768
7658,2528,18601,False,0.7298887372016907
7659,2528,10489,False,0.0
7660,2528,768,False,0.7427522540092468
7661,2529,8725,False,0.0
7662,2529,6691,False,0.0
7663,2529,16909,False,0.0
7664,2530,19334,False,0.6970227360725403
7665,2530,9288,False,0.0
7666,2530,768,False,0.0
7667,2531,19976,True,0.959846258163452
7668,2531,12191,False,0.9267017841339112
7669,2531,4659,False,0.9248718023300172
7670,2532,17697,False,0.7028749585151672
7671,2532,17384,False,0.7047263383865356
7672,2532,260,False,0.724432110786438
7673,2533,16333,False,0.0
7674,2533,820,False,0.0
7675,2533,304,False,0.0
7676,2534,16640,False,0.7572996616363525
7677,2534,9664,False,0.7442594766616821
7678,2534,6898,False,0.6421176791191101
7679,2535,9869,False,0.8753038644790649
7680,2535,8810,False,0.9004689455032349
7681,2535,139,False,0.8095701932907104
7682,2536,12333,True,0.9184345602989196
7683,2536,12331,False,0.8314704895019531
7684,2536,7762,False,0.917196810245514
7685,2537,11918,False,0.9285632371902466
7686,2537,10479,True,0.9016400575637816
7687,2537,4425,False,0.9101006984710692
7688,2538,14178,False,0.8617838621139526
7689,2538,8245,False,0.912168025970459
7690,2538,2279,True,0.9766448140144348
7691,2539,10705,True,0.8573814630508423
7692,2539,20685,False,0.0
7693,2539,18281,False,0.0
7694,2540,21344,False,0.9238864779472352
7695,2540,9201,False,0.9090291261672974
7696,2540,5175,True,0.9625819325447084
7697,2541,11272,False,0.6781364679336548
7698,2541,3296,False,0.6398994326591492
7699,2541,1306,False,0.6758232116699219
7700,2542,15118,True,0.9266998767852784
7701,2542,7169,False,0.9455136060714722
7702,2542,5136,False,0.9528194665908812
7703,2543,10488,False,0.8737266063690186
7704,2543,4434,False,0.8485149145126343
7705,2543,2533,True,0.9262221455574036
7706,2544,18025,False,0.8472989201545715
7707,2544,18024,False,0.7337107062339783
7708,2544,16195,True,0.8662745952606201
7709,2545,18198,False,0.0
7710,2545,17380,False,0.0
7711,2545,606,False,0.0
7712,2546,16597,False,0.8423271179199219
7713,2546,9064,False,0.7844126224517822
7714,2546,5349,True,0.9295424222946168
7715,2547,6691,False,0.0
7716,2547,6690,False,0.0
7717,2547,19334,False,0.6940540075302124
7718,2548,19117,False,0.8842605352401733
7719,2548,18724,False,0.7286489009857178
7720,2548,1648,True,0.9395531415939332
7721,2549,20960,False,0.6937949657440186
7722,2549,17704,False,0.6972385048866272
7723,2549,14193,False,0.7810475826263428
7724,2550,15807,False,0.759182333946228
7725,2550,7868,False,0.810212254524231
7726,2550,3025,True,0.7724291682243347
7727,2551,4397,False,0.7745764851570129
7728,2551,4394,False,0.7900146245956421
7729,2551,1053,False,0.0
7730,2552,18623,False,0.7371931672096252
7731,2552,8306,True,0.860660970211029
7732,2552,2320,False,0.8124568462371826
7733,2553,6636,False,0.7812103033065796
7734,2553,6630,False,0.7823151350021362
7735,2553,2238,False,0.7790776491165161
