,D1,D2,responses,weight
0,181,0,True,0.998235811622269
1,3255,1,True,0.9888335054375492
2,3456,2,False,0.2581988897471611
3,5785,2,False,0.0
4,267,3,False,0.7905694150420948
5,1916,4,False,0.0
6,2872,5,False,0.0
7,3345,6,False,0.0
8,2984,7,True,0.9412207643723192
9,4293,8,True,0.8340576562282991
10,3457,9,False,0.0
11,4371,10,True,0.8320502943378436
12,1454,11,False,0.7416198487095663
13,2917,12,True,0.970184347797704
14,4981,13,False,0.0
15,2073,14,True,0.8075728530872482
16,883,15,False,0.0
17,5627,16,False,0.5112171874107659
18,5170,17,False,0.0
19,718,18,False,0.5270462766947299
20,4691,19,False,0.834847109936722
21,3274,20,False,0.8086075400626399
22,5758,21,False,0.0
23,1635,22,False,0.2407717061715384
24,220,22,False,0.2407717061715384
25,1266,23,False,0.1817479662829877
26,3872,24,True,0.7745966692414834
27,838,25,False,0.5383819020581655
28,2779,26,False,0.0
29,2890,27,True,0.8728715609439696
30,4480,28,False,0.0
31,1786,29,True,0.9891886381032922
32,175,30,False,0.806225774829855
33,137,31,False,0.0
34,4698,32,False,0.0
35,4279,33,False,0.4040610178208842
36,3271,34,False,0.0
37,3271,35,False,0.0
38,1759,36,False,0.0
39,5894,37,True,0.9272570880541656
40,3341,38,True,0.8773580220588532
41,3980,39,False,0.8017837257372732
42,679,40,False,0.3356243110397689
43,3383,41,False,0.0
44,1161,41,False,0.0
45,5701,42,False,0.0
46,815,43,True,0.8728715609439696
47,5604,44,False,0.2849014411490949
48,2143,44,False,0.2849014411490949
49,1109,45,False,0.0
50,5196,46,False,0.7416198487095663
51,664,48,False,0.0
52,3654,49,False,0.0
53,1718,50,False,0.0
54,653,51,True,0.9785885079952122
55,1908,52,True,0.7745966692414834
56,3978,53,False,0.2531848417709166
57,2915,54,True,0.8416254115301732
58,1330,55,False,0.5477225575051661
59,573,56,False,0.0
60,2120,57,False,0.554700196225229
61,3743,58,True,0.6123724356957945
62,679,59,False,0.3356243110397689
63,2416,60,False,0.545544725589981
64,1583,61,True,0.8583950752789522
65,1231,62,False,0.7905694150420948
66,29,63,False,0.1277903821421471
67,4517,64,True,0.5090278103806222
68,4357,65,True,0.8583950752789522
69,228,66,True,0.9891763200830332
70,2078,67,False,0.3888888888888889
71,3898,68,False,0.0
72,5510,69,False,0.8416254115301732
73,3637,70,False,0.4412613040609141
74,268,71,False,0.0
75,2489,72,False,0.7905694150420948
76,4315,73,False,0.4841820261350419
77,2288,74,False,0.7687061147858074
78,2288,75,True,0.806225774829855
79,2017,77,False,0.440086229423352
80,6016,78,True,0.8846517369293828
81,381,80,False,0.0
82,4986,81,False,0.0
83,2721,82,False,0.3090575499818435
84,4691,83,False,0.5897678246195885
85,4706,84,False,0.0
86,4649,84,False,0.0
87,3321,84,False,0.3668996928526714
88,267,85,False,0.8075728530872482
89,5932,86,False,0.4150286783196448
90,3543,86,False,0.0
91,3649,87,True,0.8257228238447705
92,1225,88,False,0.5270462766947299
93,2809,89,False,0.0
94,850,90,False,0.8
95,827,91,True,0.9886323421709464
96,3129,92,True,0.9156126269210424
97,706,93,False,0.4743416490252569
98,4000,93,False,0.4743416490252569
99,2802,94,True,0.8257228238447705
100,4986,95,False,0.0
101,1507,96,False,0.0
102,3898,98,False,0.0
103,3192,99,False,0.2010075630518424
104,1524,100,False,0.4454354031873739
105,3637,101,False,0.8
106,5074,102,False,0.0
107,1111,103,False,0.7801894976054939
108,1945,104,False,0.0
109,3068,106,True,0.6037502997053117
110,3944,107,False,0.0
111,4072,107,False,0.0
112,4431,107,False,0.0
113,2148,108,False,0.7905694150420948
114,5602,109,True,0.8896644611983444
115,1665,110,False,0.0
116,632,111,False,0.2076136996343499
117,4614,112,False,0.3517632353407242
118,3540,113,False,0.2138089935299394
119,4051,113,False,0.2138089935299394
120,4869,114,True,0.9770910109329762
121,3377,115,False,0.0
122,5789,116,False,0.0
123,301,117,True,0.9760053355807994
124,3995,118,True,0.9261982170436855
125,3869,119,True,0.7518094115561123
126,532,120,False,0.3012320380383546
127,1517,121,False,0.8164965809277261
128,3351,122,False,0.173259232729684
129,170,123,True,0.8164965809277261
130,838,124,False,0.5270462766947299
131,3241,125,True,0.9412207643723192
132,5215,126,False,0.0
133,11,127,False,0.3768673314407159
134,3584,128,False,0.1572431717762099
135,4212,129,True,0.968085332749722
136,568,130,False,0.1669567742259364
137,4927,131,False,0.0
138,5715,132,True,0.9185117918925864
139,1938,133,False,0.0
140,4511,134,False,0.2880092164423916
141,1704,135,True,0.939728101878554
142,5364,136,False,0.2286904110599487
143,536,137,True,0.7745966692414834
144,1649,138,False,0.1476119041271832
145,3645,139,False,0.3600411499115478
146,4679,140,True,0.2488301869075814
147,1658,141,True,0.8164965809277259
148,2727,143,False,0.816496580927726
149,738,144,False,0.7947194142390263
150,2884,145,False,0.0
151,5250,146,True,0.8164965809277259
152,3667,147,False,0.7844645405527362
153,595,148,False,0.0
154,681,149,False,0.0
155,2213,150,False,0.0
156,4958,151,False,0.0
157,3771,152,True,0.7302967433402215
158,5215,153,False,0.6200655251253673
159,5384,154,True,0.7977240352174656
160,3722,155,False,0.2096569673443836
161,4296,156,True,0.806225774829855
162,2280,157,False,0.7905694150420948
163,4244,158,False,0.0
164,3649,158,False,0.0
165,694,159,False,0.0
166,794,160,False,0.0
167,1954,162,False,0.3336630399750968
168,4256,163,False,0.0
169,3457,163,False,0.0
170,4156,164,False,0.0
171,164,165,True,0.9228010749900376
172,2955,166,True,0.8075728530872482
173,4649,167,True,0.7977240352174656
174,866,168,False,0.20056488422556
175,3833,169,False,0.450377349111045
176,4451,170,False,0.0
177,2977,171,False,0.8
178,1764,172,False,0.0
179,5331,173,False,0.0
180,5920,174,False,0.0
181,4164,175,False,0.5041841733655162
182,740,176,False,0.0983242264310782
183,5897,177,False,0.0
184,5534,178,False,0.1564653128985886
185,1333,180,False,0.4216370213557839
186,5675,181,False,0.2830692585361489
187,4659,182,True,0.8164965809277259
188,114,183,True,0.8790490729915326
189,2892,184,False,0.0
190,2245,185,True,0.8790490729915326
191,1748,187,False,0.0
192,2146,188,False,0.1105140711413677
193,5662,189,False,0.0
194,1146,190,False,0.0
195,2982,191,True,0.9549005901150508
196,1356,192,False,0.7687061147858074
197,4746,193,True,0.9844338851356208
198,2809,194,False,0.0
199,6028,195,False,0.1803339269334864
200,3993,196,False,0.1017099964872519
201,2327,198,False,0.2581988897471611
202,4181,198,False,0.2581988897471611
203,568,199,False,0.4207445350899108
204,5838,200,True,0.9594112875401972
205,3100,201,True,0.9704668947704655
206,3236,203,True,0.9471141280884336
207,6001,204,False,0.3668996928526714
208,817,205,False,0.1556997888323046
209,2668,206,True,0.7977240352174656
210,2148,208,False,0.8075728530872482
211,840,209,False,0.4008918628686366
212,5860,210,False,0.8613567692141089
213,2163,212,False,0.0
214,850,213,True,0.8164965809277261
215,5453,214,False,0.18669145807013
216,4812,215,True,0.9811017220456552
217,2463,216,False,0.7687061147858074
218,4398,218,True,0.8340576562282991
219,204,219,False,0.0
220,1896,220,True,0.7449887315796286
221,3158,222,True,0.7222854369745269
222,279,223,False,0.7905694150420948
223,1104,224,False,0.0
224,2809,225,False,0.0
225,699,226,True,0.898717034272917
226,3543,227,False,0.0
227,5932,227,False,0.4045199174779452
228,5032,228,False,0.0
229,246,229,False,0.3329560459081458
230,5264,230,True,0.8320502943378436
231,562,231,True,0.8660254037844386
232,83,232,False,0.5163977794943223
233,4967,233,True,0.8583950752789522
234,2221,234,False,0.3692164063486089
235,5405,235,False,0.3269992851069362
236,2606,236,True,0.6023590262090625
237,4502,237,False,0.4472135954999579
238,157,238,True,0.7867957924694432
239,1874,239,False,0.823754471047914
240,5,240,False,0.0
241,3511,241,False,0.3328201177351375
242,318,242,False,0.0
243,801,243,False,0.4902903378454601
244,118,244,True,0.9691173645492048
245,3637,245,False,0.4592793267718459
246,3352,246,False,0.5590169943749475
247,3140,247,False,0.0
248,4127,248,False,0.3356243110397689
249,5653,249,False,0.0
250,27,249,False,0.0
251,5058,250,False,0.0
252,1981,251,False,0.0
253,1928,251,False,0.0
254,3009,252,False,0.0
255,5941,253,True,0.8944271909999159
256,3345,254,True,0.5270462766947299
257,2254,255,True,0.9816910380221716
258,5172,256,False,0.4714045207910317
259,2355,257,False,0.0
260,3127,257,False,0.0
261,4691,258,False,0.5839571624737838
262,5989,259,True,0.8583950752789522
263,6018,260,False,0.2180050984835433
264,5054,261,True,0.9917728234800368
265,2629,262,True,0.7518094115561123
266,267,263,False,0.3098386676965933
267,5452,264,True,0.95378141974748
268,2155,265,False,0.0
269,1559,265,False,0.0
270,961,265,False,0.0
271,2496,265,False,0.0
272,2536,265,False,0.0
273,2820,265,False,0.0
274,5890,265,False,0.0
275,3439,265,False,0.0
276,4684,265,False,0.0
277,1332,265,False,0.0
278,4941,265,False,0.0
279,341,265,False,0.0
280,4272,265,False,0.0
281,126,265,False,0.0
282,5219,265,False,0.0
283,4026,265,False,0.0
284,2208,265,False,0.0
285,2780,265,False,0.0
286,399,265,False,0.0
287,4639,265,False,0.0
288,4645,267,True,0.979944660335203
289,2809,268,False,0.0
290,964,269,False,0.0
291,2023,269,False,0.0
292,3271,270,False,0.0
293,2992,271,True,0.8897565210026093
294,1473,272,True,0.8164965809277259
295,1002,274,False,0.7687061147858074
296,4357,276,False,0.3818813079129867
297,4261,277,True,0.948824334741704
298,2875,278,True,0.2544415511325737
299,2993,279,True,0.7754848295751029
300,3592,280,False,0.0
301,3900,281,True,0.984801288525996
302,5566,282,False,0.5063696835418333
303,2084,283,True,0.8075728530872482
304,2154,284,False,0.8075728530872482
305,3017,285,False,0.0
306,3168,286,True,0.7449887315796286
307,1473,287,False,0.7977240352174656
308,5483,288,False,0.4472135954999579
309,1862,288,False,0.4472135954999579
310,602,288,False,0.4472135954999579
311,2919,288,False,0.4472135954999579
312,121,288,False,0.4472135954999579
313,1273,288,False,0.4472135954999579
314,2835,288,False,0.4472135954999579
315,284,289,False,0.2946278254943948
316,5970,290,False,0.3031695312954162
317,2259,292,False,0.0
318,2809,293,False,0.0
319,745,294,False,0.0
320,3410,296,False,0.241746889207614
321,4667,297,True,0.7947194142390263
322,4258,298,False,0.0
323,4513,298,False,0.0
324,738,300,False,0.2309401076758502
325,5566,301,False,0.5367450401216932
326,80,302,True,0.2158967889943626
327,1360,303,True,0.2939749847869951
328,3260,304,True,0.9226624356443984
329,3179,305,False,0.5931559464710582
330,4146,306,True,0.8498365855987974
331,776,307,True,0.965786082009043
332,1496,308,True,0.9834406880220764
333,1596,310,False,0.4193139346887673
334,5760,310,False,0.4193139346887673
335,3865,311,True,0.974120198078483
336,3508,312,False,0.0
337,232,314,False,0.5651585664096014
338,3005,315,False,0.0
339,4918,316,True,0.7637626158259734
340,4240,317,False,0.0
341,5264,318,False,0.816496580927726
342,4725,319,False,0.0
343,895,320,False,0.0968245836551854
344,774,321,True,0.5256534670897746
345,3829,322,True,0.7934920476158722
346,773,324,False,0.46475800154489
347,3002,325,True,0.9893489029123952
348,4234,327,True,0.9462154083784944
349,738,328,False,0.7385489458759964
350,5232,329,False,0.3956282840374722
351,1690,330,True,0.9576935631509688
352,4384,331,False,0.0
353,3616,332,True,0.8728715609439696
354,560,333,True,0.7642171012073583
355,3978,334,False,0.2484519974999766
356,5192,335,False,0.3432032364918221
357,4689,336,False,0.0
358,1877,337,True,0.8257228238447705
359,3906,338,True,0.848528137423857
360,4148,339,True,0.8635180487819141
361,42,340,True,0.9514413495908352
362,3511,342,False,0.3263569759322527
363,4418,343,False,0.0
364,2451,344,False,0.2138089935299394
365,3575,345,False,0.4236592728681617
366,1996,346,False,0.7559289460184544
367,1520,347,False,0.4008918628686366
368,4244,348,False,0.0
369,420,349,True,0.7867957924694432
370,4939,350,True,0.9364393121029886
371,4682,351,False,0.0
372,3036,352,False,0.0
373,2380,353,True,0.806225774829855
374,2295,354,True,0.8355397340624166
375,4343,355,True,0.601929265428846
376,1906,356,False,0.7687061147858074
377,4244,357,False,0.2981423969999719
378,896,358,True,0.8075728530872482
379,2084,361,False,0.0
380,3161,363,False,0.0
381,1910,363,False,0.0
382,468,364,True,0.9415824416172623
383,3645,365,False,0.3668996928526714
384,5476,366,False,0.3600411499115478
385,407,367,True,0.3264786172001294
386,1089,368,False,0.3807498052542948
387,2277,369,False,0.0
388,5860,370,False,0.8477912478906585
389,2176,371,True,0.8257228238447705
390,2319,372,True,0.937752089249456
391,1685,374,False,0.2575131013123024
392,1550,375,True,0.973244064154885
393,3875,376,True,0.9338479919516196
394,5126,377,False,0.0
395,617,378,True,0.8583950752789522
396,3637,380,True,0.8164965809277261
397,5390,381,False,0.0
398,5041,382,False,0.0
399,1274,383,True,0.9009601140642826
400,2809,384,False,0.0
401,3271,385,False,0.0
402,1524,386,False,0.0
403,4031,387,False,0.2970442628930023
404,2678,388,False,0.3395498750508661
405,2637,390,True,0.8728715609439696
406,572,393,True,0.9515925173616352
407,2272,394,False,0.7801894976054939
408,3274,395,True,0.824621125123532
409,589,396,False,0.1545975903361994
410,4367,397,True,0.8416254115301732
411,2177,398,False,0.0
412,284,399,False,0.2727723627949905
413,4376,401,True,0.9419396923500876
414,1119,402,False,0.0
415,3271,403,False,0.0
416,2148,404,True,0.8257228238447705
417,5786,405,False,0.2773500981126146
418,3271,407,False,0.0
419,5494,408,False,0.2620712091804796
420,5021,410,False,0.4147806778921701
421,3543,411,False,0.0
422,1641,413,False,0.3098386676965933
423,5464,414,False,0.0
424,2809,415,False,0.0
425,4691,416,False,0.5957554687344992
426,4252,417,True,0.9594112875401972
427,1906,418,True,0.7867957924694432
428,141,421,False,0.294174202707276
429,5914,422,False,0.191978035267155
430,4595,423,True,0.7302967433402215
431,1617,424,False,0.2311250817605121
432,279,427,True,0.8075728530872482
433,5119,428,False,0.3207134902949092
434,2759,429,True,0.8416254115301732
435,4935,430,False,0.2981423969999719
436,4245,433,False,0.408248290463863
437,1934,434,False,0.4830458915396479
438,3905,436,True,0.9526519467818858
439,2557,438,True,0.9420043823078598
440,3271,439,False,0.0
441,2809,440,False,0.0
442,1788,442,False,0.0
443,3730,443,False,0.0
444,3412,443,False,0.0
445,5305,444,False,0.7905694150420948
446,2122,445,False,0.4810702354423639
447,6026,446,True,0.8257228238447705
448,697,446,False,0.8257228238447705
449,5882,448,False,0.3721042037676254
450,3903,449,True,0.97671204829253
451,5040,450,False,0.2718549419985796
452,3645,451,False,0.3741657386773941
453,4749,452,False,0.3666793988112845
454,2154,453,True,0.8660254037844386
455,204,455,False,0.0
456,3921,457,False,0.1226494833149871
457,4700,458,False,0.0
458,1356,458,False,0.0
459,5613,459,True,0.9347573425963088
460,5079,460,False,0.390199486285854
461,5065,461,False,0.3478327964999673
462,4985,462,False,0.2891574659831201
463,862,463,False,0.4810702354423639
464,2288,464,False,0.7867957924694432
465,5119,466,False,0.3144854510165755
466,2973,467,False,0.3207134902949092
467,3958,468,True,0.8164965809277259
468,1330,469,True,0.5595028849441883
469,5467,470,False,0.6200655251253673
470,2774,471,False,0.0
471,420,473,False,0.7687061147858074
472,1231,475,False,0.8075728530872482
473,615,477,False,0.0
474,5258,479,True,0.7867957924694432
475,3996,480,False,0.0
476,3084,481,False,0.5590169943749475
477,301,482,False,0.1312711404619897
478,2809,483,False,0.0
479,2168,484,False,0.3903600291794133
480,168,485,False,0.4048204523763681
481,1103,485,False,0.4048204523763681
482,1874,486,True,0.8388704928078611
483,3201,487,True,0.6298897789321866
484,2264,488,False,0.2309401076758502
485,5889,489,False,0.168676116344956
486,1571,491,False,0.0
487,4667,492,False,0.2519763153394848
488,175,493,False,0.2218800784900916
489,1914,494,False,0.2876779808912305
490,350,494,False,0.2876779808912305
491,5136,495,False,0.2668802563418119
492,3829,496,False,0.0
493,718,497,True,0.5383819020581655
494,2342,499,False,0.0
495,4262,501,False,0.8
496,28,502,False,0.5015503913178175
497,4171,502,False,0.5015503913178175
498,4811,504,False,0.0
499,5949,505,True,0.7213357077339458
500,2809,507,False,0.0
501,638,509,False,0.0
502,5654,510,False,0.0
503,2928,511,True,0.9395170608841054
504,3018,513,False,0.0
505,3271,514,False,0.0
506,1949,515,False,0.0
507,3514,516,True,0.9476967640372096
508,3081,517,True,0.914627361211408
509,2085,518,False,0.0
510,2008,519,False,0.0
511,3548,520,True,0.1371250376427325
512,2809,521,False,0.0
513,4649,523,False,0.0
514,3321,523,False,0.0
515,267,524,True,0.8257228238447705
516,588,525,False,0.0
517,5055,526,True,0.9385578520972678
518,877,527,True,0.8340576562282991
519,5859,528,True,0.9476480549109884
520,5502,529,False,0.2927700218845599
521,4942,529,False,0.2927700218845599
522,4991,530,False,0.0
523,3957,532,True,0.9509264494405404
524,5150,533,False,0.1420360801440756
525,4501,534,True,0.8340576562282991
526,4049,535,True,0.7237468644557459
527,1951,536,False,0.3432032364918221
528,2987,537,True,0.7745966692414834
529,4411,538,False,0.0
530,3991,539,False,0.0
531,3857,540,False,0.5521576303742327
532,649,541,False,0.6172133998483676
533,3270,542,True,0.9412936406005088
534,1245,543,False,0.0
535,1127,544,False,0.276627266291688
536,2154,545,False,0.7905694150420948
537,1929,546,False,0.0
538,857,547,False,0.0
539,3453,548,False,0.3595116942721415
540,3187,549,False,0.0
541,3645,550,False,0.3600411499115478
542,5524,551,False,0.4717281765248632
543,1727,553,False,0.7637626158259734
544,2504,554,False,0.8086075400626399
545,2809,555,False,0.0
546,4343,556,False,0.5892556509887896
547,3887,557,True,0.9542487565071984
548,28,558,False,0.3144854510165755
549,4560,559,False,0.1822422756006058
550,1933,560,True,0.8660254037844386
551,4009,562,False,0.2085144140570747
552,1788,563,False,0.0
553,2416,564,False,0.5330017908890261
554,5249,566,False,0.0
555,157,569,False,0.7687061147858074
556,3716,570,False,0.0
557,3521,571,False,0.0
558,5643,572,True,0.7947194142390263
559,5835,573,False,0.0
560,3309,574,True,0.7977240352174656
561,4164,575,True,0.8790490729915326
562,170,576,False,0.8
563,1256,577,False,0.834847109936722
564,734,578,False,0.0
565,2382,579,True,0.9772420862398294
566,4723,580,False,0.5597691428330557
567,5654,581,False,0.3700763728463767
568,3274,582,False,0.5687964589945211
569,4965,583,False,0.0
570,3575,584,False,0.4139186771923578
571,3592,585,False,0.0
572,3996,586,False,0.0
573,3556,587,True,0.9471141280884336
574,1104,588,False,0.0
575,436,589,False,0.2635231383473649
576,394,589,False,0.2635231383473649
577,3212,590,True,0.4364357804719848
578,769,591,False,0.0
579,1558,591,False,0.0
580,1002,592,True,0.806225774829855
581,5320,593,True,0.966509914145434
582,3413,595,False,0.0
583,3958,596,False,0.2620712091804796
584,2225,596,False,0.2620712091804796
585,5395,597,False,0.7687061147858074
586,4392,599,False,0.2158862633384182
587,2809,600,False,0.0
588,5854,601,True,0.8798826901281198
589,1641,602,False,0.2876779808912305
590,208,603,False,0.5521576303742327
591,5906,604,False,0.3689323936863109
592,5615,606,False,0.0
593,1190,607,True,0.379271590978323
594,4440,608,True,0.6390096504226939
595,2274,612,True,0.9330312480474724
596,791,613,True,0.7745966692414834
597,4937,614,True,0.5248906591678238
598,5234,615,True,0.944911182523068
599,911,616,False,0.5521576303742327
600,5136,619,False,0.0
601,3075,620,False,0.0
602,2915,621,False,0.824621125123532
603,5526,622,False,0.0
604,3355,624,False,0.0
605,1763,625,True,0.806225774829855
606,2572,626,False,0.7905694150420948
607,3092,627,False,0.1305621057226217
608,749,628,False,0.5298129428260175
609,2487,629,True,0.8401680504168059
610,3543,630,False,0.0
611,3552,631,True,0.9892906853081774
612,3780,632,False,0.0
613,3547,633,True,0.280056016805602
614,3489,634,False,0.1934550059099835
615,4743,635,True,0.9819629199290484
616,4504,636,True,0.9235141930792202
617,5336,638,False,0.0
618,2810,639,True,0.9471141280884336
619,924,640,True,0.7396002616336388
620,3575,641,False,0.3807498052542948
621,5758,642,False,0.0
622,3790,643,False,0.0
623,1984,647,False,0.0
624,1691,648,False,0.4365641250653993
625,476,651,False,0.4364357804719848
626,2661,652,True,0.7977240352174656
627,3592,654,False,0.0
628,3540,655,False,0.0
629,4051,655,False,0.0
630,4520,656,True,0.9412999628642154
631,284,657,False,0.0
632,4238,658,True,0.8186911404266435
633,3096,659,False,0.0
634,2066,660,False,0.0
635,4168,661,True,0.9867973809138466
636,604,662,False,0.0
637,3013,663,False,0.4810702354423639
638,5671,663,False,0.0
639,2809,666,False,0.0
640,1119,667,False,0.0
641,3398,669,True,0.9688199813191424
642,1805,670,False,0.3061862178478973
643,5218,671,False,0.0
644,5993,673,True,0.8709883407113854
645,2816,675,False,0.600099198148979
646,3882,676,True,0.8583950752789522
647,4398,677,False,0.8164965809277261
648,808,678,False,0.5547001962252291
649,5,679,False,0.0
650,1225,680,False,0.5163977794943223
651,5223,681,False,0.0678557121369378
652,1557,685,True,0.9311862558786266
653,3587,687,True,0.806225774829855
654,676,688,True,0.9439946322085784
655,3960,690,True,0.8728715609439696
656,2073,692,False,0.7905694150420948
657,4379,693,True,0.3364545484930515
658,5756,695,True,0.8864264350850093
659,52,696,True,0.6695340634119862
660,391,697,True,0.945599088478366
661,2808,698,True,0.9838560643339066
662,63,699,False,0.0
663,5938,700,False,0.3779644730092272
664,2809,701,False,0.0
665,2809,702,False,0.0
666,3641,703,False,0.0
667,2616,704,True,0.8075728530872482
668,1532,705,False,0.358568582800318
669,3041,706,False,0.0
670,4986,707,False,0.0
671,5331,708,True,0.2041241452319314
672,1998,710,False,0.0
673,2662,711,False,0.3042903097250923
674,241,713,True,0.7934920476158722
675,4398,714,False,0.6
676,1121,715,False,0.0
677,2711,716,True,0.9791167455260522
678,3229,717,True,0.9387759303325134
679,2082,719,False,0.8086075400626399
680,3302,720,True,0.8164965809277259
681,3834,721,True,0.966401575249492
682,4066,722,True,0.806225774829855
683,2094,723,False,0.0
684,3999,724,False,0.3207134902949092
685,10,725,False,0.0
686,2065,726,True,0.7642171012073583
687,10,727,False,0.0
688,3031,728,True,0.9880908105686984
689,3351,729,False,0.3492151478847891
690,5345,730,False,0.0
691,5903,731,False,0.1395726315597706
692,2774,732,True,0.806225774829855
693,22,733,True,0.9561500602393896
694,5395,734,True,0.7867957924694432
695,3379,736,False,0.2512448876271439
696,3088,737,True,0.9498040111383338
697,3637,739,False,0.45
698,4331,741,False,0.3736323588785367
699,3345,742,False,0.5009794328681196
700,4325,743,False,0.5393193716300061
701,1681,744,False,0.5185449728701348
702,2315,745,False,0.0
703,4513,746,True,0.8583950752789522
704,3733,747,False,0.0
705,1333,748,False,0.5443310539518174
706,1981,749,False,0.4276179870598789
707,2755,750,True,0.8257228238447705
708,5590,752,True,0.9738780502855192
709,1509,753,False,0.473049916791266
710,5310,754,True,0.4969039949999532
711,2511,756,False,0.0
712,3161,757,False,0.4045199174779452
713,4946,758,False,0.0
714,3910,759,True,0.806225774829855
715,4424,760,True,0.2392052452225489
716,3271,761,False,0.0
717,5817,762,False,0.0
718,1111,763,True,0.7977240352174656
719,2884,764,False,0.0
720,1665,764,False,0.0
721,4828,765,True,0.9589411965400476
722,2977,766,False,0.8164965809277261
723,1832,767,True,0.9859238958428804
724,214,768,True,0.806225774829855
725,5232,769,False,0.0
726,2809,771,False,0.0
727,2547,773,False,0.0
728,4037,773,False,0.0
729,4175,774,False,0.0
730,2809,776,False,0.0
731,5837,777,True,0.944968471804734
732,1551,778,False,0.2264554068289191
733,1708,779,False,0.4536092116265144
734,5354,779,False,0.4536092116265144
735,4095,780,False,0.3818813079129867
736,4365,781,False,0.0
737,1132,782,True,0.8709883407113854
738,4695,783,True,0.7844645405527362
739,2742,784,False,0.0
740,1040,785,False,0.0
741,68,787,True,0.8665410486076106
742,2610,788,True,0.9208020044938372
743,4297,790,True,0.9498615431306164
744,1711,791,True,0.8897565210026093
745,2451,792,False,0.0
746,2937,793,True,0.9002586987924299
747,935,795,False,0.231325972786496
748,566,796,False,0.1005141422064833
749,5654,797,True,0.8548842422627598
750,5206,798,False,0.0
751,4738,800,True,0.8563488385776753
752,3536,801,True,0.8164965809277261
753,3967,803,False,0.0
754,2809,804,False,0.0
755,1005,805,False,0.3900947488027469
756,182,807,True,0.8583950752789522
757,4986,809,False,0.0
758,5866,810,False,0.0
759,5181,812,True,0.9185117918925864
760,3386,813,False,0.0
761,5223,814,False,0.0703135948047593
762,5735,816,False,0.0
763,2085,817,False,0.7905694150420948
764,2960,818,False,0.4743416490252569
765,2154,818,False,0.4743416490252569
766,3814,819,False,0.1394047268348904
767,2809,820,False,0.0
768,4873,821,False,0.0
769,2688,822,False,0.0
770,198,822,False,0.24514516892273
771,598,824,True,0.3750278882981087
772,2287,825,False,0.0
773,1475,826,True,0.7496713736423323
774,2404,827,False,0.2041773233350173
775,5671,829,False,0.3535533905932737
776,1922,830,False,0.5041841733655162
777,1827,830,False,0.5041841733655162
778,5863,831,False,0.0
779,5554,832,False,0.1092787191996507
780,4813,833,False,0.5143444998736397
781,4386,834,False,0.2366138608450778
782,2192,836,True,0.3946350457833349
783,133,838,True,0.8164965809277261
784,455,840,True,0.4763305116224668
785,5331,841,False,0.0
786,3944,842,False,0.0
787,4174,844,True,0.9715291617614656
788,3351,845,False,0.0
789,1109,847,False,0.2575131013123024
790,4452,849,False,0.8086075400626399
791,2721,850,False,0.3149448894660933
792,3751,852,False,0.0
793,2973,854,False,0.2927700218845599
794,3215,856,False,0.4183300132670378
795,3367,859,True,0.9548257794802816
796,3678,860,True,0.4823345684547415
797,4037,861,True,0.8302780872259965
798,4240,862,False,0.7071067811865475
799,5297,863,False,0.4895354638983791
800,1210,864,False,0.3962969619506085
801,4511,865,False,0.0
802,1089,866,False,0.3962969619506085
803,518,867,True,0.9429856839571052
804,723,868,False,0.0
805,373,870,False,0.0
806,2543,870,False,0.3779644730092272
807,5267,871,True,0.824621125123532
808,5634,872,False,0.0980233910124518
809,4864,873,True,0.8944271909999159
810,5108,875,False,0.0
811,1996,877,False,0.0
812,3271,878,False,0.0
813,1376,879,True,0.1894300623375299
814,3586,880,False,0.5547001962252291
815,2987,883,False,0.0
816,4864,884,False,0.8606629658238705
817,3677,885,False,0.0
818,1340,886,False,0.7687061147858074
819,1356,887,True,0.7867957924694432
820,3271,888,False,0.0
821,5607,889,True,0.2598076211353315
822,548,890,False,0.4437601569801833
823,4557,891,True,0.8866208878571035
824,3645,892,False,0.3818813079129867
825,1089,894,False,0.4139186771923578
826,4935,895,False,0.0
827,1119,896,False,0.0
828,4741,897,False,0.114482049104664
829,5126,898,False,0.3618136134933163
830,1619,899,True,0.3952847075210474
831,5624,900,True,0.9399619372015008
832,947,901,False,0.3090157215747628
833,3930,903,False,0.0
834,3291,904,True,0.9772268865021796
835,5986,905,False,0.5597691428330557
836,3761,906,False,0.1686652202970256
837,83,907,True,0.8451542547285166
838,4807,908,False,0.0
839,4036,909,False,0.508000508000762
840,805,910,False,0.1881334415843447
841,1039,912,False,0.0
842,2085,913,False,0.0
843,102,916,False,0.0
844,3940,917,False,0.2519763153394848
845,3831,919,True,0.9551137584354212
846,5431,920,False,0.0
847,3715,921,False,0.3478327964999673
848,4616,923,False,0.0
849,2853,924,False,0.7801894976054939
850,3632,925,False,0.4507489358552088
851,3324,928,False,0.3340765523905304
852,160,929,False,0.5050762722761054
853,4404,930,True,0.6209680887366311
854,2401,932,False,0.4558423058385518
855,452,933,False,0.5521576303742327
856,4821,934,False,0.0
857,926,935,False,0.0
858,3106,935,False,0.0
859,4105,935,False,0.0
860,1838,935,False,0.3302891295379082
861,1189,935,False,0.0
862,1444,936,True,0.1718959846774483
863,1133,937,False,0.3090157215747628
864,4856,938,True,0.9415824416172623
865,5187,940,False,0.0
866,3069,941,False,0.142877666834385
867,2726,942,True,0.9420250977591768
868,781,947,True,0.7302967433402215
869,3271,949,False,0.0
870,1872,951,False,0.0
871,428,952,False,0.2041241452319315
872,2175,953,True,0.8823571699109753
873,4750,954,False,0.4082482904638629
874,4537,955,True,0.9514413495908352
875,6011,956,True,0.9784427358133524
876,64,958,True,0.8847818115241797
877,5328,959,True,0.9645591541648204
878,2605,960,False,0.0
879,5074,961,False,0.0
880,246,962,False,0.3267320196065356
881,3157,963,False,0.0
882,3079,964,False,0.0
883,2998,965,False,0.0
884,2445,965,False,0.0
885,785,966,False,0.0980300514580623
886,5901,968,False,0.2853908964926964
887,5385,969,False,0.0
888,1989,969,False,0.0
889,2887,971,True,0.954204907441508
890,5707,972,False,0.0
891,2587,973,False,0.8086075400626399
892,3413,974,False,0.2891574659831201
893,1373,975,False,0.5597691428330557
894,97,976,False,0.7934920476158722
895,3190,977,True,0.958812520312852
896,4165,978,False,0.1238332856688163
897,4254,979,True,0.9398809332353968
898,4164,980,False,0.0
899,1782,981,False,0.4803844614152614
900,1356,982,False,0.4048204523763681
901,3757,983,True,0.824621125123532
902,982,984,True,0.8923014143544529
903,3087,985,True,0.8075728530872482
904,5930,986,False,0.0
905,3067,987,False,0.0
906,1993,989,False,0.0
907,4264,991,True,0.7977240352174656
908,612,993,False,0.0
909,2325,994,False,0.0
910,355,995,True,0.8583950752789522
911,2147,996,False,0.0
912,4419,998,False,0.0
913,308,999,True,0.93470871323361
914,4511,1000,False,0.0
915,3857,1001,False,0.0
916,3682,1002,False,0.0
917,4704,1003,True,0.9587412180120086
918,4053,1005,False,0.0
919,2476,1006,True,0.9793338205194134
920,2919,1008,False,0.4601789933084222
921,5483,1008,False,0.4601789933084222
922,121,1008,False,0.4601789933084222
923,1273,1008,False,0.4601789933084222
924,2835,1008,False,0.4601789933084222
925,1862,1008,False,0.4601789933084222
926,602,1008,False,0.4601789933084222
927,4986,1009,False,0.0
928,1537,1010,True,0.8660254037844386
929,4416,1011,False,0.1055447970185118
930,100,1012,False,0.0
931,1078,1013,False,0.5720775535473553
932,2238,1014,False,0.0
933,1473,1015,False,0.2727723627949905
934,5435,1018,False,0.4458225700602822
935,3414,1019,False,0.8
936,5654,1020,False,0.0
937,2381,1021,False,0.0
938,4341,1022,False,0.0
939,2809,1023,False,0.0
940,5227,1024,True,0.7925304884756161
941,4453,1025,True,0.9858292864888148
942,1767,1026,False,0.0
943,2207,1027,True,0.7453559924999299
944,5867,1028,False,0.0
945,4881,1029,False,0.0
946,1519,1030,False,0.8086075400626399
947,5195,1033,False,0.0
948,5944,1035,False,0.7416198487095663
949,1028,1036,False,0.1688454083764926
950,5500,1037,True,0.938952955723142
951,5141,1038,False,0.0
952,2521,1039,False,0.0
953,3171,1040,True,0.8340576562282991
954,1962,1041,False,0.0
955,2051,1042,False,0.0
956,2932,1043,True,0.9622504486493764
957,1782,1044,False,0.4895354638983791
958,5021,1045,False,0.4147806778921701
959,377,1046,False,0.5590169943749475
960,4064,1048,True,0.6390096504226939
961,5519,1049,True,0.9268340772370364
962,4427,1050,True,0.9891579690873206
963,3342,1051,False,0.3432032364918221
964,4970,1052,False,0.0
965,2803,1053,False,0.0
966,2177,1054,False,0.0
967,1372,1055,False,0.1583672755258439
968,3161,1056,False,0.2842676218074806
969,1910,1056,False,0.0
970,2036,1057,False,0.1177219820606521
971,1768,1058,False,0.5204834387696162
972,5470,1060,True,0.9527033949586716
973,5802,1061,True,0.8397544637298607
974,2809,1063,False,0.0
975,1197,1065,False,0.3922322702763681
976,3198,1068,True,0.6847367880174606
977,727,1070,False,0.0
978,2126,1071,True,0.8191937691245882
979,5671,1073,False,0.3608439182435161
980,3280,1074,True,0.9711836678590208
981,2973,1075,False,0.3086066999241838
982,21,1076,True,0.8728715609439696
983,3843,1077,False,0.3356243110397689
984,3754,1078,True,0.7867957924694432
985,4001,1081,False,0.502518907629606
986,5735,1082,False,0.0
987,576,1083,False,0.0
988,2856,1085,False,0.0
989,3386,1086,False,0.0
990,1644,1087,True,0.8660254037844386
991,5247,1088,False,0.4615663313770509
992,3712,1090,True,0.8660254037844386
993,1959,1091,False,0.0
994,3009,1097,False,0.2387049580131442
995,409,1098,False,0.0
996,2290,1099,False,0.0
997,182,1100,False,0.7637626158259734
998,3127,1101,False,0.2886751345948128
999,4496,1102,True,0.1951833144200422
1000,2987,1103,False,0.0
1001,78,1104,True,0.9451594187502648
1002,2872,1105,False,0.0
1003,1768,1106,False,0.0
1004,3266,1107,False,0.0
1005,2168,1108,False,0.0
1006,1240,1110,False,0.0
1007,420,1111,False,0.0
1008,3872,1112,False,0.7559289460184544
1009,1646,1113,True,0.8075728530872482
1010,4873,1114,False,0.4518480570575319
1011,3262,1115,True,0.8401680504168059
1012,2780,1116,False,0.0
1013,3770,1116,False,0.0
1014,1559,1116,False,0.0
1015,341,1116,False,0.0
1016,5890,1116,False,0.0
1017,4684,1116,False,0.0
1018,4272,1116,False,0.0
1019,5842,1116,False,0.0
1020,3439,1116,False,0.0
1021,2208,1116,False,0.0
1022,1009,1116,False,0.0
1023,2155,1116,False,0.0
1024,961,1116,False,0.0
1025,4941,1116,False,0.0
1026,2536,1116,False,0.0
1027,1332,1116,False,0.0
1028,126,1116,False,0.0
1029,2496,1116,False,0.0
1030,4639,1116,False,0.0
1031,81,1116,False,0.0
1032,4026,1116,False,0.0
1033,5219,1116,False,0.0
1034,2820,1116,False,0.0
1035,1604,1116,False,0.0
1036,399,1116,False,0.0
1037,1800,1117,True,0.8583950752789522
1038,4654,1118,False,0.0
1039,2783,1120,False,0.1238593156075927
1040,4385,1121,True,0.7370307223679932
1041,3271,1122,False,0.0
1042,3413,1123,False,0.0
1043,5771,1124,False,0.0
1044,109,1125,True,0.6017216678143155
1045,5785,1126,False,0.0
1046,5092,1127,True,0.8583950752789522
1047,5021,1129,False,0.4364357804719848
1048,2809,1130,False,0.0
1049,3271,1131,False,0.0
1050,2865,1132,False,0.3038218101251
1051,5477,1133,True,0.8747731351357966
1052,576,1134,False,0.4233337566673017
1053,175,1135,True,0.8498365855987974
1054,1769,1136,False,0.2182178902359924
1055,3646,1136,False,0.2182178902359924
1056,5735,1138,False,0.0
1057,1198,1139,True,0.7431505414602935
1058,5938,1140,False,0.3611575592573076
1059,3335,1142,True,0.9806465234509658
1060,2831,1143,False,0.4969039949999532
1061,2837,1144,False,0.0
1062,5228,1146,True,0.9422925973914744
1063,950,1148,True,0.9759300121561012
1064,1109,1149,False,0.0
1065,78,1150,False,0.0
1066,354,1153,True,0.981886134767138
1067,3643,1154,True,0.9401083347048864
1068,1683,1156,False,0.2786391062876764
1069,926,1157,False,0.0
1070,3211,1159,False,0.0
1071,1082,1160,True,0.9982084189850818
1072,2697,1161,True,0.9533500232573868
1073,3271,1162,False,0.0
1074,1699,1163,False,0.0
1075,4118,1163,False,0.0
1076,2264,1164,False,0.3779644730092272
1077,2051,1165,False,0.0
1078,2542,1167,True,0.2439750182371333
1079,2587,1168,True,0.824621125123532
1080,2236,1169,True,0.874173383533045
1081,862,1170,False,0.3273268353539886
1082,5666,1173,True,0.97203214119915
1083,3014,1174,False,0.0
1084,1641,1176,False,0.0
1085,1953,1177,True,0.9457957522563224
1086,4105,1178,False,0.2691909510290827
1087,4244,1179,False,0.0
1088,5431,1180,False,0.0
1089,5942,1181,True,0.4875696674131025
1090,5527,1183,True,0.9492824213646094
1091,1595,1184,False,0.9607840271801772
1092,2363,1186,False,0.4139186771923578
1093,5100,1187,True,0.9376295147677874
1094,5671,1188,False,0.3768891807222045
1095,951,1189,True,0.1667799031523267
1096,3339,1190,False,0.1207073865764465
1097,5671,1191,False,0.0
1098,4970,1192,False,0.0
1099,3872,1194,False,0.4409585518440984
1100,2717,1195,True,0.9891391970252764
1101,1335,1197,True,0.3265986323710904
1102,4517,1198,False,0.4961389383568338
1103,5004,1199,True,0.7465659667474605
1104,4969,1200,True,0.8340576562282991
1105,1925,1201,True,0.8320502943378436
1106,4667,1202,False,0.0
1107,151,1203,True,0.6017216678143155
1108,3994,1206,True,0.82915619758885
1109,105,1208,True,0.82915619758885
1110,2809,1210,False,0.0
1111,881,1212,True,0.9426412356052114
1112,738,1213,True,0.8401680504168059
1113,2252,1215,False,0.0
1114,3253,1217,False,0.0
1115,1461,1217,False,0.0
1116,1147,1218,True,0.8846517369293828
1117,5938,1219,False,0.0
1118,504,1220,False,0.0
1119,3106,1222,False,0.0
1120,3161,1223,False,0.3947710169758613
1121,390,1224,False,0.2719641466102106
1122,2036,1225,False,0.1086918022525158
1123,4749,1227,False,0.3034330424545041
1124,5235,1229,True,0.8590539918613641
1125,3062,1230,True,0.8728715609439696
1126,1881,1233,False,0.0
1127,214,1234,False,0.0
1128,284,1235,False,0.2830692585361489
1129,3712,1236,False,0.0
1130,1123,1237,True,0.9984012779544535
1131,2809,1239,False,0.0
1132,5212,1240,False,0.9369835192767852
1133,463,1241,True,0.8897565210026093
1134,1635,1243,False,0.2461829819586654
1135,220,1243,False,0.2461829819586654
1136,5092,1244,False,0.0
1137,148,1246,True,0.9720199706770084
1138,749,1247,True,0.7947194142390263
1139,2809,1248,False,0.0
1140,1415,1250,False,0.3307189138830738
1141,4813,1253,False,0.5345224838248488
1142,964,1254,False,0.0
1143,2023,1254,False,0.0
1144,4347,1255,False,0.5366563145999494
1145,5267,1256,False,0.8086075400626399
1146,2437,1258,False,0.0978585277534954
1147,4569,1259,False,0.2694079530401623
1148,1454,1261,False,0.0
1149,1738,1262,True,0.9897707154934086
1150,385,1264,False,0.7905694150420948
1151,4698,1265,False,0.5393193716300061
1152,4245,1266,False,0.4020151261036848
1153,2801,1267,False,0.0
1154,4961,1267,False,0.0
1155,217,1267,False,0.0
1156,3158,1268,False,0.0
1157,2809,1269,False,0.0
1158,5126,1271,False,0.3547874375934495
1159,1996,1272,False,0.7745966692414834
1160,1454,1274,True,0.760885910252682
1161,4452,1275,True,0.824621125123532
1162,4228,1276,False,0.4160251471689218
1163,3171,1277,False,0.8164965809277261
1164,4565,1278,False,0.25
1165,4449,1280,True,0.8811307307242545
1166,4156,1281,False,0.4518480570575319
1167,594,1283,True,0.9771461276669702
1168,962,1284,False,0.3469889591797441
1169,153,1285,True,0.8401680504168059
1170,2809,1286,False,0.0
1171,2290,1287,False,0.0
1172,3271,1288,False,0.0
1173,5993,1290,False,0.0
1174,5547,1291,False,0.7905694150420948
1175,2353,1292,False,0.0
1176,1648,1294,False,0.0
1177,565,1295,False,0.0
1178,1912,1296,False,0.0
1179,2572,1300,True,0.8075728530872482
1180,1388,1302,False,0.8
1181,2489,1303,True,0.8075728530872482
1182,160,1304,False,0.3343669275452117
1183,987,1305,True,0.8728715609439696
1184,614,1306,True,0.9675399923713036
1185,5464,1307,False,0.3805211953235952
1186,4105,1309,False,0.2817180849095055
1187,4922,1311,False,0.1317234880841473
1188,5659,1312,True,0.8583950752789522
1189,4700,1313,False,0.2490677406933589
1190,4142,1314,True,0.7817359599705717
1191,2800,1315,False,0.0
1192,1314,1315,False,0.1649572197684645
1193,2811,1316,False,0.9571583541670704
1194,4886,1318,False,0.4276179870598789
1195,2446,1319,False,0.0
1196,1483,1322,False,0.0
1197,2809,1324,False,0.0
1198,5980,1326,True,0.9137254901960784
1199,4442,1327,True,0.9550776507222176
1200,29,1328,True,0.9380163976214496
1201,644,1329,True,0.8075728530872482
1202,2845,1330,True,0.9347336397327872
1203,1654,1331,True,0.927998180417069
1204,476,1332,False,0.4288450139351179
1205,589,1333,True,0.9338887236433192
1206,3092,1335,True,0.4809430186649332
1207,434,1336,False,0.3144854510165755
1208,5258,1337,False,0.7687061147858074
1209,5149,1338,False,0.7801894976054939
1210,3072,1339,True,0.9540272695374652
1211,3217,1340,True,0.2360939338319276
1212,2847,1341,True,0.922061584704102
1213,4677,1342,False,0.1400280084028009
1214,3253,1343,False,0.0
1215,1461,1343,False,0.0
1216,4691,1345,False,0.6148754619013457
1217,897,1346,False,0.0
1218,1153,1348,False,0.0
1219,4204,1348,False,0.3299831645537222
1220,4750,1350,True,0.8164965809277259
1221,4292,1351,False,0.3746343246326776
1222,2779,1355,False,0.3098386676965933
1223,4901,1357,False,0.0
1224,5455,1358,False,0.0
1225,5142,1359,True,0.9292715062890928
1226,5454,1360,False,0.1766904417197544
1227,2105,1361,False,0.0
1228,6029,1361,False,0.0
1229,3377,1363,False,0.0
1230,3036,1364,False,0.0
1231,864,1365,False,0.0
1232,674,1366,False,0.0
1233,2853,1368,False,0.7977240352174656
1234,4632,1369,True,0.3967477499877165
1235,4750,1370,False,0.3900947488027469
1236,5710,1371,True,0.9873805340457084
1237,502,1372,False,0.0
1238,3267,1373,True,0.5832118435198043
1239,3126,1374,True,0.966312231978814
1240,1130,1375,False,0.1987615979999813
1241,1613,1376,True,0.898717034272917
1242,2168,1377,False,0.4216370213557839
1243,3274,1378,False,0.556293911166591
1244,5228,1382,False,0.1044472012679939
1245,459,1383,False,0.7801894976054939
1246,3857,1385,False,0.0
1247,1373,1385,False,0.0
1248,208,1385,False,0.0
1249,1505,1386,True,0.9731217906395252
1250,2353,1387,False,0.4364357804719848
1251,4649,1387,False,0.4364357804719848
1252,2668,1387,False,0.4364357804719848
1253,5149,1388,True,0.7977240352174656
1254,5831,1389,False,0.4045199174779452
1255,122,1390,True,0.971941451161508
1256,2925,1391,False,0.4743416490252569
1257,4550,1392,False,0.1783486319424722
1258,2642,1393,False,0.0
1259,4217,1394,False,0.4050957468334666
1260,3271,1397,False,0.0
1261,381,1398,False,0.0
1262,1696,1400,True,0.903358626841183
1263,3440,1401,True,0.7449887315796286
1264,4809,1403,False,0.4437601569801833
1265,1473,1404,False,0.0
1266,4562,1405,False,0.5590169943749475
1267,1516,1407,True,0.7807200583588266
1268,5945,1408,False,0.0
1269,3839,1408,False,0.0
1270,5757,1408,False,0.0
1271,5154,1408,False,0.0
1272,1783,1408,False,0.0
1273,6017,1410,True,0.934551815992133
1274,176,1411,True,0.99297060163261
1275,2703,1412,True,0.961741282418092
1276,213,1413,False,0.4762896722078402
1277,4970,1414,False,0.0
1278,1197,1416,False,0.0
1279,5792,1418,False,0.1470287331409773
1280,2746,1419,False,0.2656844656620286
1281,3029,1420,True,0.8846517369293828
1282,4082,1421,False,0.1148828981146981
1283,5385,1423,False,0.2834733547569204
1284,281,1424,True,0.984208289868572
1285,2662,1426,False,0.0
1286,652,1427,False,0.2699527623995085
1287,3106,1429,False,0.4216370213557839
1288,287,1429,False,0.4216370213557839
1289,4004,1432,True,0.7496713736423323
1290,3386,1433,False,0.0
1291,176,1434,False,0.0951987616530551
1292,4764,1435,True,0.9886289839492414
1293,5380,1436,True,0.4842001247062522
1294,1601,1436,False,0.4842001247062522
1295,4691,1437,False,0.8755950357709131
1296,4813,1440,False,0.5241424183609592
1297,2809,1441,False,0.0
1298,3210,1442,True,0.9578995923018644
1299,3501,1445,False,0.2830692585361489
1300,45,1447,False,0.0
1301,2133,1448,True,0.7449887315796286
1302,3106,1452,False,0.2635231383473649
1303,3477,1454,False,0.4691574316284183
1304,260,1456,False,0.2542724159001765
1305,5830,1457,True,0.8728715609439696
1306,5772,1460,True,0.8660254037844386
1307,1668,1461,False,0.0
1308,1509,1462,False,0.4841820261350419
1309,924,1463,False,0.3389834532487511
1310,2809,1464,False,0.0
1311,4127,1466,True,0.8660254037844386
1312,831,1467,True,0.8416254115301732
1313,4245,1468,False,0.4114755998989117
1314,683,1469,False,0.0
1315,3688,1471,True,0.7431505414602935
1316,2809,1473,False,0.0
1317,4600,1474,True,0.9883981948447094
1318,4592,1475,True,0.924418028530554
1319,223,1476,True,0.9915758431579956
1320,6,1478,False,0.3273268353539886
1321,1218,1479,True,0.9643744195645402
1322,2809,1480,False,0.0
1323,50,1481,True,0.8075728530872482
1324,926,1482,False,0.0
1325,3176,1485,True,0.940240450522286
1326,2407,1486,False,0.3429622685123213
1327,2350,1487,False,0.1169554729489704
1328,4331,1488,False,0.3736323588785367
1329,403,1489,False,0.0
1330,3165,1490,False,0.225343528171006
1331,3841,1491,False,0.0
1332,5796,1492,False,0.0
1333,651,1493,True,0.8094272134003795
1334,1115,1495,False,0.0
1335,4001,1495,False,0.0
1336,2728,1495,False,0.0
1337,2798,1496,True,0.7778174593052023
1338,271,1497,False,0.0
1339,2988,1500,False,0.4307055216465324
1340,5771,1503,False,0.0
1341,2832,1505,False,0.1559761212644722
1342,5600,1507,False,0.0
1343,313,1508,True,0.965537799558154
1344,2661,1509,False,0.7801894976054939
1345,3073,1510,False,0.0
1346,5433,1510,False,0.5590169943749475
1347,1610,1511,True,0.6590284933204408
1348,1832,1512,False,0.0
1349,4626,1513,True,0.8583950752789522
1350,1369,1514,False,0.560448538317805
1351,1820,1516,True,0.9772268865021796
1352,3341,1517,False,0.2060509705315713
1353,4750,1522,False,0.3988620176087328
1354,125,1523,True,0.8164965809277261
1355,175,1524,False,0.0
1356,420,1525,False,0.3396831102433787
1357,3580,1526,False,0.0
1358,5416,1527,False,0.0
1359,555,1528,False,0.3418817293789138
1360,3669,1529,True,0.9826213192273624
1361,4118,1530,False,0.0
1362,3745,1531,False,0.0
1363,2428,1532,False,0.3090575499818435
1364,3360,1533,False,0.0
1365,838,1534,False,0.4879500364742666
1366,3516,1535,False,0.1338063461115889
1367,858,1536,False,0.0
1368,4739,1537,False,0.4125143236626951
1369,4901,1538,False,0.0
1370,2856,1540,False,0.0
1371,5036,1541,False,0.4815434123430768
1372,5418,1542,True,0.9383985068515126
1373,2809,1544,False,0.0
1374,2400,1545,True,0.99815099995903
1375,2946,1546,False,0.1658377365680266
1376,1079,1547,True,0.9462154083784944
1377,3171,1548,False,0.8
1378,5343,1549,True,0.5781515884776753
1379,318,1550,False,0.0
1380,4410,1551,True,0.943326017571772
1381,5876,1554,False,0.0
1382,4101,1556,True,0.979732972227701
1383,5755,1558,False,0.2853908964926964
1384,5107,1559,True,0.8075728530872482
1385,1788,1560,False,0.0
1386,4899,1561,False,0.4969039949999532
1387,503,1562,False,0.4629100498862757
1388,4161,1564,False,0.5197011503876874
1389,1928,1565,False,0.0
1390,1981,1565,False,0.0
1391,3630,1566,True,0.9296176679903874
1392,1794,1568,True,0.9528868557320712
1393,2724,1569,True,0.9777353575827498
1394,4184,1570,True,0.8728715609439696
1395,3010,1572,True,0.9852453440096492
1396,1908,1573,False,0.7559289460184544
1397,3711,1575,False,0.0
1398,5099,1575,False,0.0
1399,324,1575,False,0.0
1400,1718,1576,False,0.7559289460184544
1401,2594,1577,False,0.0
1402,2350,1578,False,0.0854520037069505
1403,5130,1579,False,0.7416198487095663
1404,3616,1581,False,0.4170288281141495
1405,1012,1583,True,0.9422925973914744
1406,5754,1584,True,0.9360754037636494
1407,4551,1586,True,0.8953118867562554
1408,5502,1587,False,0.0
1409,4942,1587,False,0.0
1410,5455,1588,False,0.3
1411,1925,1589,False,0.816496580927726
1412,5187,1590,False,0.3038218101251
1413,246,1591,False,0.3329560459081458
1414,907,1592,True,0.3162080118642913
1415,4418,1593,True,0.8790490729915326
1416,5396,1594,False,0.0
1417,1788,1595,False,0.0
1418,2353,1596,False,0.7637626158259734
1419,1844,1598,True,0.9798596178446248
1420,1333,1599,True,0.7745966692414834
1421,541,1600,True,0.8164965809277261
1422,3824,1601,True,0.8475706863595912
1423,2884,1602,False,0.3947710169758613
1424,1377,1603,False,0.0
1425,3829,1604,False,0.0
1426,5715,1605,False,0.0
1427,4914,1606,True,0.6017216678143155
1428,1878,1607,False,0.0
1429,4890,1607,False,0.0
1430,5648,1609,True,0.8340576562282991
1431,4725,1610,True,0.8583950752789522
1432,542,1611,False,0.0
1433,3109,1612,False,0.0
1434,1486,1614,True,0.8401680504168059
1435,3290,1615,False,0.0
1436,1441,1617,True,0.9875115408178808
1437,1434,1618,False,0.0
1438,4418,1625,False,0.8416254115301732
1439,1650,1628,False,0.4810702354423639
1440,2915,1629,False,0.8086075400626399
1441,3386,1630,False,0.0
1442,4296,1631,False,0.806225774829855
1443,4341,1632,False,0.2041241452319315
1444,1131,1633,True,0.8728715609439696
1445,5492,1634,True,0.9682983715257976
1446,4416,1637,True,0.9497334787294984
1447,2676,1638,False,0.4969039949999532
1448,3757,1639,False,0.8086075400626399
1449,2685,1640,False,0.1133811298955945
1450,2523,1641,False,0.1412456350714453
1451,4519,1642,True,0.9593415108572032
1452,5784,1644,False,0.0
1453,2780,1646,False,0.0
1454,1559,1646,False,0.0
1455,341,1646,False,0.0
1456,5890,1646,False,0.0
1457,4272,1646,False,0.0
1458,3439,1646,False,0.0
1459,2208,1646,False,0.0
1460,2155,1646,False,0.0
1461,961,1646,False,0.0
1462,4941,1646,False,0.0
1463,2536,1646,False,0.0
1464,1332,1646,False,0.0
1465,126,1646,False,0.0
1466,2496,1646,False,0.0
1467,4684,1646,False,0.0
1468,4639,1646,False,0.0
1469,4026,1646,False,0.0
1470,5219,1646,False,0.0
1471,2820,1646,False,0.0
1472,399,1646,False,0.0
1473,2036,1647,True,0.9892619614215632
1474,4323,1648,True,0.9632723063192844
1475,3780,1649,False,0.0
1476,3362,1650,False,0.0
1477,3271,1651,False,0.0
1478,5667,1652,False,0.4899789435061114
1479,3799,1653,False,0.5922200922639821
1480,3668,1654,False,0.0
1481,5222,1655,False,0.0
1482,2809,1656,False,0.0
1483,1103,1657,False,0.4626519455729921
1484,5238,1658,False,0.0
1485,5065,1659,False,0.3853373177942262
1486,5860,1661,False,0.0
1487,2809,1662,False,0.0
1488,3172,1664,False,0.1844661968431554
1489,5935,1665,True,0.9659088862014232
1490,3695,1668,False,0.2830692585361489
1491,4370,1669,True,0.8984447012212055
1492,1693,1670,False,0.1773937187967247
1493,4873,1671,False,0.0
1494,5079,1672,False,0.4415107856883479
1495,2998,1673,False,0.0
1496,2445,1673,False,0.0
1497,1899,1674,True,0.9787798313573988
1498,5297,1676,False,0.4529108136578382
1499,1454,1679,False,0.0
1500,3351,1680,False,0.1842125196234016
1501,423,1683,False,0.1100768308929564
1502,733,1684,False,0.2232558632368048
1503,3711,1685,False,0.0
1504,2265,1687,False,0.7518094115561123
1505,4551,1688,False,0.1270289122816256
1506,821,1689,True,0.9283553491762964
1507,1095,1690,False,0.0
1508,3290,1691,False,0.823754471047914
1509,89,1692,False,0.1666666666666666
1510,5887,1695,True,0.2063016682299828
1511,28,1696,False,0.4909902530309828
1512,4171,1696,False,0.4909902530309828
1513,5169,1697,True,0.8164965809277259
1514,3437,1698,True,0.9040072320867852
1515,1951,1703,False,0.0
1516,4665,1704,False,0.0
1517,1063,1705,True,0.7302967433402215
1518,338,1706,False,0.6118523740854683
1519,731,1707,True,0.980823561866218
1520,3597,1709,True,0.9105600465374964
1521,1910,1710,False,0.0
1522,1953,1711,False,0.1095201941575723
1523,125,1712,False,0.8
1524,1569,1714,False,0.5504818825631803
1525,3485,1715,True,0.8164965809277259
1526,1683,1716,False,0.2672612419124244
1527,4824,1717,False,0.0
1528,3274,1718,False,0.7934920476158722
1529,3536,1719,False,0.8
1530,4156,1720,False,0.0
1531,3573,1721,False,0.1493212669683258
1532,133,1723,False,0.8
1533,1374,1724,True,0.9681924278877568
1534,2075,1726,False,0.1691819737751254
1535,3271,1728,False,0.0
1536,3478,1729,False,0.0
1537,11,1730,False,0.3689323936863109
1538,3455,1731,True,0.82915619758885
1539,2488,1732,False,0.0
1540,844,1733,False,0.0
1541,2214,1735,False,0.0
1542,5126,1736,False,0.3618136134933163
1543,4073,1737,False,0.148072451387849
1544,3751,1737,False,0.0
1545,4813,1738,False,0.4879500364742666
1546,4667,1741,False,0.0
1547,1938,1742,True,0.8164965809277259
1548,393,1743,False,0.2096569673443836
1549,5182,1744,True,0.8728715609439696
1550,5305,1745,True,0.8075728530872482
1551,1613,1746,False,0.257221701384241
1552,1509,1748,False,0.0
1553,6028,1751,False,0.1862480788718875
1554,5454,1753,False,0.4077954358702776
1555,3274,1754,False,0.1751871487421351
1556,954,1755,True,0.9606881677083448
1557,3446,1756,True,0.9756026659852184
1558,4433,1757,True,0.9471141280884336
1559,817,1758,False,0.2201927530252721
1560,2960,1759,False,0.4107919181288745
1561,2154,1759,False,0.4107919181288745
1562,2886,1760,True,0.8164965809277261
1563,5390,1761,False,0.4225771273642583
1564,4832,1762,True,0.8416254115301732
1565,2809,1763,False,0.0
1566,749,1764,False,0.7745966692414834
1567,5480,1765,False,0.4850712500726659
1568,2826,1766,False,0.1282808712993065
1569,4031,1767,False,0.3034330424545041
1570,4938,1768,True,0.3735307650029893
1571,2725,1771,True,0.8164965809277259
1572,1751,1772,False,0.0
1573,1309,1772,False,0.0
1574,4567,1774,False,0.3544587784792833
1575,4996,1775,True,0.7302967433402215
1576,2809,1777,False,0.0
1577,1765,1778,True,0.8790490729915326
1578,2831,1779,False,0.563436169819011
1579,419,1781,False,0.1050210063021007
1580,26,1783,False,0.0
1581,3324,1784,False,0.4330127018922193
1582,3028,1786,False,0.0
1583,351,1787,True,0.9293203772845852
1584,3382,1788,False,0.0
1585,3356,1789,False,0.0
1586,2606,1792,False,0.1542214088220337
1587,768,1793,False,0.3608439182435161
1588,3271,1794,False,0.0
1589,5547,1795,True,0.8075728530872482
1590,714,1796,False,0.1132767091312809
1591,184,1798,True,0.8164965809277259
1592,1333,1801,False,0.7559289460184544
1593,3953,1802,False,0.4131182235954578
1594,2524,1805,True,0.9661518681887132
1595,5160,1806,False,0.2311056041070572
1596,926,1807,False,0.0
1597,2350,1808,False,0.0
1598,6055,1809,True,0.892697374338324
1599,1290,1810,True,0.8401680504168059
1600,140,1811,False,0.0
1601,329,1812,True,0.8728715609439696
1602,1912,1813,False,0.2581988897471611
1603,3271,1814,False,0.0
1604,1319,1815,True,0.9540272695374652
1605,5919,1816,False,0.0
1606,694,1817,True,0.8164965809277259
1607,2343,1818,False,0.2593247474623903
1608,4561,1819,False,0.0
1609,463,1820,False,0.0
1610,967,1821,True,0.9806789056611832
1611,4965,1822,False,0.2830692585361489
1612,4302,1823,False,0.3680373690492888
1613,5704,1825,False,0.1759623480858334
1614,1005,1826,False,0.7801894976054939
1615,2728,1827,True,0.8401680504168059
1616,1727,1828,False,0.7801894976054939
1617,5142,1829,False,0.1568443899082891
1618,2831,1831,False,0.5383819020581655
1619,168,1833,False,0.4236592728681617
1620,1103,1833,False,0.4236592728681617
1621,368,1834,False,0.135115397293047
1622,45,1835,True,0.8164965809277261
1623,506,1836,True,0.9675399923713036
1624,5789,1837,False,0.0
1625,4416,1838,False,0.8977052305042457
1626,5087,1839,True,0.986449006306378
1627,5257,1840,False,0.0
1628,3947,1841,False,0.3042423862174756
1629,4374,1842,True,0.7449887315796286
1630,835,1843,True,0.902122295978522
1631,4121,1844,False,0.4592793267718459
1632,588,1845,True,0.8660254037844386
1633,1231,1847,True,0.8257228238447705
1634,4206,1848,False,0.0
1635,4480,1851,False,0.5707817929853929
1636,5739,1852,False,0.0
1637,4893,1852,False,0.3572172541558802
1638,1522,1853,True,0.940240450522286
1639,5223,1855,False,0.09248230147751
1640,2177,1856,True,0.4453993340830444
1641,2121,1857,True,0.9605245019204792
1642,3394,1858,False,0.0
1643,451,1858,False,0.0
1644,1385,1858,False,0.0
1645,1361,1859,True,0.8257228238447705
1646,5387,1860,False,0.0
1647,2778,1861,True,0.945458698024322
1648,2809,1862,False,0.0
1649,3426,1866,False,0.3892494720807615
1650,1618,1867,False,0.1865771311271003
1651,5289,1868,False,0.0
1652,3930,1869,False,0.0
1653,332,1870,True,0.9476967640372096
1654,3725,1873,True,0.9589903738059729
1655,5848,1874,False,0.426014322842305
1656,5901,1876,True,0.824621125123532
1657,3271,1877,False,0.0
1658,2855,1879,False,0.4131182235954578
1659,4986,1881,False,0.0
1660,2911,1883,False,0.0
1661,1181,1884,False,0.0
1662,1291,1884,False,0.0
1663,5614,1885,True,0.8776245041159518
1664,5789,1886,False,0.2719641466102106
1665,1041,1887,True,0.2977456670877068
1666,5407,1888,True,0.9693524385316362
1667,2727,1889,False,0.8320502943378436
1668,5491,1890,False,0.0
1669,1104,1893,False,0.3143473067309657
1670,810,1896,False,0.0
1671,4548,1898,True,0.8401680504168059
1672,1900,1899,True,0.2496751135729437
1673,1356,1901,False,0.0
1674,5145,1902,True,0.7669074499306874
1675,3374,1903,False,0.0
1676,4048,1904,False,0.0
1677,5135,1905,True,0.9867272847806524
1678,5561,1906,False,0.0
1679,2809,1907,False,0.0
1680,5372,1909,True,0.9140054078249912
1681,19,1910,True,0.8025343000034282
1682,3069,1912,False,0.9228687865389352
1683,4285,1913,True,0.963039352753916
1684,467,1914,False,0.5765566601970551
1685,3917,1915,False,0.408248290463863
1686,3695,1916,False,0.0
1687,2584,1916,False,0.4048204523763681
1688,818,1920,True,0.4642383454426297
1689,3271,1921,True,0.3636831673644744
1690,5204,1924,False,0.0
1691,4700,1927,False,0.0
1692,83,1929,False,0.8304547985373997
1693,2853,1931,False,0.4276179870598789
1694,820,1931,False,0.4276179870598789
1695,3970,1932,False,0.0
1696,2084,1933,False,0.7905694150420948
1697,3138,1934,True,0.8606629658238705
1698,2712,1935,True,0.9404837969098884
1699,4698,1937,False,0.3713906763541037
1700,1609,1938,True,0.1780383474269688
1701,1517,1939,False,0.8
1702,4534,1940,False,0.0
1703,2322,1941,False,0.4743416490252569
1704,2221,1942,False,0.0
1705,3324,1943,False,0.3227486121839514
1706,749,1945,False,0.7559289460184544
1707,3201,1946,False,0.6181150999636871
1708,3269,1947,True,0.933624833002093
1709,2809,1948,False,0.0
1710,2768,1949,True,0.9591441405990048
1711,2676,1950,False,0.5570066518960167
1712,1938,1951,False,0.0
1713,5286,1952,False,0.5292561240249631
1714,644,1954,False,0.7905694150420948
1715,5902,1957,False,0.2970442628930023
1716,2038,1958,False,0.2249606353329237
1717,2290,1959,True,0.7365895075034008
1718,644,1961,False,0.0
1719,4861,1962,False,0.2719641466102106
1720,3005,1964,False,0.0
1721,6050,1966,True,0.8660254037844386
1722,4223,1967,False,0.4160251471689218
1723,4457,1968,True,0.9900550781118528
1724,2036,1969,False,0.137768355441422
1725,1266,1970,True,0.9740114303241844
1726,4577,1972,False,0.0
1727,2467,1973,False,0.0
1728,2713,1974,False,0.0
1729,4511,1976,False,0.0
1730,1388,1978,False,0.0
1731,1329,1982,False,0.4618802153517005
1732,5367,1983,False,0.0
1733,3314,1985,True,0.9889800579227724
1734,4906,1986,False,0.3532086285506783
1735,5223,1988,False,0.0865253200863353
1736,378,1990,True,0.9508255313768978
1737,3505,1991,False,0.2551551815399144
1738,4091,1992,False,0.1308448331817897
1739,5660,1993,False,0.0
1740,2287,1994,False,0.1810211217835498
1741,4225,1995,False,0.0
1742,1564,1996,False,0.0
1743,3271,1997,False,0.0
1744,437,1998,False,0.1527346256248768
1745,2973,1999,False,0.0
1746,5119,1999,False,0.0
1747,224,2002,True,0.9231326627541018
1748,175,2003,False,0.7867957924694432
1749,2809,2004,False,0.0
1750,4813,2005,False,0.5050762722761054
1751,5648,2006,False,0.4588314677411235
1752,3602,2008,False,0.0
1753,2042,2009,True,0.9608698386359408
1754,1005,2011,True,0.7977240352174656
1755,35,2014,True,0.9673166009218702
1756,1209,2017,True,0.9416364972372794
1757,422,2018,False,0.4052204492365538
1758,3356,2019,False,0.0
1759,4811,2022,False,0.2939723678960656
1760,3575,2024,False,0.3149448894660933
1761,5091,2025,True,0.954204907441508
1762,742,2027,True,0.3081667756806828
1763,5036,2028,True,0.8401680504168059
1764,2154,2029,False,0.50709255283711
1765,2960,2029,False,0.50709255283711
1766,3543,2030,False,0.0
1767,167,2031,True,0.190389981519674
1768,4986,2033,False,0.0
1769,6051,2034,True,0.4905114715879726
1770,5,2035,False,0.3611575592573076
1771,572,2037,False,0.2847740815113776
1772,5119,2038,False,0.2138089935299394
1773,732,2039,True,0.92942090956282
1774,4784,2043,False,0.0
1775,4574,2048,True,0.2243081869279894
1776,4561,2049,False,0.4458225700602822
1777,744,2050,True,0.8590539918613641
1778,421,2051,False,0.1846372364689991
1779,5215,2052,False,0.0
1780,5938,2054,False,0.0
1781,218,2059,False,0.0
1782,5987,2060,False,0.0
1783,2567,2061,False,0.3491486243775878
1784,140,2062,False,0.0
1785,5225,2064,True,0.9228244811948176
1786,473,2065,True,0.8416254115301732
1787,2353,2067,False,0.7801894976054939
1788,3738,2069,False,0.0
1789,694,2070,False,0.4082482904638629
1790,866,2071,False,0.1615914326493553
1791,1864,2073,False,0.0
1792,1007,2074,False,0.1521561238366321
1793,5920,2075,False,0.3544587784792833
1794,4986,2076,False,0.0
1795,2764,2078,True,0.7867957924694432
1796,1388,2080,False,0.0
1797,5476,2081,False,0.0
1798,4542,2081,False,0.0
1799,3715,2082,False,0.0
1800,540,2084,True,0.8728715609439696
1801,1981,2085,False,0.0
1802,1928,2085,False,0.0
1803,2362,2089,False,0.3973597071195131
1804,5875,2090,False,0.0
1805,4114,2091,True,0.9533500232573868
1806,2179,2092,False,0.4409585518440984
1807,1764,2092,False,0.4409585518440984
1808,768,2093,False,0.1825741858350553
1809,5848,2094,False,0.4335549847620599
1810,1843,2095,False,0.6859943405700353
1811,5704,2096,False,0.323575114464717
1812,1562,2097,False,0.3090575499818435
1813,4697,2098,True,0.9459090049481764
1814,3584,2099,True,0.9472638165284613
1815,4280,2100,True,0.8882967062031504
1816,3983,2101,True,0.9351145225570816
1817,1487,2102,False,0.8086075400626399
1818,5119,2105,False,0.4909902530309828
1819,2801,2106,False,0.0
1820,4961,2106,False,0.0
1821,217,2106,False,0.0
1822,5282,2107,False,0.0
1823,4179,2109,False,0.0
1824,1741,2114,False,0.0
1825,3715,2117,False,0.0
1826,2721,2118,False,0.3034884893334419
1827,2593,2119,False,0.2752988806446741
1828,1840,2120,False,0.6200655251253673
1829,2339,2122,False,0.753702346348183
1830,5297,2124,False,0.473049916791266
1831,927,2125,False,0.1936128683002777
1832,849,2127,False,0.3614784456460256
1833,1358,2128,False,0.2407717061715384
1834,4907,2129,True,0.9567143834283168
1835,1078,2131,False,0.3618136134933163
1836,4649,2134,False,0.4364357804719848
1837,2668,2134,False,0.4364357804719848
1838,2353,2134,False,0.4364357804719848
1839,3271,2135,False,0.0
1840,5063,2136,True,0.3717443278234517
1841,838,2137,False,0.5570066518960167
1842,4560,2138,False,0.2026778367752559
1843,3695,2139,False,0.0
1844,4528,2140,True,0.90267093384844
1845,5122,2141,True,0.8498365855987974
1846,2343,2142,False,0.0
1847,2405,2143,False,0.0
1848,1726,2144,False,0.0951921371721518
1849,5727,2146,False,0.0
1850,2877,2147,True,0.8164965809277259
1851,3803,2149,True,0.971069611550166
1852,5989,2151,False,0.7637626158259734
1853,5671,2152,False,0.0
1854,1509,2153,False,0.2218800784900916
1855,3592,2155,True,0.82915619758885
1856,2075,2156,False,0.0
1857,866,2156,False,0.0
1858,1377,2158,False,0.2672612419124244
1859,5674,2159,True,0.984890149277353
1860,3599,2161,True,0.968690461743605
1861,1373,2162,False,0.0
1862,3857,2162,False,0.0
1863,208,2162,False,0.0
1864,768,2163,False,0.4107142857142857
1865,885,2165,True,0.9482744040880792
1866,2801,2167,False,0.0
1867,4961,2167,False,0.0
1868,217,2167,False,0.0
1869,4906,2168,False,0.3244428422615251
1870,5870,2169,False,0.0
1871,4682,2170,False,0.4303314829119352
1872,4742,2171,True,0.9476967640372096
1873,2676,2174,True,0.8660254037844386
1874,3862,2175,True,0.9690550096756816
1875,5387,2176,False,0.0
1876,5673,2180,False,0.0
1877,5654,2182,False,0.3107594384269423
1878,4726,2183,False,0.3015113445777636
1879,2623,2184,False,0.0
1880,4483,2185,False,0.0
1881,5016,2186,False,0.0
1882,5583,2187,False,0.1525573124244222
1883,603,2188,False,0.0981577191040453
1884,1420,2190,False,0.5521576303742327
1885,1034,2191,False,0.0
1886,5539,2192,False,0.0
1887,5944,2193,True,0.760885910252682
1888,6003,2194,True,0.920558565890582
1889,2809,2195,False,0.0
1890,1578,2196,False,0.0
1891,2403,2197,True,0.2825430298229483
1892,2721,2198,False,0.3034884893334419
1893,3992,2199,True,0.9766641456965756
1894,3853,2200,False,0.25
1895,786,2201,False,0.0
1896,3423,2203,False,0.25712973861329
1897,5124,2205,True,0.9558673024238324
1898,4970,2206,False,0.0
1899,2329,2208,True,0.9905333328854176
1900,4873,2209,True,0.8401680504168059
1901,4682,2210,False,0.3175264481385601
1902,4678,2212,False,0.1695280213413195
1903,5969,2213,True,0.9868366570865876
1904,641,2214,False,0.9658835800768388
1905,2207,2215,False,0.7254762501100117
1906,4242,2216,True,0.9764375136484178
1907,1296,2217,True,0.7222854369745269
1908,5210,2218,True,0.9471141280884336
1909,2118,2219,True,0.7302967433402215
1910,3557,2220,False,0.0
1911,4649,2222,False,0.5015503913178175
1912,5380,2223,False,0.4139186771923578
1913,1601,2223,False,0.4139186771923578
1914,3663,2225,False,0.7637626158259734
1915,5720,2226,False,0.0
1916,443,2229,False,0.3947710169758613
1917,3592,2229,False,0.0
1918,1586,2230,False,0.5590169943749475
1919,141,2231,True,0.8340576562282991
1920,3028,2232,True,0.7977240352174656
1921,1519,2233,True,0.824621125123532
1922,2005,2238,False,0.0
1923,5717,2239,True,0.9634210829778568
1924,698,2240,True,0.2991830368027063
1925,1062,2241,False,0.3119595624751105
1926,2809,2242,False,0.0
1927,4371,2243,False,0.4629100498862757
1928,5827,2244,False,0.0
1929,1819,2245,True,0.7754848295751029
1930,3839,2246,False,0.0
1931,3310,2246,False,0.0
1932,300,2247,True,0.98725176518612
1933,4373,2248,True,0.806225774829855
1934,2809,2249,False,0.0
1935,4011,2250,False,0.4082482904638629
1936,2460,2253,False,0.4124789556921527
1937,4612,2254,True,0.9732625980860588
1938,5199,2255,False,0.4899789435061114
1939,2809,2257,False,0.0
1940,6040,2258,True,0.961794888276406
1941,2809,2259,False,0.0
1942,160,2260,False,0.5050762722761054
1943,2416,2261,False,0.2041241452319315
1944,247,2264,False,0.3394221166510653
1945,4379,2266,False,0.1729763408089037
1946,4137,2267,False,0.0
1947,3751,2268,True,0.9027540510790965
1948,5182,2269,False,0.3432032364918221
1949,1266,2270,False,0.143471860377352
1950,4017,2271,True,0.9838174313449112
1951,1788,2275,False,0.0
1952,3342,2276,False,0.5103103630798288
1953,3478,2278,False,0.0
1954,4317,2280,False,0.4845437118523489
1955,434,2281,False,0.3207134902949092
1956,4986,2282,False,0.0
1957,5099,2283,False,0.0
1958,3711,2283,False,0.2461829819586654
1959,324,2283,False,0.0
1960,0,2287,True,0.7637626158259734
1961,514,2288,False,0.5330017908890261
1962,5364,2289,True,0.9477890386590048
1963,4428,2290,True,0.9457547266725298
1964,1530,2293,True,0.9045340337332908
1965,3294,2295,True,0.7838686930074691
1966,1396,2296,False,0.0
1967,2424,2297,False,0.1536118091771917
1968,768,2298,False,0.0
1969,5315,2299,False,0.2138089935299394
1970,1972,2299,False,0.2138089935299394
1971,2141,2300,True,0.9653675447718356
1972,3665,2302,False,0.2526233666960439
1973,5172,2304,False,0.4622501635210242
1974,3408,2305,False,0.560448538317805
1975,67,2306,True,0.9780441258770932
1976,4315,2307,True,0.6362847629757777
1977,3126,2313,False,0.1551889806080844
1978,4517,2314,False,0.4841820261350419
1979,2378,2315,True,0.8498365855987974
1980,3897,2316,False,0.3805211953235952
1981,2809,2318,False,0.0
1982,712,2319,True,0.9735815912186512
1983,5126,2320,False,0.0
1984,62,2321,False,0.2318694478800841
1985,5616,2323,True,0.3084924646065833
1986,3593,2327,True,0.9630151188440692
1987,3065,2328,True,0.9869524218802748
1988,4399,2329,True,0.9365029929270168
1989,4397,2330,False,0.0
1990,3395,2331,False,0.0
1991,3254,2332,True,0.9230070904606626
1992,4876,2333,False,0.0
1993,2547,2334,False,0.3577708763999663
1994,4682,2335,False,0.4376881095324085
1995,5816,2336,True,0.9605245019204792
1996,1887,2338,True,0.9452855981681876
1997,2809,2339,False,0.0
1998,2809,2340,False,0.0
1999,908,2342,True,0.7844645405527362
2000,3417,2343,False,0.0
2001,3142,2344,True,0.9209653449578694
2002,5977,2345,True,0.9439286998343008
2003,141,2347,False,0.0
2004,4365,2348,False,0.337099931231621
2005,423,2349,True,0.909846738893242
2006,3113,2350,True,0.8498365855987974
2007,2588,2351,True,0.6043660557224506
2008,2012,2352,False,0.0
2009,565,2353,True,0.8541161888914282
2010,1636,2355,False,0.1666097150210727
2011,768,2358,True,0.8401680504168059
2012,4347,2359,True,0.5477225575051661
2013,2778,2361,False,0.0
2014,4332,2362,True,0.8340444120673748
2015,4537,2363,False,0.0
2016,11,2364,False,0.0
2017,4172,2364,False,0.0
2018,2623,2365,True,0.7745966692414834
2019,1103,2366,False,0.0
2020,3779,2369,False,0.0
2021,1258,2370,True,0.9659088862014232
2022,2278,2371,True,0.9470327391067188
2023,1529,2372,True,0.9198878430301268
2024,2967,2373,False,0.2429315210354546
2025,2605,2376,False,0.2635231383473649
2026,4666,2378,True,0.9682983715257976
2027,2612,2380,False,0.0
2028,5444,2381,False,0.0
2029,4054,2387,False,0.0
2030,4220,2388,False,0.2891574659831201
2031,1806,2389,True,0.3493019786554836
2032,2988,2391,False,0.4216370213557839
2033,1175,2392,True,0.9592458195754002
2034,1636,2394,False,0.0
2035,97,2396,False,0.2022886949696694
2036,1356,2399,False,0.3882901373576604
2037,4700,2399,False,0.0
2038,914,2400,False,0.0
2039,720,2401,False,0.5241424183609592
2040,4029,2403,True,0.4091055056659085
2041,1372,2405,False,0.0
2042,56,2407,True,0.981397782921882
2043,4328,2408,True,0.9443230547572328
2044,175,2410,False,0.0
2045,1714,2411,False,0.0
2046,77,2415,False,0.1355815361366601
2047,1551,2416,False,0.0
2048,1957,2418,False,0.2830692585361489
2049,1388,2419,True,0.8164965809277261
2050,5278,2420,False,0.5417363388859614
2051,2809,2421,False,0.0
2052,437,2423,True,0.9419753698002504
2053,4698,2424,False,0.4264014327112208
2054,2884,2425,False,0.1511417309806356
2055,4849,2426,False,0.1871695918043605
2056,3179,2427,True,0.817874635209406
2057,2367,2428,False,0.7637626158259734
2058,6008,2430,True,0.9415824416172623
2059,3417,2431,False,0.3771236166328253
2060,2263,2432,False,0.3508232077228117
2061,1733,2433,True,0.9404837969098884
2062,652,2435,False,0.0
2063,1062,2436,True,0.5572361522550865
2064,706,2439,False,0.3464101615137754
2065,3389,2441,False,0.0
2066,3812,2442,True,0.1305990605520967
2067,398,2443,True,0.9347798089064828
2068,4517,2445,False,0.0
2069,1564,2447,False,0.0
2070,4309,2448,False,0.1835366044573981
2071,3079,2450,False,0.4472135954999579
2072,5751,2451,True,0.902047618195624
2073,1492,2452,False,0.0
2074,5030,2454,False,0.0
2075,3185,2456,False,0.1705019736769385
2076,250,2457,False,0.0
2077,3187,2458,False,0.1050019444984584
2078,2754,2459,False,0.0
2079,746,2460,True,0.9645591541648204
2080,3715,2461,False,0.3614784456460256
2081,4007,2462,True,0.8790490729915326
2082,1746,2464,True,0.940240450522286
2083,1102,2465,False,0.5597691428330557
2084,2010,2471,False,0.21964282799024
2085,2809,2474,False,0.0
2086,5481,2476,False,0.4691574316284183
2087,2352,2479,False,0.0
2088,849,2480,False,0.2439750182371333
2089,4270,2482,True,0.9628412227260678
2090,4197,2483,False,0.0
2091,1863,2485,False,0.2876779808912305
2092,5870,2486,False,0.0
2093,1451,2487,False,0.0
2094,5971,2488,False,0.816496580927726
2095,5591,2489,True,0.796821575458131
2096,2888,2491,False,0.3721042037676254
2097,4965,2493,False,0.2891574659831201
2098,3676,2494,False,0.2010950968614253
2099,1780,2495,True,0.9412207643723192
2100,3568,2496,True,0.3013715942367323
2101,5196,2498,True,0.760885910252682
2102,3300,2499,False,0.2135042050734495
2103,4301,2500,False,0.0
2104,4726,2502,False,0.3289758474798845
2105,445,2503,False,0.0
2106,1990,2509,True,0.7222854369745269
2107,3271,2510,False,0.0
2108,3863,2511,False,0.2006752796881814
2109,4210,2512,True,0.8660254037844386
2110,4655,2513,True,0.1850780422187052
2111,1641,2515,False,0.0
2112,769,2515,False,0.0
2113,1625,2516,True,0.806225774829855
2114,3392,2517,True,0.9232215870331596
2115,5736,2518,True,0.9542487565071984
2116,3585,2520,True,0.8790490729915326
2117,1125,2521,True,0.9886864941918072
2118,2816,2522,False,0.7801894976054939
2119,4425,2523,False,0.5832118435198043
2120,5182,2524,False,0.4082482904638631
2121,590,2525,False,0.2635231383473649
2122,3178,2525,False,0.2635231383473649
2123,3604,2527,False,0.4458225700602822
2124,2327,2528,False,0.0
2125,4181,2528,False,0.0
2126,564,2529,False,0.120054036477359
2127,5909,2532,True,0.9521084059426568
2128,5079,2536,False,0.0
2129,5593,2537,False,0.4529108136578382
2130,2300,2538,True,0.3860918015089186
2131,2007,2539,False,0.0
2132,4400,2540,True,0.9278103996685648
2133,2339,2541,False,0.1614351210416434
2134,1821,2542,False,0.1996675458373228
2135,627,2543,True,0.8096656783131528
2136,371,2545,False,0.8017837257372732
2137,3737,2546,False,0.4412613040609141
2138,1210,2547,False,0.4308202184276645
2139,3253,2548,False,0.2786391062876764
2140,849,2550,False,0.2581988897471611
2141,5763,2553,False,0.5590169943749475
2142,541,2554,False,0.0
2143,2365,2555,True,0.9381575971002656
2144,5886,2556,True,0.6030226891555273
2145,1906,2557,False,0.5063696835418333
2146,3271,2558,False,0.0
2147,4256,2559,False,0.0
2148,3457,2559,False,0.0
2149,575,2561,True,0.82915619758885
2150,2394,2566,True,0.9936527571156748
2151,2720,2567,True,0.3194817523623879
2152,3913,2570,True,0.7817359599705717
2153,926,2571,False,0.0
2154,3324,2572,False,0.0
2155,530,2573,True,0.9490716289757044
2156,4745,2575,True,0.6350528962771202
2157,50,2577,False,0.7905694150420948
2158,1563,2578,True,0.8111071056538127
2159,4592,2579,False,0.0
2160,1869,2580,False,0.0
2161,5650,2581,True,0.9892576974375368
2162,5526,2583,False,0.0
2163,2362,2585,False,0.7559289460184544
2164,2290,2587,False,0.0
2165,4499,2587,False,0.0
2166,3526,2587,False,0.0
2167,1133,2588,False,0.7518094115561123
2168,3290,2591,True,0.8388704928078611
2169,2283,2593,True,0.9328284051532691
2170,5901,2597,False,0.0
2171,5641,2599,True,1.0
2172,4116,2601,True,0.9669756872191774
2173,3712,2602,False,0.4743416490252569
2174,575,2605,False,0.7237468644557459
2175,408,2606,True,0.6590284933204408
2176,5619,2607,True,0.9776739257089342
2177,4264,2608,False,0.7801894976054939
2178,168,2609,False,0.0
2179,3271,2610,False,0.0
2180,3675,2612,True,0.8660254037844386
2181,541,2613,False,0.8
2182,284,2614,False,0.0
2183,4858,2615,True,0.9394629566550268
2184,919,2616,True,0.8501769582915235
2185,4691,2617,False,0.8477912478906585
2186,1396,2618,False,0.0
2187,2809,2619,False,0.0
2188,3447,2620,False,0.0
2189,3271,2621,False,0.0
2190,1422,2623,False,0.247797313891676
2191,3348,2626,True,0.990753496165244
2192,5484,2627,True,0.9848411772386348
2193,5232,2628,False,0.0
2194,3783,2630,False,0.0
2195,3681,2631,False,0.2006033442417187
2196,5197,2632,False,0.0
2197,5750,2636,True,0.2367785320221084
2198,3647,2638,True,0.9347573425963088
2199,5315,2640,False,0.2439750182371333
2200,161,2641,False,0.0
2201,2437,2643,True,0.5580585070838787
2202,2809,2646,False,0.0
2203,1833,2648,False,0.0
2204,3036,2650,False,0.0
2205,291,2651,False,0.1846372364689991
2206,4986,2652,False,0.0
2207,2013,2653,False,0.0
2208,5155,2655,False,0.0
2209,3687,2656,True,0.9701637749668856
2210,3762,2657,True,0.9649595465804416
2211,193,2658,False,0.0
2212,1726,2659,False,0.1665407267294319
2213,4109,2661,False,0.3162277660168379
2214,1148,2662,True,0.9519355285120656
2215,3109,2664,False,0.0
2216,431,2668,False,0.0
2217,425,2668,False,0.0
2218,2280,2669,True,0.8075728530872482
2219,3271,2671,False,0.0
2220,305,2673,False,0.3563134121092031
2221,2923,2675,False,0.0
2222,1266,2676,False,0.1360605701295645
2223,779,2678,False,0.0
2224,514,2680,False,0.3649981975442157
2225,1113,2681,False,0.0
2226,1309,2682,True,0.6090155300940286
2227,1759,2683,False,0.0
2228,1369,2685,False,0.0
2229,2853,2686,True,0.8583950752789522
2230,2286,2688,False,0.4588314677411235
2231,5580,2689,True,0.915782091251428
2232,5195,2690,False,0.2461829819586654
2233,4008,2691,False,0.0
2234,1469,2692,True,0.9369248955395902
2235,3767,2693,True,0.7190924955066748
2236,766,2694,True,0.8539256447208636
2237,1994,2695,False,0.0
2238,3628,2697,True,0.7918305663862506
2239,5653,2698,False,0.3100868364730211
2240,27,2698,False,0.3100868364730211
2241,4546,2699,True,0.9792887620521544
2242,4277,2700,True,0.9141077572768688
2243,2987,2701,False,0.7559289460184544
2244,2809,2702,False,0.0
2245,3079,2703,False,0.0
2246,1038,2704,False,0.1479515402194063
2247,4818,2706,True,0.9385578520972678
2248,2350,2707,False,0.1169554729489704
2249,2809,2708,False,0.0
2250,175,2710,False,0.0
2251,3665,2711,False,0.4535895002368426
2252,1132,2714,False,0.0
2253,3283,2715,True,0.9982783344476244
2254,5687,2716,True,0.8728715609439696
2255,2966,2717,False,0.0
2256,0,2720,False,0.0
2257,990,2721,False,0.2525381361380527
2258,3243,2722,False,0.0
2259,2026,2722,False,0.0
2260,883,2723,False,0.0
2261,3468,2725,True,0.9016062274512848
2262,4726,2726,False,0.3214121732666125
2263,5875,2726,False,0.0
2264,1419,2727,False,0.3903600291794133
2265,5597,2728,False,0.0
2266,1612,2729,True,0.5425980400386846
2267,4083,2730,False,0.0
2268,5739,2733,False,0.0
2269,897,2734,False,0.422115882408869
2270,1056,2735,True,0.2915717694243088
2271,2809,2736,False,0.0
2272,5527,2738,False,0.8735632183908046
2273,5250,2739,False,0.5015503913178175
2274,2960,2740,False,0.5270462766947299
2275,261,2741,True,0.7496713736423323
2276,175,2743,False,0.7687061147858074
2277,3424,2744,False,0.1545574677511924
2278,3995,2746,False,0.1987000615840339
2279,4096,2747,True,0.4220279690719979
2280,4262,2748,True,0.8164965809277261
2281,5177,2752,False,0.0
2282,3929,2753,True,0.9886864941918072
2283,1365,2754,True,0.721299509730775
2284,2470,2756,False,0.4691574316284183
2285,5932,2757,False,0.3772167680771588
2286,1362,2759,True,0.6017216678143155
2287,2787,2761,True,0.8846517369293828
2288,3552,2762,False,0.1109400392450458
2289,4241,2763,True,0.9623998967519166
2290,2080,2764,False,0.0
2291,2081,2765,True,0.937752089249456
2292,4874,2770,False,0.1044896648578786
2293,4262,2771,False,0.7844645405527362
2294,1898,2772,False,0.0
2295,5794,2773,False,0.0
2296,1805,2774,False,0.0
2297,2809,2775,False,0.0
2298,4813,2776,False,0.4879500364742666
2299,4973,2778,True,0.8085428229838166
2300,2809,2779,False,0.0
2301,4721,2781,False,0.4588314677411235
2302,1377,2782,False,0.2672612419124244
2303,3645,2783,False,0.0
2304,3324,2784,False,0.5547001962252291
2305,3651,2784,False,0.0
2306,2809,2785,False,0.0
2307,2504,2786,True,0.824621125123532
2308,2335,2787,True,0.9982783344476244
2309,1378,2788,False,0.2212725459945574
2310,5197,2789,True,0.6396021490668313
2311,5214,2790,False,0.0
2312,2514,2794,True,0.974645293657918
2313,4109,2795,False,0.0
2314,262,2796,False,0.0
2315,3414,2796,False,0.0
2316,877,2797,False,0.3779644730092272
2317,478,2798,True,0.9531194443159912
2318,615,2799,False,0.0
2319,5481,2800,False,0.45
2320,2381,2802,False,0.0
2321,5716,2803,False,0.0
2322,5162,2803,False,0.0
2323,1473,2806,False,0.7801894976054939
2324,2298,2807,True,0.9499299369391824
2325,2149,2808,False,0.1736722489525686
2326,2952,2811,True,0.9894409909482706
2327,5554,2812,True,0.187878799859632
2328,3027,2813,False,0.0
2329,1078,2814,True,0.7319884221029486
2330,2877,2815,False,0.0
2331,3801,2816,False,0.1767766952966369
2332,5483,2817,False,0.4472135954999579
2333,1862,2817,False,0.4472135954999579
2334,602,2817,False,0.4472135954999579
2335,2919,2817,False,0.4472135954999579
2336,121,2817,False,0.4472135954999579
2337,1273,2817,False,0.4472135954999579
2338,2835,2817,False,0.4472135954999579
2339,5789,2819,True,0.8498365855987974
2340,3324,2821,False,0.565685424949238
2341,4227,2821,False,0.0
2342,5403,2822,False,0.0
2343,5688,2824,True,0.6708203932499369
2344,3730,2826,False,0.440086229423352
2345,2809,2828,False,0.0
2346,5646,2830,True,0.944759657227749
2347,2721,2832,False,0.0
2348,344,2833,True,0.9785885079952122
2349,5701,2834,True,0.8660254037844386
2350,5579,2836,True,0.8616589466551585
2351,3684,2837,False,0.0
2352,3483,2838,False,0.0
2353,5789,2841,False,0.0
2354,2838,2842,False,0.0
2355,393,2843,False,0.4048204523763681
2356,1642,2846,False,0.7518094115561123
2357,443,2847,False,0.4045199174779452
2358,3846,2849,True,0.8498365855987974
2359,4652,2850,False,0.5029556907695452
2360,2489,2851,False,0.7745966692414834
2361,3915,2854,False,0.2649064714130087
2362,5128,2855,True,0.8660254037844386
2363,1960,2857,True,0.9103597343748624
2364,2985,2858,False,0.0
2365,3397,2859,False,0.0
2366,4774,2860,True,0.9521273304388445
2367,3151,2862,False,0.4714045207910317
2368,2741,2863,False,0.117770199744959
2369,4297,2864,False,0.1216329252960266
2370,2221,2866,False,0.4120816918460671
2371,1974,2868,False,0.0
2372,5728,2871,True,0.907747927775038
2373,5633,2872,True,0.9598100750236784
2374,5770,2873,True,0.7644230769230769
2375,76,2874,False,0.0
2376,3419,2875,False,0.1672674367026692
2377,1626,2877,True,0.94254942184932
2378,4691,2878,False,0.8613567692141089
2379,4100,2881,True,0.3657872305898514
2380,831,2884,False,0.3960590171906697
2381,4556,2885,False,0.3130495168499705
2382,1793,2886,False,0.0
2383,3745,2887,False,0.1002566093567753
2384,2205,2888,True,0.892697374338324
2385,1629,2889,False,0.1841132999841145
2386,3490,2891,False,0.0
2387,4773,2893,False,0.0
2388,284,2898,False,0.2777777777777778
2389,2923,2900,False,0.0
2390,4247,2901,False,0.1690308509457033
2391,154,2903,True,0.7385489458759964
2392,5568,2905,False,0.0
2393,1063,2905,False,0.0
2394,5987,2906,False,0.2227177015936869
2395,1314,2910,False,0.0
2396,5546,2911,True,0.9186734949085892
2397,2542,2912,False,0.238095238095238
2398,3106,2913,False,0.4216370213557839
2399,287,2913,False,0.4216370213557839
2400,734,2914,False,0.0
2401,1353,2915,False,0.0
2402,4947,2916,True,0.8790490729915326
2403,5789,2917,False,0.2575131013123024
2404,476,2918,False,0.4714045207910317
2405,1566,2921,True,0.9519716382329884
2406,3331,2922,False,0.5735393346764044
2407,5385,2924,False,0.0
2408,1989,2924,False,0.0
2409,1821,2926,True,0.961794888276406
2410,2277,2927,False,0.0
2411,1451,2928,True,0.9198662110078
2412,3859,2930,False,0.1117354978050523
2413,3438,2932,False,0.0
2414,5463,2934,False,0.9530071308033986
2415,5380,2935,False,0.422115882408869
2416,1601,2935,False,0.422115882408869
2417,2886,2936,False,0.3731012536223182
2418,3356,2938,False,0.0
2419,5001,2940,False,0.3947710169758613
2420,3695,2942,False,0.0
2421,614,2943,False,0.1397015479890415
2422,738,2944,False,0.4391550328268399
2423,2809,2945,False,0.0
2424,2233,2946,False,0.3569685986025281
2425,4881,2950,False,0.0
2426,5080,2951,False,0.1682978140359643
2427,3298,2953,True,0.8164965809277261
2428,476,2956,False,0.4529108136578382
2429,3100,2957,False,0.1451699766112314
2430,4324,2959,False,0.0
2431,568,2961,False,0.151510803815714
2432,2809,2962,False,0.0
2433,5029,2963,False,0.2525381361380527
2434,1898,2965,True,0.8846517369293828
2435,5670,2966,False,0.0
2436,2026,2967,False,0.0
2437,5558,2969,True,0.8300271124319292
2438,5677,2970,False,0.0
2439,1958,2971,False,0.0
2440,434,2973,False,0.0
2441,5096,2975,False,0.3333333333333333
2442,1275,2977,True,0.7778174593052023
2443,1726,2978,False,0.2027432568204622
2444,5981,2979,True,0.9886676430015906
2445,5735,2981,False,0.3402069087198858
2446,4924,2982,False,0.0
2447,2248,2984,False,0.0
2448,5948,2987,False,0.0
2449,3177,2988,True,0.9714435674200704
2450,1521,2989,False,0.3055050463303894
2451,4352,2991,False,0.0
2452,3377,2993,False,0.0
2453,1195,2994,True,0.948824334741704
2454,926,2995,False,0.0
2455,3426,2996,False,0.1688223509885284
2456,5223,2999,False,0.0896037849438157
2457,5476,3001,False,0.3600411499115478
2458,3981,3003,True,0.9463372417752682
2459,3939,3004,False,0.4815434123430768
2460,5911,3005,False,0.0
2461,4137,3006,False,0.0
2462,4958,3007,True,0.8660254037844386
2463,2891,3009,True,0.9650273701505662
2464,4685,3010,True,0.7302967433402215
2465,5006,3011,True,0.8169217288768313
2466,4655,3014,False,0.0
2467,2862,3015,False,0.1055453515581402
2468,5800,3016,True,0.9844395706908818
2469,291,3017,False,0.3249182166443294
2470,5793,3018,True,0.9299418804486512
2471,4223,3019,False,0.4242640687119285
2472,3708,3020,True,0.7807200583588266
2473,2435,3021,True,0.9552231878277524
2474,5137,3022,False,0.0
2475,393,3023,False,0.0
2476,3624,3024,True,0.785355471607104
2477,3415,3025,False,0.0
2478,4783,3027,False,0.0
2479,2816,3028,True,0.8164965809277259
2480,1442,3029,True,0.7934920476158722
2481,2297,3030,False,0.0
2482,3413,3031,False,0.0
2483,2623,3032,False,0.0
2484,2154,3033,False,0.4845437118523489
2485,2960,3033,False,0.4845437118523489
2486,1576,3036,True,0.7045638767423834
2487,1017,3037,False,0.3086066999241838
2488,1460,3037,False,0.3086066999241838
2489,6032,3038,True,0.9858567705215528
2490,1073,3039,True,0.806225774829855
2491,4725,3041,False,0.0
2492,5482,3043,True,0.965991477645492
2493,4970,3045,False,0.0
2494,5705,3047,True,0.5393193716300061
2495,510,3048,False,0.3459492030108319
2496,3005,3049,False,0.2946278254943948
2497,2539,3050,True,0.8583950752789522
2498,2584,3051,False,0.7687061147858074
2499,5451,3053,True,0.9665659609003292
2500,3775,3054,False,0.0
2501,4054,3056,True,0.8897565210026093
2502,2718,3058,False,0.0
2503,5789,3061,False,0.0
2504,2731,3063,True,0.7617550741785384
2505,723,3064,False,0.0
2506,4843,3065,True,0.9739176707027232
2507,1490,3066,False,0.4307055216465324
2508,615,3067,False,0.0
2509,3419,3069,True,0.964192404556792
2510,1378,3071,False,0.1580568877416896
2511,532,3073,True,0.8944271909999159
2512,5540,3074,True,0.8401680504168059
2513,2272,3075,True,0.7977240352174656
2514,175,3076,False,0.2891574659831201
2515,201,3078,False,0.0
2516,625,3079,False,0.0
2517,5733,3081,False,0.0
2518,2968,3082,False,0.7687061147858074
2519,3613,3083,True,0.9982703936318272
2520,4120,3084,True,0.8401680504168059
2521,1344,3085,False,0.0
2522,3692,3086,False,0.7518094115561123
2523,4177,3087,True,0.9393430068612836
2524,5570,3092,False,0.2717268027554246
2525,5325,3093,True,0.9684931318906288
2526,1551,3094,False,0.4213504858001922
2527,3328,3101,False,0.0
2528,4265,3102,False,0.9694344812535792
2529,56,3104,False,0.0
2530,4199,3106,True,0.9900739304846152
2531,2043,3107,False,0.3563483225498992
2532,5223,3108,False,0.0807537027039581
2533,5627,3110,False,0.0
2534,2211,3111,True,0.9324353793572592
2535,2067,3113,True,0.9549005901150508
2536,5746,3115,True,0.8947240018446249
2537,3064,3116,False,0.3077287274483318
2538,175,3117,False,0.2602417193848081
2539,3704,3119,False,0.0
2540,2461,3122,False,0.1643213429819708
2541,4955,3124,False,0.8086075400626399
2542,5663,3126,True,0.769990503509018
2543,1578,3129,True,0.7867957924694432
2544,1197,3132,False,0.3922322702763681
2545,3077,3133,True,0.9732904336998964
2546,5737,3134,False,0.0
2547,1768,3136,False,0.0
2548,1042,3137,True,0.6017216678143155
2549,1329,3138,False,0.4714045207910317
2550,753,3140,False,0.0
2551,706,3141,False,0.45573271518765
2552,4000,3141,False,0.45573271518765
2553,2367,3144,True,0.8583950752789522
2554,3127,3146,False,0.0
2555,2660,3147,True,0.9896593688863776
2556,816,3148,True,0.9610491968087008
2557,4219,3149,True,0.731973451250264
2558,4972,3150,False,0.5232166435699435
2559,4184,3152,False,0.3367876570272817
2560,3333,3152,False,0.3367876570272817
2561,5443,3154,True,0.9415824416172623
2562,2355,3157,False,0.8
2563,5570,3158,True,0.9385578520972678
2564,4483,3159,False,0.0
2565,1564,3162,False,0.0
2566,2243,3164,False,0.4107919181288745
2567,1213,3166,False,0.2970442628930023
2568,31,3168,True,0.9806789056611832
2569,3261,3171,True,0.9891018184362907
2570,1028,3172,False,0.0
2571,1525,3174,True,0.9725969395857426
2572,3706,3175,True,0.9091469436442136
2573,5238,3177,False,0.0
2574,393,3178,False,0.5447047794019222
2575,4549,3181,False,0.0
2576,2988,3184,False,0.4216370213557839
2577,3172,3185,False,0.0
2578,4077,3186,True,0.9238417648912488
2579,5502,3189,False,0.3038218101251
2580,4942,3189,False,0.3038218101251
2581,318,3192,False,0.0
2582,4885,3195,False,0.1338077325262618
2583,3114,3197,False,0.0
2584,1493,3198,False,0.3737046593418298
2585,1088,3199,False,0.0
2586,4331,3200,False,0.0
2587,3134,3202,True,0.9806320480510516
2588,2070,3203,True,0.9493700744046268
2589,1571,3205,False,0.0
2590,5518,3205,False,0.0
2591,4698,3207,False,0.529237746757157
2592,4986,3208,False,0.0
2593,3351,3210,False,0.220863052149693
2594,3133,3211,False,0.6882472016116853
2595,1439,3213,False,0.0
2596,1551,3214,False,0.0
2597,3341,3215,False,0.0
2598,2031,3216,True,0.9299418804486512
2599,177,3218,False,0.0
2600,1487,3220,True,0.824621125123532
2601,5295,3222,True,0.898717034272917
2602,3515,3223,False,0.5976143046671968
2603,5671,3226,False,0.0
2604,3013,3226,False,0.5015503913178175
2605,4247,3228,False,0.3975732839729454
2606,5137,3229,False,0.0
2607,4511,3230,False,0.0
2608,4986,3231,False,0.0
2609,1254,3232,True,0.94078705205889
2610,445,3233,False,0.0
2611,1642,3234,True,0.8498365855987974
2612,2592,3236,True,0.7867957924694432
2613,2581,3238,True,0.975927114139952
2614,1928,3242,False,0.3273268353539886
2615,1981,3242,False,0.3273268353539886
2616,1754,3247,False,0.0
2617,100,3248,False,0.0
2618,2955,3250,False,0.0
2619,4703,3251,False,0.4567501391955698
2620,4103,3252,False,0.2005738892714385
2621,652,3255,False,0.2649064714130087
2622,4151,3256,False,0.3689323936863109
2623,4970,3258,False,0.0
2624,3271,3259,False,0.0
2625,5938,3260,False,0.3333333333333333
2626,4700,3261,False,0.0
2627,1356,3261,False,0.0
2628,2668,3262,False,0.7801894976054939
2629,213,3263,False,0.4308202184276645
2630,5831,3264,False,0.0
2631,4682,3265,False,0.0
2632,1155,3268,False,0.1799640107964012
2633,1461,3269,False,0.0
2634,3253,3269,False,0.0
2635,4247,3270,False,0.4008918628686365
2636,4968,3271,True,0.2049572259384503
2637,2215,3272,True,0.9628325486117256
2638,1584,3273,False,0.1755857752878066
2639,2026,3274,False,0.1705605730844883
2640,3497,3275,False,0.0
2641,5194,3277,True,0.9633748308407608
2642,2809,3278,False,0.0
2643,1972,3279,False,0.0
2644,5315,3279,False,0.0
2645,2816,3280,False,0.7977240352174656
2646,373,3281,False,0.0
2647,1058,3282,True,0.2839118288855869
2648,2826,3283,False,0.1304934280257567
2649,4807,3284,False,0.1534487263808565
2650,128,3285,True,0.7302967433402215
2651,3935,3286,False,0.0
2652,1202,3287,False,0.1085564912131549
2653,4365,3289,False,0.0
2654,2176,3290,False,0.0
2655,498,3291,False,0.0
2656,2334,3293,False,0.0
2657,5004,3295,False,0.5003191829243043
2658,2639,3299,True,0.978518282587122
2659,4978,3301,True,0.272758582901617
2660,258,3304,True,0.9375872052464562
2661,1396,3305,True,0.8416254115301732
2662,1909,3306,False,0.2220837918703956
2663,2162,3307,True,0.8340576562282991
2664,2093,3308,True,0.9640782361422108
2665,4163,3310,False,0.0
2666,1217,3311,False,0.2514778453847726
2667,3645,3312,False,0.3600411499115478
2668,4067,3314,False,0.1230914909793327
2669,3691,3317,True,0.9360754037636494
2670,307,3319,True,0.939728101878554
2671,2240,3320,False,0.0
2672,4707,3321,True,0.2044652050273826
2673,3819,3322,False,0.5590169943749475
2674,4118,3323,False,0.1928473039599675
2675,1699,3323,False,0.1928473039599675
2676,5847,3324,True,0.9598495021614591
2677,3915,3325,False,0.0
2678,3711,3326,False,0.0
2679,5099,3326,False,0.0
2680,324,3326,False,0.0
2681,5704,3327,False,0.1553471274761234
2682,4596,3328,False,0.3311330892662609
2683,4183,3329,False,0.0
2684,1944,3330,True,0.8927833442071367
2685,4739,3331,False,0.2079725827019257
2686,2051,3332,False,0.0
2687,2809,3333,False,0.0
2688,3814,3336,True,0.2779834629431531
2689,1771,3338,True,0.7449887315796286
2690,1951,3339,False,0.2785430072655778
2691,562,3340,False,0.0
2692,1211,3341,True,0.9837243995008568
2693,5182,3342,False,0.3307189138830738
2694,5132,3345,False,0.3377517291214903
2695,5568,3346,True,0.7449887315796286
2696,5605,3347,False,0.0
2697,2327,3348,False,0.2721655269759087
2698,4181,3348,False,0.2721655269759087
2699,5664,3349,False,0.188880056320607
2700,5250,3351,False,0.4717281765248632
2701,1938,3352,False,0.2672612419124244
2702,5693,3354,False,0.0
2703,2478,3355,True,0.9723507327006712
2704,2812,3357,True,0.9216135067909068
2705,3759,3358,True,0.8790490729915326
2706,55,3360,False,0.0
2707,3605,3361,False,0.0
2708,3864,3362,False,0.0
2709,3768,3363,False,0.0
2710,5930,3365,False,0.0
2711,3426,3366,False,0.2692092212881015
2712,4202,3368,False,0.1477958044913697
2713,4066,3369,False,0.0
2714,2772,3370,True,0.9462154083784944
2715,4911,3372,True,0.8164965809277259
2716,3140,3374,False,0.1068593417484822
2717,1240,3377,False,0.1272473733194273
2718,2452,3378,True,0.9418131836937008
2719,1146,3381,False,0.0
2720,1569,3383,False,0.5383819020581655
2721,264,3384,False,0.7687061147858074
2722,785,3385,True,0.9322097747678922
2723,5277,3388,True,0.7745966692414834
2724,2793,3389,False,0.2886751345948128
2725,733,3390,True,0.904597575043596
2726,5309,3391,False,0.0
2727,5789,3392,False,0.0
2728,3538,3393,True,1.0
2729,4132,3394,True,0.9753859584066232
2730,4398,3396,False,0.8
2731,3549,3397,False,0.25712973861329
2732,4104,3399,False,0.2498236855072898
2733,4581,3400,True,0.9452855981681876
2734,896,3402,False,0.7905694150420948
2735,3102,3403,False,0.0
2736,2756,3404,True,0.7302967433402215
2737,5682,3405,False,0.4605661864718383
2738,2809,3406,False,0.0
2739,248,3407,True,0.982601607455573
2740,5058,3408,False,0.0
2741,3358,3409,True,0.9782949649819336
2742,4618,3410,False,0.5590169943749475
2743,152,3411,False,0.3061862178478973
2744,4700,3413,False,0.0
2745,1356,3413,False,0.0
2746,1578,3414,False,0.0
2747,4484,3415,True,0.9380163976214496
2748,2860,3416,False,0.0
2749,5995,3418,True,0.1784537195677025
2750,1059,3419,True,0.940240450522286
2751,6014,3420,True,0.8583950752789522
2752,2751,3423,False,0.2620712091804796
2753,3630,3424,False,0.2378291217061074
2754,4178,3425,False,0.0
2755,4233,3431,False,0.0
2756,2316,3432,False,0.0
2757,3923,3433,True,0.940854577776569
2758,2884,3434,False,0.0
2759,1665,3434,False,0.0
2760,801,3436,False,0.4902903378454601
2761,2826,3437,True,0.2391277334243773
2762,1800,3438,False,0.4276179870598789
2763,3211,3439,False,0.0
2764,5700,3440,True,0.9219209636060092
2765,4332,3441,False,0.0
2766,3637,3442,False,0.0
2767,1131,3444,False,0.5734146386569556
2768,1197,3445,False,0.3572172541558802
2769,833,3446,True,0.9533497467587488
2770,3887,3447,False,0.0
2771,4604,3448,False,0.0
2772,3973,3449,True,0.9873451789977696
2773,4658,3451,False,0.0
2774,2157,3453,True,0.82915619758885
2775,4727,3456,False,0.1318889974948418
2776,160,3458,False,0.4962916669854651
2777,673,3460,False,0.0
2778,2809,3461,False,0.0
2779,5247,3463,False,0.4518480570575319
2780,5830,3465,False,0.0
2781,951,3466,False,0.1496954933685299
2782,3211,3467,False,0.4412613040609141
2783,1934,3469,False,0.0
2784,4963,3470,False,0.0
2785,2809,3472,False,0.0
2786,1732,3473,True,0.9771379878720724
2787,3087,3474,False,0.7905694150420948
2788,386,3475,False,0.0
2789,5241,3476,True,0.8728715609439696
2790,4976,3478,True,0.8498365855987974
2791,3106,3479,False,0.4216370213557839
2792,287,3479,False,0.4216370213557839
2793,3013,3480,False,0.4909902530309828
2794,5671,3480,False,0.0
2795,3853,3482,False,0.45
2796,2362,3483,True,0.7745966692414834
2797,4922,3485,True,0.9267514565047906
2798,2316,3486,False,0.0
2799,339,3486,False,0.35
2800,1361,3488,False,0.3689323936863109
2801,5860,3490,True,0.8755950357709131
2802,2983,3491,True,0.8498365855987974
2803,5297,3492,False,0.4351426345763369
2804,1981,3494,False,0.4193139346887673
2805,5276,3495,False,0.0
2806,1587,3496,True,0.9550290110710472
2807,2394,3497,False,0.0
2808,5911,3498,True,0.7302967433402215
2809,1181,3499,False,0.4811252243246881
2810,4025,3500,False,0.0
2811,3458,3501,False,0.0
2812,955,3504,True,0.9531194443159912
2813,5735,3505,True,0.5345224838248488
2814,1118,3507,True,0.9218668344494934
2815,4469,3508,True,0.7233555441435721
2816,5151,3510,False,0.8086075400626399
2817,5263,3512,False,0.0
2818,1215,3515,True,0.9580854023056212
2819,5304,3516,False,0.0
2820,3488,3519,False,0.0
2821,5967,3520,False,0.1427733316142303
2822,4245,3522,False,0.0
2823,2809,3523,False,0.0
2824,5189,3525,True,0.9415824416172623
2825,2258,3526,True,0.8944271909999159
2826,4698,3527,True,0.8164965809277261
2827,3308,3528,True,0.9443230547572328
2828,1797,3529,True,0.9620318847519302
2829,28,3530,False,0.0
2830,4171,3530,False,0.0
2831,1647,3531,True,0.9598997240935956
2832,1711,3532,False,0.2875076335132379
2833,1943,3533,True,0.9011091387876544
2834,1422,3534,False,0.2294157338705617
2835,1788,3536,False,0.0
2836,2463,3537,False,0.7867957924694432
2837,1646,3539,False,0.7905694150420948
2838,2884,3540,True,0.82915619758885
2839,3719,3541,False,0.0
2840,2955,3542,False,0.7905694150420948
2841,177,3544,False,0.0
2842,5671,3549,False,0.375
2843,5455,3550,False,0.294174202707276
2844,567,3551,False,0.0
2845,71,3552,True,0.9466098271581556
2846,62,3553,False,0.0
2847,5593,3555,False,0.0
2848,1776,3556,False,0.2727723627949905
2849,866,3557,False,0.1818651571921262
2850,1603,3558,True,0.9675734616164476
2851,2226,3559,True,0.1753428015038418
2852,3271,3560,False,0.0
2853,1040,3561,False,0.5345224838248488
2854,459,3563,True,0.7977240352174656
2855,3695,3566,False,0.0
2856,1297,3567,False,0.0
2857,3806,3568,False,0.3343669275452117
2858,6050,3569,False,0.4845437118523489
2859,5493,3570,False,0.0
2860,3257,3571,True,0.944968471804734
2861,5901,3572,False,0.8086075400626399
2862,2350,3574,False,0.0871959221499495
2863,1245,3577,True,0.816496580927726
2864,3684,3580,False,0.4909902530309828
2865,1446,3581,False,0.0
2866,519,3581,False,0.0
2867,253,3582,True,0.932248719236202
2868,5776,3583,True,0.9639487017514684
2869,3860,3584,False,0.5163977794943223
2870,2289,3585,False,0.7801894976054939
2871,802,3586,True,0.9479832918323056
2872,2084,3589,False,0.3162277660168379
2873,3339,3590,False,0.0
2874,5067,3592,True,0.5492159653890049
2875,3104,3593,False,0.3734080224074693
2876,4472,3596,False,0.0
2877,5469,3597,True,0.964105140593576
2878,3271,3602,False,0.0
2879,3710,3607,False,0.3086066999241838
2880,3071,3608,False,0.6200655251253673
2881,295,3610,False,0.0
2882,4550,3611,False,0.1627882521027984
2883,3737,3613,False,0.3061862178478973
2884,2154,3614,False,0.4954336943068623
2885,2960,3614,False,0.4954336943068623
2886,990,3616,False,0.3207134902949092
2887,5086,3617,False,0.9556983164621556
2888,1954,3619,False,0.3376118524547578
2889,2809,3620,False,0.0
2890,2451,3622,False,0.0
2891,1916,3624,False,0.0
2892,5761,3625,False,0.1691819737751254
2893,4569,3627,False,0.3198010745334156
2894,1718,3628,False,0.0
2895,2987,3629,False,0.0
2896,402,3630,False,0.0
2897,324,3631,True,0.7817359599705717
2898,1830,3634,False,0.0
2899,1029,3635,False,0.0
2900,2075,3636,False,0.0
2901,866,3636,False,0.0
2902,3752,3637,True,0.9651585435109828
2903,175,3638,False,0.4314554973040048
2904,4393,3641,True,0.8583950752789522
2905,4650,3642,False,0.0
2906,1970,3643,True,0.8583950752789522
2907,768,3644,False,0.0
2908,402,3646,False,0.2791452631195412
2909,1373,3647,False,0.0
2910,327,3648,False,0.3038218101251
2911,5960,3649,True,0.9821325491266992
2912,4925,3650,True,0.82915619758885
2913,4777,3651,True,0.2938318338051653
2914,2953,3652,False,0.4743416490252569
2915,4807,3653,False,0.1825741858350553
2916,5394,3654,True,0.9571395749955618
2917,2086,3655,True,0.9631514380171408
2918,3271,3656,False,0.0
2919,1013,3659,True,0.9707398253647128
2920,3527,3660,False,0.0
2921,706,3660,False,0.0
2922,2102,3662,False,0.0
2923,838,3662,False,0.2065591117977289
2924,5968,3663,True,0.9439946322085784
2925,1579,3664,False,0.0
2926,4048,3665,False,0.2672612419124244
2927,1066,3666,False,0.0
2928,5346,3667,True,0.9614850215772124
2929,160,3668,False,0.472455591261534
2930,3897,3670,False,0.5445811486371709
2931,869,3671,False,0.5590169943749475
2932,2809,3672,False,0.0
2933,1951,3673,False,0.4264014327112208
2934,791,3674,False,0.0
2935,1934,3677,False,0.4140393356054125
2936,3618,3679,True,0.4431976003586107
2937,3607,3681,True,0.9842113133618464
2938,1839,3682,False,0.0
2939,5483,3684,False,0.6708203932499369
2940,1862,3684,False,0.6708203932499369
2941,602,3684,False,0.6708203932499369
2942,2919,3684,False,0.6708203932499369
2943,121,3684,False,0.6708203932499369
2944,1273,3684,False,0.6708203932499369
2945,2835,3684,False,0.6708203932499369
2946,1486,3686,False,0.4714045207910317
2947,1998,3687,True,0.9832796507738494
2948,3322,3688,False,0.0
2949,52,3689,False,0.4351426345763369
2950,2987,3690,False,0.2357022603955158
2951,2890,3692,False,0.4412613040609141
2952,1889,3693,False,0.1295294254856617
2953,2221,3694,False,0.3685770701003707
2954,1981,3696,False,0.0
2955,1928,3696,False,0.0
2956,3695,3698,False,0.0
2957,236,3699,True,0.9734323607290916
2958,4874,3701,False,0.1511176312067472
2959,4262,3702,False,0.2946278254943948
2960,5743,3703,False,0.7947194142390263
2961,2809,3704,False,0.0
2962,1117,3705,True,0.9825909717555524
2963,2219,3706,False,0.0
2964,2779,3707,False,0.2981423969999719
2965,5883,3708,True,0.3527651236069336
2966,1085,3709,True,0.9839172814155216
2967,2073,3710,False,0.5383819020581655
2968,2508,3712,True,0.7302967433402215
2969,1553,3713,True,0.9443230547572328
2970,5950,3715,False,0.4131182235954578
2971,2774,3716,False,0.7687061147858074
2972,5016,3722,False,0.4276179870598789
2973,3540,3724,False,0.0
2974,4051,3724,False,0.2880092164423916
2975,4498,3727,True,0.9754953565065988
2976,4807,3729,False,0.1825741858350553
2977,1835,3730,False,0.0
2978,2465,3733,True,0.9790604897646136
2979,2809,3735,False,0.0
2980,160,3736,False,0.4800153607373193
2981,825,3737,True,0.9290068211743288
2982,3271,3739,False,0.0
2983,3157,3740,False,0.4529108136578382
2984,5697,3742,True,0.7857142857142857
2985,2011,3743,False,0.3478327964999673
2986,1523,3744,True,0.987268061489967
2987,878,3747,False,0.0
2988,195,3748,False,0.0
2989,3290,3750,False,0.8094272134003795
2990,2690,3752,False,0.5521576303742327
2991,5095,3752,False,0.0
2992,1373,3752,False,0.0
2993,3907,3752,False,0.0
2994,3857,3752,False,0.0
2995,208,3752,False,0.0
2996,5812,3753,True,0.9744931077733764
2997,2923,3754,False,0.0
2998,5206,3755,False,0.0
2999,1110,3757,False,0.0
3000,1048,3758,True,0.4335032509769272
3001,5421,3759,True,0.9567491788333946
3002,5202,3760,True,0.8583950752789522
3003,4236,3761,True,0.8320502943378436
3004,168,3764,False,0.4048204523763681
3005,3306,3765,True,0.9551772929065948
3006,754,3766,False,0.0
3007,2370,3767,True,0.966391410295606
3008,5973,3768,True,0.9675734616164476
3009,2809,3769,False,0.0
3010,4236,3774,False,0.816496580927726
3011,4155,3778,False,0.0
3012,863,3780,True,0.8599908202822593
3013,1300,3781,False,0.4626519455729921
3014,1593,3782,True,0.9426412356052114
3015,4347,3784,False,0.0
3016,1711,3785,False,0.0
3017,4156,3786,False,0.4213504858001922
3018,2316,3789,False,0.0
3019,5278,3791,False,0.4288450139351179
3020,2939,3792,False,0.0
3021,611,3793,False,0.4124789556921527
3022,4577,3794,False,0.0
3023,5906,3795,False,0.4107919181288745
3024,2786,3796,False,0.5590169943749475
3025,275,3798,False,0.2906591794880899
3026,5215,3799,False,0.0
3027,4621,3801,True,0.7745966692414834
3028,2074,3802,False,0.7905694150420948
3029,5621,3803,True,0.9168689375524992
3030,3921,3804,True,0.9830818655769934
3031,5729,3805,True,0.8660254037844386
3032,5742,3806,False,0.3944053188733077
3033,645,3807,True,0.8401680504168059
3034,385,3808,True,0.8075728530872482
3035,2564,3809,True,0.2933286938318907
3036,858,3810,True,0.7857142857142857
3037,5170,3811,False,0.5321811563901744
3038,547,3812,True,0.9806789056611832
3039,5761,3813,False,0.3383639475502508
3040,5608,3814,False,0.0
3041,2616,3816,False,0.7905694150420948
3042,4352,3822,False,0.5330017908890261
3043,498,3823,False,0.3356243110397689
3044,4784,3824,False,0.0
3045,1949,3826,False,0.5015503913178175
3046,3501,3827,False,0.2620712091804796
3047,1920,3829,True,0.9430607630581398
3048,5199,3830,True,0.8320502943378436
3049,2085,3831,True,0.8075728530872482
3050,4986,3833,False,0.0
3051,1997,3834,False,0.0
3052,1119,3835,False,0.0
3053,736,3836,True,0.2825916314553373
3054,2350,3838,True,0.9740561305393688
3055,3656,3840,True,0.9817576275311978
3056,5259,3841,False,0.1655242881145831
3057,4259,3843,True,0.9827114599000388
3058,1273,3845,False,0.3380617018914066
3059,5483,3845,False,0.3380617018914066
3060,2835,3845,False,0.3380617018914066
3061,121,3845,False,0.3380617018914066
3062,602,3845,False,0.3380617018914066
3063,1862,3845,False,0.3380617018914066
3064,2919,3845,False,0.3380617018914066
3065,2987,3846,False,0.0
3066,4735,3848,True,0.9309610642296988
3067,3799,3851,False,0.5063696835418333
3068,3394,3853,False,0.0
3069,1385,3853,False,0.0
3070,4385,3854,False,0.5291502622129182
3071,284,3855,False,0.0
3072,6034,3856,False,0.0
3073,3551,3858,False,0.0
3074,5902,3859,True,0.7934920476158722
3075,2154,3860,False,0.46475800154489
3076,2960,3860,False,0.46475800154489
3077,3684,3862,False,0.4458225700602822
3078,4023,3863,True,0.9720957398783138
3079,4005,3864,True,0.9274260335029676
3080,3361,3865,True,0.9838782411673828
3081,3721,3866,False,0.3903600291794133
3082,3271,3867,False,0.0
3083,4161,3869,True,0.8340576562282991
3084,4107,3870,False,0.4236592728681617
3085,4807,3871,False,0.3423265984407288
3086,3562,3873,True,0.8728715609439696
3087,4037,3876,False,0.3616821166278091
3088,679,3877,False,0.0
3089,2890,3878,False,0.7844645405527362
3090,133,3879,False,0.0
3091,2710,3882,True,0.8583950752789522
3092,1441,3884,False,0.1215686274509803
3093,443,3885,False,0.0
3094,2748,3886,True,0.9064588689351608
3095,2967,3887,False,0.2208322282493971
3096,1162,3888,True,0.82915619758885
3097,4511,3890,False,0.0
3098,1636,3893,False,0.1557857500186287
3099,5864,3895,True,0.9722770239297166
3100,262,3896,False,0.0
3101,198,3896,False,0.0
3102,178,3897,False,0.320844473959874
3103,2759,3901,False,0.3603018792888359
3104,1372,3902,False,0.0
3105,1424,3904,True,0.9093194249637716
3106,4314,3905,True,0.9808946806279156
3107,679,3907,True,0.8257228238447705
3108,424,3908,False,0.0
3109,5483,3909,False,0.4601789933084222
3110,1862,3909,False,0.4601789933084222
3111,602,3909,False,0.4601789933084222
3112,2919,3909,False,0.4601789933084222
3113,121,3909,False,0.4601789933084222
3114,1273,3909,False,0.4601789933084222
3115,2835,3909,False,0.4601789933084222
3116,1356,3910,False,0.0
3117,4700,3910,False,0.0
3118,2297,3910,False,0.0
3119,2826,3911,False,0.1237386107770636
3120,89,3912,True,0.4387522080441732
3121,1252,3914,True,0.9757456339425102
3122,5398,3916,True,0.24439421281356
3123,734,3917,False,0.4048204523763681
3124,678,3918,True,0.4098468324129664
3125,5850,3920,True,0.8401680504168059
3126,4888,3921,False,0.1290588806126535
3127,599,3922,False,0.5590169943749475
3128,3453,3923,True,0.7156282175958394
3129,5199,3924,False,0.816496580927726
3130,1788,3927,False,0.0
3131,3781,3928,False,0.3146266024828463
3132,4506,3929,False,0.0
3133,3935,3932,False,0.0
3134,1591,3935,False,0.4909902530309828
3135,3406,3937,True,0.5617464518158892
3136,5758,3938,True,0.8164965809277259
3137,30,3939,False,0.2782433374561009
3138,4371,3941,False,0.4743416490252569
3139,9,3942,False,0.2591902914861413
3140,4091,3943,True,0.9613281951207804
3141,5289,3946,True,0.8410956309868196
3142,5671,3947,False,0.0
3143,5476,3948,False,0.0
3144,4542,3948,False,0.0
3145,4813,3948,False,0.0
3146,5139,3949,False,0.0
3147,1112,3950,False,0.0
3148,5926,3951,False,0.0
3149,2947,3952,True,0.940854577776569
3150,2047,3953,False,0.0
3151,1189,3954,False,0.5270462766947299
3152,3271,3955,False,0.0
3153,5512,3957,False,0.0
3154,2414,3959,False,0.1318760946791574
3155,3548,3963,False,0.090574708329816
3156,2322,3964,False,0.4743416490252569
3157,4137,3967,False,0.0
3158,3063,3968,True,0.1104555826106018
3159,4830,3969,True,0.9193622997402572
3160,3586,3970,True,0.5661385170722978
3161,5917,3971,False,0.0
3162,443,3973,False,0.440086229423352
3163,2615,3974,True,0.8164965809277259
3164,5429,3977,False,0.1317099910578912
3165,284,3978,False,0.0
3166,4321,3979,False,0.1244787217576317
3167,1955,3980,True,0.9332810002780988
3168,679,3982,False,0.3651483716701107
3169,4970,3984,False,0.0
3170,3414,3986,True,0.8164965809277261
3171,4794,3989,True,0.9445508916481044
3172,2968,3990,True,0.7867957924694432
3173,2312,3991,False,0.5597691428330557
3174,3240,3994,True,0.2271956378856285
3175,4161,3997,False,0.6373774391990982
3176,5229,3998,True,0.3472686132974534
3177,2960,3999,False,0.4969039949999532
3178,5259,4001,True,0.9297849880691236
3179,2333,4003,False,0.3547874375934495
3180,5301,4004,True,0.9526876077888649
3181,600,4006,True,0.468909977925528
3182,713,4007,True,0.7773419861169739
3183,3187,4008,True,0.3276344628473476
3184,2892,4010,False,0.3478327964999673
3185,2809,4012,False,0.0
3186,4848,4013,True,0.2570840956310163
3187,3004,4014,True,0.9225049233525068
3188,1839,4017,False,0.0
3189,1876,4018,False,0.1711917915207729
3190,4986,4019,False,0.0
3191,404,4023,True,0.9500619163325036
3192,3215,4024,True,0.7302967433402215
3193,368,4025,True,0.764405154670459
3194,501,4026,False,0.2782074420373286
3195,1421,4027,False,0.1418475390906605
3196,79,4028,True,0.921300583870552
3197,4655,4030,False,0.0
3198,5664,4032,False,0.1754578951571372
3199,2929,4033,True,0.5855168737932974
3200,3581,4033,False,0.0
3201,359,4035,False,0.3061862178478973
3202,1116,4039,True,0.9637313432117286
3203,4011,4041,False,0.3600411499115478
3204,614,4042,False,0.1011066890424811
3205,1197,4043,False,0.0
3206,1020,4045,True,0.9391495512958776
3207,2788,4046,True,0.9561828874675148
3208,5007,4047,False,0.4743416490252569
3209,1507,4049,False,0.0
3210,3583,4051,False,0.5597691428330557
3211,2660,4052,False,0.0
3212,4198,4053,False,0.1495915184013531
3213,4400,4054,False,0.1232082207267395
3214,3287,4055,True,0.1710098974842336
3215,1823,4058,False,0.0
3216,5771,4059,False,0.4810702354423639
3217,561,4060,False,0.7559289460184544
3218,3377,4062,False,0.0
3219,720,4064,False,0.0
3220,5249,4065,False,0.0
3221,3856,4068,False,0.9441179818603084
3222,3784,4069,False,0.1947051573211577
3223,5065,4070,False,0.3478327964999673
3224,3932,4072,True,0.1861433079229843
3225,2987,4073,False,0.0
3226,4483,4074,True,0.8660254037844386
3227,5231,4076,False,0.0
3228,2221,4078,False,0.2430325229656146
3229,338,4079,False,0.148087219439773
3230,2416,4083,True,0.8164965809277261
3231,2782,4084,True,0.7857142857142857
3232,4592,4085,False,0.0
3233,767,4087,True,0.9906104963175122
3234,762,4091,False,0.0
3235,4838,4092,False,0.0
3236,3161,4097,False,0.1928473039599675
3237,1910,4097,False,0.1928473039599675
3238,459,4101,False,0.0
3239,5349,4102,True,0.9743020685169308
3240,4901,4103,False,0.0
3241,1998,4104,False,0.1266810095993289
3242,204,4105,True,0.8583950752789522
3243,1432,4107,True,0.9309610642296988
3244,2466,4109,True,0.9490986680338496
3245,5223,4110,False,0.0
3246,740,4111,True,0.9797405296412692
3247,4986,4112,False,0.0
3248,5168,4113,True,0.946623830267315
3249,2977,4114,True,0.8728715609439696
3250,434,4117,False,0.3086066999241838
3251,1958,4120,True,0.8548504142651103
3252,603,4124,True,0.980399847025226
3253,4229,4125,False,0.2282177322938192
3254,4083,4126,False,0.3651483716701107
3255,4822,4128,True,0.9598570815214792
3256,1385,4131,True,0.8583950752789522
3257,5130,4132,True,0.760885910252682
3258,2263,4133,False,0.3023715784073817
3259,2809,4134,False,0.0
3260,4037,4136,False,0.0
3261,1290,4140,False,0.0
3262,3524,4142,False,0.0
3263,6029,4143,False,0.0
3264,1951,4148,False,0.0
3265,5340,4149,False,0.0
3266,2494,4150,True,0.7213357077339458
3267,1726,4151,False,0.0
3268,2001,4152,False,0.0
3269,819,4153,True,0.9832050975947444
3270,1446,4154,False,0.0
3271,2255,4155,False,0.0
3272,4549,4160,False,0.0
3273,2405,4161,True,0.8075728530872482
3274,601,4162,True,0.7284313590846835
3275,723,4163,False,0.0
3276,3066,4164,False,0.0
3277,5016,4164,False,0.0
3278,3271,4168,False,0.0
3279,3170,4169,True,0.8418188664026351
3280,1206,4170,False,0.0
3281,632,4171,False,0.0
3282,1711,4172,False,0.8548504142651103
3283,919,4173,False,0.0
3284,3608,4174,True,0.938952955723142
3285,765,4175,False,0.5179339514777017
3286,3671,4176,False,0.0
3287,5476,4178,False,0.3307189138830738
3288,5247,4179,False,0.0
3289,5632,4180,True,0.6390096504226939
3290,3771,4180,False,0.0
3291,5139,4181,False,0.0
3292,45,4182,False,0.8
3293,4961,4183,True,0.82915619758885
3294,2884,4184,False,0.1178010553579372
3295,702,4185,True,0.900937462695559
3296,5848,4187,False,0.0
3297,2443,4188,False,0.0
3298,4793,4189,True,0.9298092074867972
3299,4384,4190,False,0.5726371269248889
3300,2973,4193,False,0.3030457633656632
3301,5649,4195,True,0.940056985412249
3302,2415,4196,True,0.7496713736423323
3303,434,4197,False,0.2227177015936869
3304,5740,4199,True,0.9781953203399294
3305,4198,4200,True,0.5204834387696162
3306,2730,4203,False,0.4989701327891659
3307,5671,4205,False,0.3466876226407682
3308,6037,4206,True,0.9415232871392084
3309,5151,4207,True,0.824621125123532
3310,926,4209,False,0.0
3311,3454,4210,False,0.0
3312,144,4210,False,0.0
3313,5381,4211,True,0.95275250173383
3314,780,4212,False,0.0
3315,2809,4213,False,0.0
3316,827,4214,False,0.0
3317,3507,4216,True,0.5726562866782
3318,2977,4217,False,0.3432032364918221
3319,1986,4219,False,0.236227795630767
3320,5448,4220,False,0.0
3321,840,4220,False,0.0
3322,5126,4222,False,0.0
3323,4137,4223,False,0.0
3324,3710,4224,False,0.1603567451474546
3325,5422,4225,False,0.0
3326,1208,4225,False,0.0
3327,4698,4226,False,0.3651483716701107
3328,5341,4227,False,0.4626519455729921
3329,1889,4228,False,0.142322690384611
3330,3878,4229,False,0.0
3331,2872,4230,False,0.0
3332,3082,4231,False,0.0
3333,2701,4232,True,0.9495853879991898
3334,2960,4234,False,0.4845437118523489
3335,2154,4234,False,0.4845437118523489
3336,274,4235,False,0.1568003732112498
3337,1333,4236,False,0.0
3338,2689,4237,False,0.1701253340248813
3339,5119,4238,False,0.2880092164423916
3340,5048,4240,True,0.8401680504168059
3341,5114,4242,True,0.9899855695658312
3342,2878,4243,True,0.7035623639735143
3343,4682,4244,False,0.4233337566673017
3344,5223,4245,False,0.0873228053325973
3345,651,4247,False,0.4949133977324322
3346,4936,4248,True,0.9822828588381532
3347,2565,4249,True,0.6017216678143155
3348,3728,4251,True,0.8890424346177315
3349,3044,4252,True,0.965786082009043
3350,913,4253,False,0.0
3351,4922,4254,False,0.0874141904553764
3352,615,4256,False,0.0
3353,5670,4257,False,0.0
3354,4691,4260,True,0.9063269671749656
3355,5675,4264,False,0.0
3356,2469,4266,True,0.7727124614660723
3357,5431,4267,False,0.8086075400626399
3358,1646,4268,False,0.0
3359,12,4272,False,0.0
3360,757,4275,False,0.0
3361,5627,4277,False,0.0
3362,2431,4279,True,0.9393430068612836
3363,1805,4283,False,0.2886751345948128
3364,3555,4287,True,0.998297871106506
3365,2054,4290,True,0.8846517369293828
3366,2809,4291,False,0.0
3367,4711,4295,True,0.8962057951940596
3368,3741,4296,False,0.3343669275452117
3369,1876,4299,True,0.935203264753919
3370,2961,4300,True,0.9023584613732168
3371,4652,4303,False,0.4923659639173309
3372,4156,4305,False,0.2222222222222222
3373,1813,4310,False,0.0
3374,463,4311,False,0.0
3375,3424,4312,True,0.943326017571772
3376,4256,4314,False,0.2391824366174699
3377,3457,4314,False,0.2391824366174699
3378,4566,4315,False,0.1098700531147071
3379,1212,4316,True,0.985264429120572
3380,4139,4318,True,0.989405664228518
3381,1028,4319,False,0.0
3382,2530,4320,True,0.9401776076539656
3383,3749,4321,True,0.9679081684542744
3384,597,4322,False,0.0
3385,5908,4323,True,0.721299509730775
3386,4040,4324,True,0.976086011803788
3387,2155,4325,False,0.0
3388,1559,4325,False,0.0
3389,961,4325,False,0.0
3390,2536,4325,False,0.0
3391,2820,4325,False,0.0
3392,5890,4325,False,0.0
3393,3439,4325,False,0.0
3394,3770,4325,False,0.0
3395,4684,4325,False,0.0
3396,1332,4325,False,0.0
3397,4941,4325,False,0.0
3398,341,4325,False,0.0
3399,2496,4325,False,0.0
3400,4272,4325,False,0.0
3401,126,4325,False,0.0
3402,5842,4325,False,0.0
3403,5219,4325,False,0.0
3404,81,4325,False,0.0
3405,4026,4325,False,0.0
3406,2208,4325,False,0.0
3407,1604,4325,False,0.0
3408,1009,4325,False,0.0
3409,2780,4325,False,0.0
3410,399,4325,False,0.0
3411,4639,4325,False,0.0
3412,2676,4329,False,0.2981423969999719
3413,5606,4333,False,0.0
3414,4853,4335,False,0.0
3415,3763,4338,False,0.1883108942886773
3416,6050,4339,False,0.4216370213557839
3417,2755,4341,False,0.3356243110397689
3418,5733,4343,False,0.0
3419,4764,4345,False,0.1365699929860805
3420,55,4346,False,0.0
3421,2783,4347,True,0.9470092379032308
3422,5514,4348,True,0.6929807538096081
3423,5278,4349,False,0.4618802153517005
3424,5852,4351,True,0.3186635436149508
3425,696,4352,False,0.75
3426,4634,4355,False,0.3296902366978935
3427,3645,4357,False,0.0
3428,4245,4358,False,0.0
3429,5667,4361,False,0.4989701327891659
3430,3386,4362,False,0.0
3431,1548,4364,True,0.9063269671749656
3432,43,4366,False,0.0
3433,3129,4367,False,0.0
3434,1864,4368,False,0.4050957468334666
3435,472,4369,False,0.2696799449852968
3436,1455,4370,True,0.82915619758885
3437,2425,4371,False,0.0
3438,5304,4372,False,0.4605661864718383
3439,5932,4375,False,0.385694607919935
3440,71,4376,False,0.0
3441,3584,4377,False,0.2706907448483642
3442,4014,4379,False,0.0
3443,4985,4380,False,0.0
3444,758,4381,True,0.9528868557320712
3445,4254,4382,False,0.1152857439776791
3446,3192,4383,False,0.2886751345948128
3447,1875,4385,False,0.0
3448,5324,4386,True,0.9470589871011929
3449,3298,4387,False,0.8
3450,4121,4388,True,0.8340576562282991
3451,5659,4389,False,0.0
3452,876,4389,False,0.0
3453,5743,4390,True,0.8401680504168059
3454,2753,4392,False,0.1924870958045813
3455,726,4394,True,0.8889249631929516
3456,4731,4395,False,0.0
3457,1353,4396,False,0.0
3458,5612,4398,True,0.8498365855987974
3459,2809,4399,False,0.0
3460,3641,4401,False,0.2080125735844609
3461,2774,4402,False,0.7867957924694432
3462,5231,4406,True,0.8583950752789522
3463,3274,4407,False,0.38949041885226
3464,3274,4408,False,0.3796283011826483
3465,1957,4409,False,0.3268602252303067
3466,751,4411,True,0.9310038888586434
3467,4700,4413,False,0.0
3468,1356,4413,False,0.0
3469,2362,4415,False,0.3535533905932738
3470,3329,4417,False,0.0
3471,5053,4418,False,0.4536323543632774
3472,1681,4419,False,0.2046468711716401
3473,345,4420,True,0.8660254037844386
3474,3846,4421,False,0.0
3475,1410,4421,False,0.2668802563418119
3476,679,4422,False,0.0
3477,708,4424,False,0.0
3478,2831,4425,False,0.1204928152153418
3479,4208,4426,True,0.9603597367289864
3480,3423,4427,False,0.0
3481,4901,4428,False,0.0
3482,4319,4430,True,0.9445160121657912
3483,2853,4432,False,0.5128225940683707
3484,3697,4433,True,0.9809882548878844
3485,3100,4434,False,0.1162017663040386
3486,1605,4436,False,0.1469158894711434
3487,3271,4437,False,0.0
3488,358,4438,True,0.9735875102836584
3489,5631,4439,True,0.9172530729327604
3490,3138,4440,False,0.816496580927726
3491,810,4441,True,0.9575616019931676
3492,3412,4443,False,0.0
3493,5518,4444,False,0.0
3494,2877,4445,False,0.0
3495,1478,4451,True,0.9670389472355536
3496,4301,4452,False,0.0
3497,5563,4453,True,0.8818251769960882
3498,3472,4454,False,0.0
3499,2082,4455,True,0.824621125123532
3500,536,4456,False,0.7559289460184544
3501,5649,4457,False,0.0
3502,2809,4458,False,0.0
3503,5550,4459,False,0.2044652050273827
3504,4813,4461,False,0.0
3505,3846,4462,False,0.0
3506,1410,4462,False,0.2620712091804796
3507,1269,4467,False,0.4
3508,4511,4468,False,0.0
3509,4386,4469,False,0.0
3510,4107,4471,False,0.4139186771923578
3511,5000,4472,False,0.5590169943749475
3512,2006,4475,False,0.4626519455729921
3513,6030,4476,False,0.168189339764923
3514,2809,4477,False,0.0
3515,568,4478,False,0.1951219512195122
3516,3543,4479,False,0.0
3517,3106,4480,False,0.4307055216465324
3518,287,4480,False,0.4307055216465324
3519,5139,4481,False,0.0
3520,4303,4482,False,0.4276179870598789
3521,3250,4483,True,0.8897565210026093
3522,3227,4484,False,0.128277025312172
3523,1987,4486,True,0.9642777519946228
3524,4137,4487,False,0.0
3525,3598,4488,True,0.9854227123868085
3526,632,4489,False,0.0
3527,947,4491,False,0.0
3528,1646,4492,False,0.0
3529,1006,4493,True,0.4439756222396702
3530,1536,4494,True,0.9564019760042008
3531,1707,4495,False,0.114954974807131
3532,2077,4496,True,0.9888321720390642
3533,1065,4497,False,0.9173454940545928
3534,2809,4498,False,0.0
3535,2266,4500,True,0.7302967433402215
3536,2809,4503,False,0.0
3537,32,4504,False,0.2079725827019257
3538,2565,4505,False,0.0
3539,5233,4505,True,0.4871080168020649
3540,6020,4507,False,0.0976630721594622
3541,91,4508,False,0.0
3542,4782,4509,True,0.992654816528145
3543,260,4511,False,0.2065705564669233
3544,1651,4513,False,0.5084751798731266
3545,2884,4514,False,0.0
3546,1665,4514,False,0.0
3547,1329,4516,True,0.8401680504168059
3548,3754,4518,False,0.7687061147858074
3549,1859,4519,False,0.1322951372918141
3550,1010,4520,True,0.7449887315796286
3551,5204,4521,False,0.0
3552,939,4522,False,0.114550389312114
3553,1776,4525,False,0.3086066999241838
3554,620,4526,True,0.7637626158259734
3555,291,4531,False,0.2279211529192759
3556,914,4532,True,0.9889216717058396
3557,909,4533,True,0.9319509937717736
3558,379,4534,False,0.4437601569801833
3559,4409,4535,False,0.4626519455729921
3560,1224,4536,True,0.811444119112067
3561,5895,4537,True,0.9463372417752682
3562,3104,4539,True,0.8790490729915326
3563,5029,4542,False,0.2481458334927325
3564,2416,4545,False,0.8
3565,584,4546,True,0.8498365855987974
3566,476,4548,False,0.4714045207910317
3567,3869,4550,False,0.0
3568,986,4550,False,0.0
3569,2809,4551,False,0.0
3570,1029,4552,False,0.0
3571,1092,4554,False,0.0
3572,362,4555,True,0.9564019760042008
3573,1160,4558,True,0.9843928909661354
3574,470,4559,False,0.823754471047914
3575,2790,4560,False,0.0
3576,3408,4563,False,0.0
3577,4928,4565,False,0.0
3578,5735,4565,False,0.3466876226407682
3579,5789,4569,False,0.0
3580,1378,4570,False,0.1270192819533342
3581,511,4574,False,0.2613641051214193
3582,4107,4575,False,0.5547001962252291
3583,4741,4576,False,0.1302092499740936
3584,2827,4577,True,0.6706936200477749
3585,3303,4578,False,0.0
3586,563,4579,True,0.9645075492849986
3587,5380,4583,False,0.0
3588,5429,4584,True,0.9638114321747716
3589,61,4589,True,0.7431505414602935
3590,3359,4590,False,0.0
3591,4423,4590,False,0.0
3592,2,4592,True,0.9769269991551556
3593,706,4593,False,0.0
3594,5041,4594,False,0.0
3595,5042,4597,False,0.0
3596,443,4598,False,0.3618136134933163
3597,4937,4599,False,0.5128225940683707
3598,2078,4600,False,0.0
3599,1676,4601,False,0.0
3600,5129,4603,False,0.0
3601,422,4604,False,0.0
3602,1400,4605,False,0.1173124672987204
3603,660,4606,True,0.9212181376540832
3604,4787,4607,True,0.9978013897915684
3605,1623,4608,True,0.8846517369293828
3606,329,4609,False,0.3061862178478973
3607,630,4609,False,0.0
3608,1936,4610,True,0.9468179125017996
3609,1638,4612,False,0.0
3610,1605,4615,True,0.973780881966731
3611,4151,4618,False,0.3689323936863109
3612,4606,4621,True,0.8320502943378436
3613,3211,4622,False,0.0
3614,1266,4625,False,0.0
3615,2740,4626,True,0.9398809332353968
3616,3940,4627,False,0.3535533905932738
3617,360,4628,False,0.3149448894660933
3618,772,4630,True,0.9338657017837396
3619,1158,4631,True,0.8897565210026093
3620,2067,4632,False,0.175523843354939
3621,853,4633,True,0.8921885461995415
3622,5221,4636,False,0.0
3623,4499,4637,False,0.0
3624,4190,4637,False,0.0
3625,3848,4637,False,0.0
3626,3526,4637,False,0.0
3627,2443,4637,False,0.0
3628,2290,4637,False,0.0
3629,3472,4641,True,0.8660254037844386
3630,4921,4642,False,0.0951249335167361
3631,1985,4645,True,0.769990503509018
3632,3920,4648,False,0.0
3633,5938,4652,False,0.0
3634,4511,4653,False,0.0
3635,2809,4655,False,0.0
3636,2939,4656,False,0.0
3637,4542,4657,True,0.8164965809277259
3638,35,4658,False,0.0
3639,1490,4659,False,0.4216370213557839
3640,1805,4660,False,0.0
3641,962,4661,True,0.8498365855987974
3642,4778,4663,False,0.0
3643,3880,4664,True,0.9891143065209906
3644,1377,4666,False,0.0
3645,3282,4668,False,0.0
3646,4811,4669,False,0.2026102246182769
3647,2072,4671,True,0.8768366149177428
3648,554,4672,True,0.9479832918323056
3649,3880,4678,False,0.1103351925662267
3650,4452,4679,False,0.4200840252084029
3651,5163,4684,True,0.6781217753817127
3652,501,4685,False,0.0
3653,4655,4686,False,0.1549408549060997
3654,4105,4688,False,0.2752409412815901
3655,4157,4689,False,0.0937652625153636
3656,3036,4692,True,0.8728715609439696
3657,4463,4694,True,0.9891267660179676
3658,4634,4697,False,0.2760262237369417
3659,3499,4699,True,0.9474070604960746
3660,4355,4702,False,0.0
3661,3753,4703,False,0.0
3662,4579,4704,False,0.0
3663,2809,4705,False,0.0
3664,5119,4706,False,0.0
3665,3324,4706,False,0.0
3666,3799,4708,False,0.0
3667,3483,4710,False,0.0
3668,3531,4713,True,0.6847229482814453
3669,949,4714,False,0.0
3670,448,4714,False,0.0
3671,4326,4716,True,0.9699054656912962
3672,3397,4717,False,0.0
3673,5515,4718,False,0.9639506538510306
3674,1972,4719,False,0.4458225700602822
3675,5653,4720,False,0.0
3676,2047,4722,False,0.2901294265928297
3677,2355,4723,True,0.8164965809277261
3678,5391,4725,False,0.0
3679,3887,4728,False,0.1030204229615167
3680,3455,4729,False,0.7237468644557459
3681,5569,4731,False,0.0
3682,587,4732,True,0.943326017571772
3683,359,4734,False,0.3922322702763681
3684,5789,4735,False,0.0
3685,1962,4738,False,0.0
3686,3970,4743,False,0.0
3687,2685,4744,False,0.1438973029838783
3688,5166,4746,True,0.9722439962147564
3689,4523,4747,True,0.988949695262924
3690,1916,4748,False,0.0
3691,4109,4749,False,0.0
3692,1580,4752,False,0.7416198487095663
3693,3761,4753,True,0.980736638218561
3694,3661,4754,False,0.0
3695,2075,4755,False,0.1818651571921262
3696,1555,4759,False,0.0
3697,1727,4761,True,0.8583950752789522
3698,1821,4763,False,0.1604773496382371
3699,926,4766,False,0.3478327964999673
3700,1711,4767,False,0.2654971220267957
3701,604,4768,False,0.0
3702,3256,4771,False,0.1214913478461574
3703,4614,4772,False,0.4160251471689218
3704,5021,4773,False,0.4618802153517005
3705,3129,4774,False,0.12072654548783
3706,3081,4775,False,0.0
3707,862,4776,False,0.4364357804719848
3708,1155,4779,False,0.1927850770847519
3709,2494,4780,False,0.2095290887308734
3710,5454,4781,False,0.0
3711,4247,4781,False,0.0
3712,568,4781,False,0.0
3713,106,4782,False,0.0
3714,4585,4783,True,0.976548188084714
3715,4540,4784,False,0.5590169943749475
3716,2026,4785,False,0.1522773975253762
3717,3477,4789,False,0.4107919181288745
3718,5759,4791,True,0.9773482735517648
3719,1325,4792,True,0.913341177093664
3720,5380,4793,False,0.4499770425732575
3721,1601,4793,False,0.4499770425732575
3722,4457,4794,False,0.1137886787593228
3723,5898,4796,True,0.1858585858585858
3724,2257,4797,True,0.2178143559853527
3725,1025,4800,True,0.7302967433402215
3726,3430,4801,True,0.9631297277295048
3727,1982,4802,False,0.0
3728,1422,4803,False,0.0
3729,1331,4804,True,0.7302967433402215
3730,1792,4806,False,0.6200655251253673
3731,2421,4807,False,0.1095288656377097
3732,4511,4809,False,0.3086066999241838
3733,2809,4811,False,0.0
3734,1614,4814,False,0.5201040312104036
3735,2642,4817,False,0.610170215847752
3736,3859,4822,True,0.9869272290445068
3737,862,4824,False,0.4717281765248632
3738,1289,4825,True,0.92749351233751
3739,5513,4828,False,0.0
3740,2691,4830,True,0.9603597367289864
3741,3153,4832,True,0.9683856185771896
3742,1909,4834,False,0.1579982681343017
3743,4049,4838,False,0.0
3744,4629,4840,False,0.1127270297244572
3745,4213,4841,False,0.0
3746,2603,4842,True,0.8944271909999159
3747,5875,4843,True,0.5051814855409226
3748,3037,4844,False,0.4029114820126901
3749,4276,4850,False,0.6416593585453175
3750,1762,4851,True,0.951932945074865
3751,1135,4853,True,0.163195201026618
3752,3845,4854,False,0.0
3753,3216,4854,False,0.0
3754,4807,4855,False,0.2390457218668787
3755,3309,4857,False,0.7801894976054939
3756,817,4858,False,0.4067446084099803
3757,1870,4860,True,0.975239859473122
3758,1473,4861,False,0.0
3759,5704,4862,False,0.2229978693352242
3760,2252,4864,True,0.8660254037844386
3761,3192,4865,False,0.0
3762,3741,4866,False,0.2400076803686596
3763,4991,4868,True,0.2245405828099402
3764,5675,4869,False,0.0
3765,1759,4870,False,0.1414213562373095
3766,91,4871,False,0.0
3767,2424,4872,True,0.98856391874438
3768,691,4874,True,0.754019227735464
3769,5170,4876,False,0.473049916791266
3770,3472,4877,False,0.3464101615137754
3771,2831,4877,False,0.3464101615137754
3772,174,4881,False,0.5404528189332539
3773,2809,4882,False,0.0
3774,4567,4883,False,0.282842712474619
3775,5294,4884,True,0.9258200997725514
3776,1991,4886,False,0.2420910130675209
3777,2212,4888,True,0.4330127018922193
3778,2997,4889,False,0.3354101966249684
3779,3663,4892,False,0.1758966986236734
3780,1290,4894,False,0.0
3781,5394,4895,False,0.0
3782,652,4896,False,0.0
3783,5050,4897,True,0.8606629658238705
3784,3253,4898,False,0.2849014411490949
3785,5102,4899,False,0.0
3786,1580,4902,True,0.760885910252682
3787,5727,4903,False,0.1587768372074889
3788,2507,4907,True,0.9385578520972678
3789,175,4910,False,0.0
3790,4839,4911,True,0.8614609845078961
3791,4198,4912,False,0.3580574370197164
3792,4555,4913,True,0.3730019232961255
3793,4783,4916,True,0.9114938896093095
3794,680,4918,False,0.0
3795,3382,4922,False,0.5590169943749475
3796,1361,4925,False,0.3614784456460256
3797,1155,4926,False,0.1396860591539156
3798,402,4927,False,0.273009453115974
3799,5084,4928,False,0.4082482904638631
3800,6048,4928,False,0.4082482904638631
3801,1777,4929,True,0.9670399191099506
3802,3821,4934,True,0.8728715609439696
3803,5329,4935,True,0.3429622685123213
3804,2809,4937,False,0.0
3805,1838,4938,True,0.7745966692414834
3806,3965,4939,True,0.769990503509018
3807,514,4940,True,0.8728715609439696
3808,1462,4941,True,0.4110790715598024
3809,4700,4942,False,0.0
3810,5843,4944,True,0.7449887315796286
3811,5676,4949,True,0.9109372399069946
3812,5735,4950,False,0.3608439182435161
3813,3505,4953,False,0.0
3814,3699,4954,True,0.9227469795692064
3815,2260,4955,True,0.9436123349228348
3816,4935,4959,False,0.3038218101251
3817,1111,4961,False,0.0
3818,2809,4964,False,0.0
3819,14,4965,True,0.9729095550069746
3820,5020,4967,True,0.2612940538173359
3821,3296,4968,True,0.8862444671201526
3822,4332,4969,False,0.4591311291213252
3823,2348,4970,False,0.0
3824,3645,4972,False,0.0
3825,5991,4973,True,0.9452855981681876
3826,1074,4974,True,0.9911850014507764
3827,5156,4975,True,0.986403328763698
3828,2892,4978,True,0.8257228238447705
3829,1425,4979,True,0.9737119480721504
3830,5587,4981,True,0.8583950752789522
3831,1387,4986,True,0.9412207643723192
3832,2816,4994,False,0.0
3833,3602,4995,False,0.0
3834,2527,4996,False,0.2948839123097942
3835,1670,4997,False,0.0
3836,644,4998,False,0.3554093266554554
3837,3244,4998,False,0.0
3838,2946,4999,True,0.952869351885156
3839,1667,5000,False,0.1225114064350462
3840,723,5001,False,0.3900947488027469
3841,384,5002,True,0.8498365855987974
3842,5076,5003,False,0.4605661864718383
3843,3573,5004,True,0.919917718158913
3844,1533,5005,False,0.0
3845,2495,5006,True,0.9163566134967728
3846,3395,5010,False,0.0
3847,168,5013,False,0.4236592728681617
3848,1103,5013,False,0.4236592728681617
3849,5238,5014,False,0.0
3850,3690,5015,False,0.4045199174779452
3851,4046,5016,True,0.9564372350263484
3852,1587,5017,False,0.1396837014440228
3853,2287,5019,False,0.147177770391409
3854,4371,5020,False,0.816496580927726
3855,1309,5021,False,0.2359732760770792
3856,4262,5022,False,0.2606430175713434
3857,1922,5024,False,0.4954150840221494
3858,1827,5024,False,0.4954150840221494
3859,3458,5025,True,0.167789013803506
3860,714,5027,False,0.1150963040714835
3861,4134,5028,True,0.9426419944590776
3862,4715,5029,True,0.9389332654934656
3863,4063,5031,False,0.1731892959935049
3864,2809,5032,False,0.0
3865,2809,5033,False,0.0
3866,4529,5034,True,0.938952955723142
3867,3871,5035,False,0.3267320196065356
3868,5207,5036,True,0.9788688364840924
3869,1848,5041,False,0.3726779962499649
3870,76,5044,True,0.9079770969057632
3871,5958,5050,True,0.8477073063820015
3872,2122,5051,True,0.8583950752789522
3873,2832,5053,True,0.3979213718142555
3874,4516,5054,True,0.9360754037636494
3875,985,5055,False,0.2317931624863826
3876,3021,5056,True,0.9174592972282448
3877,469,5057,False,0.0
3878,1416,5060,False,0.1089671253247697
3879,3169,5061,True,0.940854577776569
3880,5694,5064,False,0.0
3881,2923,5066,False,0.0
3882,3456,5067,False,0.2635231383473649
3883,796,5068,False,0.4626519455729921
3884,615,5069,False,0.2760262237369417
3885,5016,5071,False,0.320844473959874
3886,2653,5072,True,0.9900948171684054
3887,4901,5076,False,0.0
3888,3972,5077,False,0.0
3889,1164,5078,False,0.0
3890,5195,5079,False,0.0
3891,5021,5080,False,0.4082482904638631
3892,1824,5081,True,0.9627394313008574
3893,4048,5082,False,0.2727723627949905
3894,555,5083,True,0.7977240352174656
3895,1026,5084,False,0.7316523582945716
3896,3483,5085,False,0.2461829819586654
3897,3979,5086,True,0.9712773782577392
3898,2308,5087,True,0.7947194142390263
3899,1805,5088,False,0.0
3900,2445,5089,False,0.2439750182371333
3901,923,5091,False,0.0
3902,3045,5092,False,0.4830458915396479
3903,4459,5093,True,0.9381575971002656
3904,1468,5096,True,0.920558565890582
3905,93,5097,True,0.4549814130855998
3906,140,5098,False,0.4458225700602822
3907,2130,5100,True,0.9647708452221112
3908,4589,5101,False,0.0
3909,1414,5102,True,0.5976143046671968
3910,706,5103,False,0.3380617018914066
3911,152,5107,False,0.5103103630798288
3912,1466,5108,True,0.9277002448790636
3913,1133,5111,True,0.8498365855987974
3914,2728,5112,False,0.0
3915,1115,5112,False,0.0
3916,2293,5112,False,0.0
3917,4001,5112,False,0.0
3918,16,5113,True,0.933436227864208
3919,1578,5114,False,0.7687061147858074
3920,191,5115,True,0.4010409099284274
3921,2281,5117,True,0.935059849750809
3922,3194,5119,False,0.0
3923,3271,5120,False,0.0
3924,2265,5127,True,0.7867957924694432
3925,2886,5132,False,0.0
3926,4425,5133,False,0.2750095491084634
3927,4268,5135,False,0.6200655251253673
3928,4480,5136,False,0.0
3929,5745,5139,False,0.1969596492895838
3930,2473,5140,False,0.1127285340326119
3931,381,5142,False,0.300964632714423
3932,1044,5144,False,0.4714045207910317
3933,293,5148,True,0.9446476457218128
3934,745,5149,False,0.1055829401747113
3935,5476,5150,False,0.0
3936,4542,5150,False,0.0
3937,2809,5151,False,0.0
3938,2258,5152,False,0.816496580927726
3939,1358,5153,True,0.314970394174356
3940,5643,5153,False,0.0
3941,5782,5154,False,0.0
3942,1380,5156,True,0.8897565210026093
3943,4844,5158,False,0.3142696805273544
3944,1860,5158,False,0.3142696805273544
3945,3549,5160,False,0.2321035412742637
3946,4752,5162,False,0.2924876985916923
3947,1807,5165,False,0.3501504876259268
3948,4756,5166,False,0.0
3949,111,5167,True,0.8846517369293828
3950,3945,5169,False,0.3469889591797441
3951,2672,5170,False,0.0
3952,5518,5171,False,0.0
3953,5994,5172,False,0.0
3954,696,5173,False,0.0
3955,291,5175,False,0.0
3956,5994,5176,True,0.7213357077339458
3957,5667,5177,False,0.5897678246195885
3958,4840,5178,False,0.0
3959,3103,5180,False,0.0896469876881296
3960,496,5182,True,0.9404837969098884
3961,2809,5185,False,0.0
3962,1584,5186,True,0.9452855981681876
3963,4053,5188,False,0.0
3964,4300,5189,True,0.9715291617614656
3965,1084,5191,True,0.9426412356052114
3966,453,5193,True,0.9598570815214792
3967,5953,5194,True,0.2991605612712316
3968,1668,5195,False,0.3708385395436481
3969,5141,5197,False,0.0
3970,4292,5198,False,0.0
3971,3271,5200,False,0.0
3972,3731,5202,False,0.0
3973,1166,5203,True,0.9581094416255994
3974,4841,5204,False,0.3026137663344012
3975,1864,5205,False,0.4050957468334666
3976,5146,5206,True,0.9429687660300132
3977,1962,5208,False,0.0
3978,2638,5209,False,0.5521576303742327
3979,4561,5212,False,0.2916059217599021
3980,4470,5213,True,0.9654717025937936
3981,4791,5214,True,0.328153132502954
3982,4955,5216,False,0.5335783750799326
3983,4864,5217,False,0.0
3984,195,5218,False,0.0
3985,4542,5219,False,0.3600411499115478
3986,4986,5221,False,0.0
3987,1448,5224,True,0.978038698653266
3988,5643,5226,False,0.7385489458759964
3989,4579,5228,True,0.3262901761575371
3990,5691,5229,True,0.8660254037844386
3991,5780,5230,False,0.0
3992,5410,5231,True,0.9464862333673096
3993,4734,5232,True,0.9808402104309984
3994,1908,5234,False,0.4409585518440984
3995,1001,5235,True,0.3247386778680433
3996,2285,5236,True,0.9895225013898756
3997,231,5237,False,0.6682589806563468
3998,2224,5241,False,0.8086075400626399
3999,2889,5244,False,0.4564354645876384
4000,1005,5245,False,0.0
4001,5476,5248,False,0.2791452631195412
4002,4542,5248,False,0.2791452631195412
4003,1841,5249,True,0.9385578520972678
4004,5634,5253,True,0.9736607495902524
4005,4198,5254,False,0.4117660525726739
4006,5810,5256,True,0.9542487565071984
4007,5223,5257,False,0.0927579572348244
4008,947,5258,False,0.5547001962252291
4009,286,5261,True,0.9168033797277152
4010,1578,5263,False,0.0
4011,2163,5265,False,0.2939723678960656
4012,2660,5268,False,0.0
4013,3028,5269,False,0.7801894976054939
4014,2801,5270,False,0.1928473039599675
4015,4961,5270,False,0.1928473039599675
4016,217,5270,False,0.1928473039599675
4017,475,5271,True,0.9242585327847308
4018,4682,5272,False,0.4376881095324085
4019,2654,5273,True,0.9324353793572592
4020,2034,5275,True,0.9188943227138742
4021,5971,5276,True,0.8320502943378436
4022,4986,5277,False,0.0
4023,1967,5278,False,0.0
4024,160,5279,False,0.0
4025,4082,5280,True,0.9490986680338496
4026,2741,5281,True,0.9854317219601028
4027,970,5283,False,0.0
4028,4761,5286,True,0.806225774829855
4029,3907,5287,False,0.5521576303742327
4030,2013,5289,True,0.669438681395203
4031,2176,5290,False,0.0
4032,2249,5292,True,0.4885881819614004
4033,5661,5293,True,0.9258200997725514
4034,5414,5294,True,0.8583950752789522
4035,5739,5296,False,0.0
4036,4893,5296,False,0.3649002245998808
4037,4972,5297,False,0.5134360308102702
4038,1090,5298,True,0.9270649682799178
4039,2074,5299,True,0.8075728530872482
4040,5665,5300,False,0.0
4041,1567,5301,True,0.8254888281011142
4042,1458,5303,True,0.3289758474798845
4043,2337,5305,True,0.98583568247389
4044,2069,5307,True,0.9279261168243048
4045,2629,5309,False,0.0
4046,1809,5311,True,0.9380831519646858
4047,1517,5312,False,0.7844645405527362
4048,443,5313,False,0.4045199174779452
4049,4861,5314,False,0.0
4050,4803,5315,False,0.0
4051,935,5316,False,0.0
4052,3667,5317,False,0.5393193716300061
4053,1805,5318,False,0.4691574316284183
4054,4986,5319,False,0.0
4055,5647,5320,False,0.3151043956244406
4056,2689,5321,False,0.3233905502079504
4057,1568,5325,True,0.9814107336887884
4058,5938,5327,False,0.0
4059,3996,5328,False,0.2672612419124244
4060,741,5330,True,0.9380163976214496
4061,470,5331,True,0.8388704928078611
4062,521,5333,True,0.8790490729915326
4063,1210,5334,False,0.3962969619506085
4064,5632,5336,False,0.1179535649239177
4065,4440,5336,False,0.1179535649239177
4066,985,5337,False,0.6069769786668839
4067,2279,5338,True,0.9598679622144098
4068,3116,5339,False,0.1157339933704957
4069,4500,5340,True,0.769990503509018
4070,562,5341,False,0.3098386676965933
4071,1756,5342,True,0.9823974175160344
4072,866,5343,False,0.3450648742510029
4073,1856,5344,False,0.0
4074,3271,5346,False,0.3560258220479411
4075,2004,5348,True,0.942254186379788
4076,2737,5352,False,0.3000964548153038
4077,4262,5354,False,0.0
4078,195,5355,True,0.6574382586514257
4079,5539,5357,False,0.0
4080,5069,5358,False,0.5029556907695452
4081,2676,5359,False,0.4969039949999532
4082,5382,5361,False,0.0
4083,3156,5362,True,0.9755584089059404
4084,4473,5363,False,0.0
4085,3333,5365,True,0.8728715609439696
4086,3730,5366,False,0.385694607919935
4087,4024,5367,True,0.9391815389105882
4088,1946,5368,False,0.2189163407985737
4089,5268,5369,False,0.7098895364666769
4090,3571,5370,True,0.9372165759169508
4091,722,5372,True,0.8846517369293828
4092,4772,5374,True,0.9762732740353458
4093,663,5375,True,0.950272279498646
4094,5459,5376,True,0.9772420862398294
4095,2884,5379,False,0.0
4096,1665,5379,False,0.0
4097,91,5381,False,0.0
4098,502,5382,True,0.2697284295260738
4099,2809,5383,False,0.0
4100,4425,5384,False,0.5345224838248488
4101,5223,5387,False,0.0776532489570844
4102,2238,5388,False,0.0
4103,1055,5390,True,0.9861001301626188
4104,3252,5392,False,0.1249530842248363
4105,2321,5393,True,0.9760614418237732
4106,1521,5394,True,0.7745966692414834
4107,706,5395,False,0.4307055216465324
4108,795,5396,True,0.9325793460133628
4109,4178,5398,False,0.0
4110,4440,5399,False,0.0
4111,2919,5404,False,0.4743416490252569
4112,5483,5404,False,0.4743416490252569
4113,121,5404,False,0.4743416490252569
4114,1273,5404,False,0.4743416490252569
4115,2835,5404,False,0.4743416490252569
4116,1862,5404,False,0.4743416490252569
4117,602,5404,False,0.4743416490252569
4118,2149,5405,True,0.984937321202842
4119,5255,5406,False,0.0
4120,1678,5407,True,0.8164965809277259
4121,2592,5408,False,0.7687061147858074
4122,4559,5409,True,0.7975116580467629
4123,6028,5410,False,0.3417042667511359
4124,5789,5412,False,0.0
4125,2568,5413,True,0.817874635209406
4126,4362,5414,True,0.8660254037844386
4127,255,5422,True,0.9301725127622378
4128,647,5423,True,0.8846517369293828
4129,5138,5424,False,0.0
4130,1824,5425,False,0.1017503564982038
4131,2181,5428,True,0.9805602881525568
4132,1007,5430,False,0.1678192542315796
4133,3003,5431,False,0.0
4134,1331,5431,False,0.0
4135,1551,5435,False,0.0
4136,3221,5439,True,0.2392052452225489
4137,2036,5440,False,0.1278610033967071
4138,650,5441,True,0.9611700859417748
4139,4682,5442,False,0.4303314829119352
4140,5384,5443,False,0.7801894976054939
4141,2868,5444,True,0.9274632541369467
4142,5137,5445,False,0.0
4143,2376,5446,True,0.9648363026488436
4144,5511,5449,True,0.9838297578830316
4145,1340,5450,True,0.7867957924694432
4146,5199,5451,False,0.0
4147,3036,5453,False,0.0
4148,5025,5454,True,0.4461951811180658
4149,2429,5456,True,0.9851955362245184
4150,2853,5457,False,0.4193139346887673
4151,820,5457,False,0.4193139346887673
4152,4509,5458,True,0.6424160744396211
4153,4388,5460,True,0.8498365855987974
4154,4665,5461,False,0.3233808333817773
4155,3068,5462,False,0.1036638373143176
4156,1614,5463,True,0.7097208632298361
4157,5362,5464,True,0.9373412243768344
4158,5128,5465,False,0.0
4159,3413,5466,False,0.0
4160,4214,5467,False,0.0
4161,91,5468,False,0.0
4162,77,5469,False,0.1507556722888818
4163,2809,5470,False,0.0
4164,3550,5472,False,0.0
4165,2801,5474,False,0.25712973861329
4166,4961,5474,False,0.0
4167,217,5474,False,0.0
4168,1402,5475,True,0.9216294926156532
4169,5204,5476,False,0.0
4170,1867,5478,True,0.9340518348510852
4171,4316,5482,False,0.0
4172,1992,5483,True,0.9372145518269188
4173,9,5484,False,0.1584914181382342
4174,445,5485,True,0.8302780872259965
4175,4792,5487,False,0.0
4176,4512,5489,False,0.2022886949696694
4177,3897,5489,False,0.2022886949696694
4178,2917,5491,False,0.1256188359326843
4179,2809,5492,False,0.0
4180,4008,5493,True,0.82915619758885
4181,5675,5495,False,0.2891574659831201
4182,2788,5496,False,0.50709255283711
4183,5118,5497,True,0.529697556768546
4184,1396,5498,False,0.0
4185,5996,5502,False,0.4107919181288745
4186,5671,5503,False,0.3686048903872428
4187,3413,5504,False,0.2830692585361489
4188,429,5508,True,0.8790490729915326
4189,5932,5509,False,0.0
4190,284,5512,False,0.0
4191,564,5513,False,0.1095884600052925
4192,3328,5514,False,0.0
4193,2583,5515,False,0.1696678830889819
4194,3180,5516,True,0.9098190557107224
4195,543,5517,False,0.0
4196,3210,5521,False,0.1143161485450844
4197,3351,5523,False,0.0
4198,4604,5525,False,0.0
4199,81,5529,False,0.2925089696508522
4200,537,5530,False,0.4178145108983667
4201,2154,5532,False,0.0
4202,2960,5532,False,0.0
4203,801,5533,False,0.5
4204,5667,5535,False,0.5773502691896257
4205,2151,5536,True,0.9639487017514684
4206,5418,5538,False,0.0
4207,771,5539,False,0.1377056581888109
4208,4917,5542,False,0.0990388308340227
4209,2662,5543,False,0.0
4210,5539,5546,False,0.3464101615137754
4211,8,5547,False,0.1745449793628809
4212,4194,5548,True,0.940854577776569
4213,5297,5550,False,0.1590711907439444
4214,1839,5550,False,0.0
4215,3523,5551,False,0.924586764139978
4216,4291,5553,False,0.4529108136578382
4217,716,5553,False,0.4529108136578382
4218,3704,5554,False,0.0
4219,1607,5556,True,0.9073310352541248
4220,4421,5558,True,0.7302967433402215
4221,1727,5559,False,0.7977240352174656
4222,1277,5560,True,0.948387988067312
4223,166,5561,True,0.1432361666672007
4224,4303,5567,False,0.4364357804719848
4225,3047,5568,False,0.1305474804553908
4226,869,5570,False,0.0
4227,218,5571,False,0.5345224838248488
4228,3233,5573,True,0.940360044509161
4229,5178,5574,True,0.967952815605006
4230,2483,5576,False,0.0
4231,4747,5577,True,0.9777909668355372
4232,4769,5578,False,0.5597691428330557
4233,1391,5579,True,0.8583950752789522
4234,4807,5580,False,0.177122977108019
4235,4492,5581,True,0.1367389583265832
4236,4409,5586,False,0.4626519455729921
4237,739,5587,False,0.0
4238,5566,5591,False,0.5270462766947299
4239,4532,5592,True,0.9416364972372794
4240,2809,5593,False,0.0
4241,4066,5596,False,0.0
4242,4142,5597,False,0.1809068067466581
4243,723,5598,False,0.3988620176087328
4244,773,5602,False,0.45573271518765
4245,132,5607,False,0.5590169943749475
4246,5117,5608,False,0.2907570834635912
4247,432,5609,True,0.9128709291752768
4248,3705,5610,False,0.0
4249,5107,5611,False,0.7905694150420948
4250,3483,5612,False,0.0
4251,1168,5613,True,0.8583950752789522
4252,5052,5615,False,0.0
4253,5040,5618,True,0.183278795306492
4254,3665,5624,True,0.8724791074090901
4255,3984,5625,True,0.835560193306873
4256,3615,5627,True,0.9907333348767108
4257,1676,5631,False,0.231325972786496
4258,5660,5635,False,0.0
4259,2623,5636,False,0.0
4260,536,5638,False,0.0
4261,3641,5639,False,0.0
4262,2905,5640,False,0.2581988897471611
4263,454,5641,True,0.8992518257717613
4264,394,5642,False,0.0
4265,436,5642,False,0.0
4266,5031,5643,False,0.5597691428330557
4267,3076,5644,True,0.9279135854416856
4268,5032,5645,False,0.0
4269,1950,5646,True,0.9683552676360856
4270,1612,5648,False,0.1384799154606884
4271,5337,5650,True,0.7844645405527362
4272,814,5651,False,0.0
4273,97,5652,True,0.8790490729915326
4274,2609,5654,False,0.4455663943395034
4275,2386,5656,False,0.0
4276,402,5658,False,0.318511028635303
4277,5733,5659,True,0.3172980235535292
4278,1810,5660,True,0.9779932606517022
4279,5657,5661,False,0.282842712474619
4280,5464,5662,False,0.4455663943395034
4281,2794,5663,True,0.9343512925985016
4282,2813,5664,True,0.4398241055296492
4283,3271,5666,False,0.0
4284,4276,5669,False,0.0
4285,4384,5670,True,0.8597082645141373
4286,5129,5671,False,0.0
4287,584,5672,False,0.0
4288,422,5674,False,0.0
4289,5005,5679,False,0.0
4290,1627,5682,False,0.4642383454426297
4291,1517,5683,True,0.8340576562282991
4292,1898,5684,False,0.3563483225498992
4293,2809,5685,False,0.0
4294,2440,5686,True,0.8063242090863514
4295,2028,5687,True,0.9881716721240884
4296,4040,5689,False,0.1038337330731317
4297,1442,5691,False,0.4850712500726659
4298,6025,5693,True,0.9588216266329084
4299,4795,5694,True,0.9212502497232042
4300,4942,5695,False,0.4743416490252569
4301,943,5699,False,0.5590169943749475
4302,1551,5702,False,0.0
4303,4262,5703,False,0.0
4304,140,5704,False,0.0
4305,5932,5705,False,0.0
4306,1768,5706,False,0.0
4307,2085,5707,False,0.7745966692414834
4308,4377,5708,True,0.8378630582809519
4309,4293,5709,False,0.5613413993878117
4310,1310,5710,True,0.8676485506839852
4311,5595,5712,False,0.0
4312,2973,5713,False,0.3668996928526714
4313,1039,5714,False,0.0
4314,5480,5716,False,0.4850712500726659
4315,2827,5717,False,0.0
4316,1309,5717,False,0.0
4317,1687,5719,True,0.7947194142390263
4318,2123,5721,False,0.0
4319,5919,5722,False,0.4810702354423639
4320,4857,5723,True,0.8337521716117289
4321,3056,5724,False,0.3668996928526714
4322,2404,5726,True,0.9267421985112982
4323,1569,5727,False,0.0
4324,4025,5728,False,0.0
4325,4800,5731,True,0.7727124614660723
4326,986,5732,False,0.7687061147858074
4327,1874,5733,False,0.4214636152117623
4328,846,5735,True,0.9759300121561012
4329,3009,5736,True,0.8428256222883822
4330,2729,5737,True,0.8498365855987974
4331,1713,5740,False,0.4472135954999579
4332,5137,5741,False,0.0
4333,2584,5742,True,0.7867957924694432
4334,1163,5744,True,0.9381575971002656
4335,451,5746,False,0.0
4336,2698,5747,False,0.0
4337,897,5750,False,0.0
4338,5140,5751,True,0.8870318923668612
4339,4689,5752,True,0.5443310539518174
4340,4986,5753,False,0.0
4341,5953,5753,False,0.0
4342,318,5755,False,0.2461829819586654
4343,5491,5756,False,0.188213061615602
4344,4512,5757,False,0.2022886949696694
4345,3897,5757,False,0.2022886949696694
4346,5263,5759,True,0.3469889591797441
4347,1226,5760,False,0.4139186771923578
4348,542,5761,False,0.0
4349,4935,5762,False,0.0
4350,4637,5764,False,0.0
4351,783,5765,False,0.422115882408869
4352,2884,5766,False,0.0
4353,1665,5766,False,0.0
4354,2616,5767,False,0.0
4355,3271,5769,False,0.0
4356,2596,5770,False,0.0
4357,3295,5771,False,0.0
4358,27,5772,False,0.0
4359,5653,5772,False,0.0
4360,4281,5773,False,0.0
4361,215,5775,True,0.9368410655569536
4362,762,5777,False,0.1204943996360105
4363,1240,5778,False,0.1921514718017346
4364,5139,5779,False,0.4114755998989117
4365,3106,5781,False,0.2531848417709166
4366,4986,5782,False,0.0
4367,3166,5784,True,0.8401680504168059
4368,538,5785,True,0.9777631233527888
4369,700,5788,True,0.6971363215204786
4370,4357,5789,False,0.8164965809277259
4371,5930,5790,False,0.5
4372,4137,5791,False,0.0
4373,3793,5792,True,0.6017216678143155
4374,5987,5793,False,0.2268046058132572
4375,5656,5794,False,0.1176194379708468
4376,5499,5796,False,0.1795256913476156
4377,2809,5797,False,0.0
4378,4054,5798,False,0.8094272134003795
4379,3970,5799,False,0.214373231428136
4380,1151,5803,True,0.8583950752789522
4381,2884,5805,False,0.0
4382,1665,5805,False,0.0
4383,4859,5806,True,0.7673643458069226
4384,2460,5807,False,0.0
4385,4269,5809,False,0.0
4386,5021,5812,False,0.4364357804719848
4387,2547,5815,True,0.8302780872259965
4388,3549,5818,False,0.2514778453847726
4389,91,5819,False,0.25712973861329
4390,1718,5821,True,0.7745966692414834
4391,3540,5824,True,0.4717281765248632
4392,4741,5825,True,0.9982862026822537
4393,5638,5827,True,0.303523046838639
4394,5419,5828,True,0.9212181376540832
4395,1940,5829,False,0.0
4396,5922,5831,True,0.9024539195566036
4397,3506,5832,True,0.8498365855987974
4398,4682,5834,False,0.0
4399,5129,5835,False,0.0
4400,4213,5836,False,0.1200720648648681
4401,4813,5837,False,0.5143444998736397
4402,840,5838,False,0.4853626716970755
4403,1103,5839,True,0.7518094115561123
4404,2824,5841,True,0.9294614591318988
4405,3271,5842,False,0.0
4406,768,5843,False,0.0
4407,1240,5844,False,0.1939107430224618
4408,5775,5846,False,0.1142413319893128
4409,5371,5850,True,0.9893342968527872
4410,3760,5852,True,0.9534595035212626
4411,2221,5853,True,0.721299509730775
4412,1199,5854,True,0.9249562448344926
4413,1109,5855,False,0.0
4414,2795,5858,True,0.8660254037844386
4415,5597,5861,False,0.0
4416,4659,5862,False,0.5248906591678238
4417,2330,5863,True,0.9309610642296988
4418,3579,5868,True,0.943326017571772
4419,1256,5869,True,0.9063269671749656
4420,576,5870,False,0.0
4421,125,5872,False,0.0
4422,5445,5874,False,0.6735753140545634
4423,2483,5877,False,0.46475800154489
4424,5012,5879,False,0.110027347473149
4425,4721,5880,False,0.426014322842305
4426,679,5881,False,0.0
4427,2783,5882,False,0.2066459124557176
4428,1021,5883,True,0.8410956309868196
4429,1092,5886,False,0.0
4430,971,5889,True,0.2434538290274742
4431,5196,5893,False,0.2514778453847726
4432,5707,5894,False,0.2571722499368198
4433,5945,5896,False,0.0
4434,3839,5896,False,0.0
4435,2218,5896,False,0.0
4436,5757,5896,False,0.0
4437,5154,5896,False,0.0
4438,1783,5896,False,0.0
4439,1266,5897,False,0.1767715604234415
4440,4768,5898,False,0.0
4441,5008,5899,True,0.90267093384844
4442,5483,5900,False,0.4601789933084222
4443,1862,5900,False,0.4601789933084222
4444,602,5900,False,0.4601789933084222
4445,2919,5900,False,0.4601789933084222
4446,121,5900,False,0.4601789933084222
4447,1273,5900,False,0.4601789933084222
4448,2835,5900,False,0.4601789933084222
4449,2008,5901,False,0.0
4450,3324,5902,True,0.6030226891555273
4451,3651,5902,False,0.0
4452,2542,5903,False,0.0
4453,2809,5905,False,0.0
4454,4879,5908,True,0.3642500963323588
4455,5380,5909,False,0.4824181513244217
4456,3763,5910,True,0.9391870534368452
4457,1442,5911,False,0.4950737714883372
4458,2809,5913,False,0.0
4459,5789,5914,False,0.0
4460,4754,5915,False,0.0
4461,3509,5916,True,0.9496983460651272
4462,4990,5918,True,0.1176495717636004
4463,5412,5919,True,0.9892498100152392
4464,2547,5921,False,0.3920757634122761
4465,1747,5922,True,0.9365029929270168
4466,4940,5923,False,0.2049800154226969
4467,3055,5925,True,0.7365462446683525
4468,2609,5926,False,0.4551495636817562
4469,439,5929,True,0.9626952699996733
4470,4001,5932,True,0.8401680504168059
4471,5563,5934,False,0.6592281644347577
4472,4887,5939,False,0.0
4473,1783,5940,False,0.0
4474,4986,5941,False,0.0
4475,2025,5942,True,0.9588259300130936
4476,1197,5943,False,0.0
4477,4278,5944,True,0.9759300121561012
4478,4153,5945,True,0.8424817136961015
4479,1039,5946,False,0.0
4480,2224,5947,False,0.824621125123532
4481,735,5948,True,0.8660254037844386
4482,3271,5950,False,0.0
4483,1775,5953,False,0.3230291412348993
4484,2241,5954,True,0.6017216678143155
4485,3404,5957,True,0.5863019699779287
4486,2994,5958,False,0.3432032364918221
4487,657,5960,False,0.5508226327552436
4488,2420,5961,False,0.0
4489,4247,5962,False,0.1865009616480627
4490,198,5963,True,0.8728715609439696
4491,5440,5965,False,0.0
4492,3729,5965,False,0.0
4493,971,5966,False,0.134216899284872
4494,4955,5969,True,0.824621125123532
4495,2162,5970,False,0.8164965809277261
4496,1684,5971,False,0.5202659817144719
4497,5238,5972,False,0.0
4498,2746,5973,False,0.2910427500435995
4499,5444,5975,False,0.0
4500,3187,5977,False,0.1221854737027388
4501,4874,5979,False,0.1501514159651721
4502,1078,5981,False,0.3540317659418969
4503,394,5983,False,0.0
4504,436,5983,False,0.0
4505,1880,5985,True,0.9487431877824664
4506,3271,5986,False,0.0
4507,2015,5987,True,0.948235594723056
4508,6035,5988,True,0.9436123349228348
4509,2062,5990,True,0.6816087174369228
4510,5473,5992,True,0.9680955866671735
4511,5480,5993,False,0.4583492485141057
4512,5431,5993,False,0.0
4513,4378,5995,False,0.0
4514,2809,5996,False,0.0
4515,4412,5997,True,0.8962214298964417
4516,5110,5999,True,0.9381575971002656
4517,3487,6001,False,0.1203858530857692
4518,2901,6002,True,0.8728715609439696
4519,6,6003,False,0.3273268353539886
4520,2809,6004,False,0.0
4521,5029,6006,True,0.8164965809277259
4522,5248,6007,True,0.9277002448790636
4523,681,6014,False,0.0
4524,5454,6017,False,0.1493306785893114
4525,5115,6018,False,0.0
4526,2884,6021,False,0.0
4527,1665,6021,False,0.0
4528,4775,6022,True,0.2547602668973938
4529,2892,6024,False,0.0
4530,1201,6025,False,0.509524665365068
4531,1197,6027,False,0.0
4532,2204,6028,True,0.4670993664969138
4533,4934,6029,True,0.9533500232573868
4534,3691,6030,False,0.0897375225278147
4535,3301,6031,True,0.9889310670678708
4536,1032,6033,True,0.8498365855987974
4537,2267,6035,False,0.9021974059830532
4538,4721,6036,False,0.4588314677411235
4539,4904,6037,False,0.0
4540,2557,6039,False,0.1248531644075601
4541,5136,6040,False,0.3328201177351375
4542,731,6041,False,0.1042650309994867
4543,5036,6042,False,0.4213504858001922
4544,561,6044,True,0.7745966692414834
4545,4813,6046,False,0.4252100321353806
4546,3645,6047,False,0.0
4547,1002,6048,False,0.7867957924694432
4548,3809,6049,True,0.9494850479808532
4549,2265,6051,False,0.2420910130675209
4550,2966,6053,False,0.4307055216465324
4551,3271,6055,False,0.0
4552,1266,6059,False,0.1433876936372608
4553,5831,6062,False,0.4472135954999579
4554,3874,6063,True,0.9886730046135548
4555,2569,6064,False,0.1355967977395604
4556,4986,6065,False,0.0
4557,2101,6066,True,0.8995209227879246
4558,41,6067,True,0.811444119112067
4559,4411,6068,False,0.0
4560,1538,6069,True,0.3245763303734317
4561,1411,6070,False,0.9542248400357662
4562,5139,6071,False,0.0
4563,4597,6074,False,0.5437149461664321
4564,4245,6075,False,0.3698001308168194
4565,1741,6076,True,0.8660254037844386
4566,3345,6079,False,0.1691023378809972
4567,1551,6086,False,0.2461829819586654
4568,4465,6087,True,0.8017837257372732
4569,3849,6089,False,0.9120301951512012
4570,4709,6090,False,0.4545686450484948
4571,5992,6092,True,0.954278102317939
4572,316,6093,True,0.963686809279984
4573,2358,6094,True,0.9888589793823712
4574,5692,6097,True,0.4481182127368284
4575,364,6098,False,0.0
4576,4985,6101,False,0.0
4577,5821,6103,True,0.7449887315796286
4578,2973,6104,False,0.3086066999241838
4579,3059,6109,False,0.0
4580,96,6110,False,0.1019628922595975
4581,1773,6111,True,0.9544681187296732
4582,3942,6122,True,0.8002216987710564
4583,1188,6125,True,0.965786082009043
4584,3379,6126,True,0.9140841712461506
4585,371,6127,True,0.8846517369293828
4586,1928,6128,False,0.0
4587,1981,6128,False,0.0
4588,1378,6130,False,0.1420412422734185
4589,4442,6131,False,0.0
4590,532,6135,False,0.1733405560069758
4591,5848,6136,False,0.3034884893334419
4592,727,6138,False,0.0
4593,3881,6141,True,0.806225774829855
4594,1952,6142,True,0.9360324106833396
4595,1397,6143,False,0.25
4596,6009,6144,True,0.9982105562757336
4597,1855,6145,True,0.9088109773219402
4598,4898,6146,True,0.8846517369293828
4599,2960,6147,False,0.3985266984930429
4600,2154,6147,False,0.3985266984930429
4601,311,6148,True,0.9393430068612836
4602,5431,6150,True,0.824621125123532
4603,4346,6151,False,0.0
4604,5345,6152,False,0.2407717061715384
4605,5014,6153,True,0.9776655553451902
4606,1216,6154,True,0.1670801428102923
4607,2967,6155,True,0.911724657651075
4608,1799,6156,False,0.0
4609,1711,6158,False,0.0
4610,4856,6160,False,0.1137068316052686
4611,3023,6162,False,0.0
4612,4939,6166,False,0.2111841978749801
4613,291,6167,False,0.51425947722658
4614,2809,6169,False,0.0
4615,2694,6174,True,0.8583950752789522
4616,618,6175,True,0.9666969801538304
4617,5524,6176,True,0.7637626158259734
4618,5502,6177,False,0.0
4619,4942,6177,False,0.0
4620,3780,6178,False,0.2332847374079217
4621,3271,6179,False,0.0
4622,2923,6180,False,0.0
4623,4560,6183,False,0.0
4624,1485,6185,False,0.3343669275452117
4625,528,6186,True,0.7807200583588266
4626,3663,6187,True,0.8583950752789522
4627,1240,6188,True,0.9839078259855988
4628,719,6190,True,0.8660254037844386
4629,1551,6191,False,0.0
4630,3104,6192,False,0.0924061655450546
4631,2644,6193,False,0.1603779530124742
4632,3027,6195,False,0.5437149461664321
4633,4066,6198,False,0.0
4634,658,6199,True,0.9706755664362744
4635,3332,6200,True,0.848528137423857
4636,4109,6201,False,0.7905694150420948
4637,2892,6202,False,0.0
4638,1551,6203,False,0.3535533905932738
4639,4606,6205,False,0.816496580927726
4640,393,6207,False,0.0
4641,4049,6208,False,0.3077287274483318
4642,3715,6209,False,0.0
4643,1786,6210,False,0.1787028788836496
4644,3681,6214,True,0.9777353575827498
4645,838,6215,False,0.2635231383473649
4646,1767,6219,True,0.9446476457218128
4647,693,6221,True,0.9577121269959208
4648,3356,6223,False,0.0
4649,3192,6226,False,0.0
4650,1266,6227,False,0.1585045019484207
4651,4240,6232,True,0.816496580927726
4652,580,6233,True,0.9867263001717212
4653,4228,6236,False,0.145047544858779
4654,305,6237,False,0.3692744729379982
4655,4686,6240,True,0.9283553491762964
4656,4107,6241,True,0.5661385170722978
4657,5491,6242,True,0.9729695319545452
4658,2114,6244,True,0.8832536584036986
4659,611,6245,False,0.4409585518440984
4660,4732,6247,False,0.4969039949999532
4661,1691,6248,False,0.4365641250653993
4662,2769,6249,False,0.266500895444513
4663,807,6250,False,0.2620712091804796
4664,464,6251,True,0.2352690764843346
4665,1699,6252,False,0.0
4666,1210,6253,False,0.0
4667,5525,6255,True,0.9490747630497796
4668,2516,6258,True,0.6017216678143155
4669,2600,6260,False,0.4280863447390446
4670,3485,6261,False,0.0
4671,6051,6262,False,0.4780914437337574
4672,3996,6264,False,0.2916666666666667
4673,1996,6265,True,0.8401680504168059
4674,5459,6267,False,0.1056340508051135
4675,5331,6271,False,0.0
4676,4649,6274,False,0.7801894976054939
4677,2779,6277,False,0.2927700218845599
4678,1293,6278,True,0.9678694107592156
4679,2769,6282,False,0.0
4680,4086,6283,True,0.8017837257372732
4681,4441,6284,True,0.904672054147794
4682,5203,6286,False,0.3651483716701107
4683,1878,6288,False,0.0
4684,1473,6289,False,0.0
4685,285,6291,True,0.976405011543816
4686,5718,6293,True,0.9891391970252764
4687,3692,6295,True,0.8498365855987974
4688,5789,6297,False,0.0
4689,3699,6298,False,0.0
4690,2075,6300,False,0.2156655464068768
4691,5502,6304,False,0.3230291412348993
4692,4942,6304,False,0.3230291412348993
4693,3445,6305,False,0.0
4694,4644,6305,False,0.0
4695,2489,6310,False,0.0
4696,32,6312,False,0.0
4697,246,6313,False,0.0
4698,5360,6313,False,0.0
4699,443,6314,False,0.0
4700,160,6317,False,0.5879747322073337
4701,1155,6322,False,0.1951219512195122
4702,5215,6323,False,0.0
4703,4377,6324,False,0.1667557694084856
4704,5792,6325,True,0.9670389472355536
4705,4109,6326,True,0.8075728530872482
4706,2026,6327,False,0.2138089935299394
4707,4970,6329,False,0.0
4708,62,6330,False,0.239731650742692
4709,2998,6332,False,0.2201927530252721
4710,2445,6332,False,0.2201927530252721
4711,864,6333,True,0.9777631233527888
4712,2532,6334,True,0.9639023117137034
4713,838,6335,False,0.5063696835418333
4714,2711,6336,False,0.1555908409264427
4715,1014,6339,True,0.2351860606412925
4716,3492,6340,True,0.2572266146451614
4717,5323,6341,False,0.0
4718,4865,6342,True,0.5781515884776753
4719,1025,6342,False,0.0
4720,4631,6343,True,0.9591666974337376
4721,5376,6345,False,0.2412090756622108
4722,2529,6345,False,0.0
4723,3355,6346,False,0.0
4724,2537,6347,True,0.7302967433402215
4725,3018,6348,False,0.618984460590173
4726,1075,6350,False,0.1197461390455716
4727,3635,6351,False,0.1222998976175571
4728,4986,6353,False,0.0
4729,4984,6354,False,0.4307055216465324
4730,1453,6356,False,0.0
4731,4560,6358,False,0.1831299685083073
4732,5033,6360,True,0.9540830839725584
4733,2727,6361,True,0.848528137423857
4734,3646,6369,False,0.4810702354423639
4735,1210,6370,False,0.404145188432738
4736,1544,6371,True,0.8583950752789522
4737,5253,6373,False,0.1833868809717861
4738,1909,6375,False,0.1518845119864016
4739,2392,6377,False,0.0
4740,229,6377,False,0.0
4741,1885,6378,False,0.0
4742,5751,6382,False,0.1229568420883693
4743,2753,6383,True,0.954064652789384
4744,5849,6385,True,0.8897565210026093
4745,2322,6386,True,0.8660254037844386
4746,295,6390,False,0.0
4747,3955,6392,True,0.9426412356052114
4748,3564,6393,True,0.948012027188878
4749,2943,6394,False,0.0
4750,3769,6394,False,0.0
4751,3127,6395,False,0.0
4752,6028,6396,False,0.1549677688452119
4753,5223,6397,False,0.0720654474962897
4754,2409,6398,True,0.952861225206426
4755,2026,6399,False,0.4404151646360276
4756,1928,6400,False,0.3415650255319866
4757,1981,6400,False,0.3415650255319866
4758,1510,6401,True,0.9361804234189632
4759,2159,6402,True,0.9682654404399836
4760,611,6403,False,0.0
4761,2005,6404,True,0.939728101878554
4762,817,6405,False,0.1737488971052277
4763,4901,6408,False,0.0
4764,1591,6412,False,0.5459208336840116
4765,32,6415,False,0.2970442628930023
4766,1326,6416,True,0.2266032921594503
4767,5943,6417,False,0.1854955583040673
4768,3638,6419,True,0.9575229841616744
4769,5662,6423,False,0.0
4770,5742,6424,False,0.0
4771,3271,6426,False,0.0
4772,2530,6427,False,0.0
4773,1912,6429,True,0.7385489458759964
4774,2809,6431,False,0.0
4775,4637,6433,False,0.0
4776,445,6434,False,0.3162277660168379
4777,1141,6435,True,0.8728715609439696
4778,4186,6436,False,0.3141404312187716
4779,4653,6437,True,0.6882472016116853
4780,1399,6438,True,0.5496087127106438
4781,5455,6441,False,0.0
4782,3730,6442,False,0.2075143391598224
4783,3412,6442,False,0.2075143391598224
4784,1711,6443,False,0.1537430865210197
4785,1532,6446,False,0.0
4786,1317,6447,True,0.97030435691594
4787,5160,6450,True,0.9452855981681876
4788,27,6451,False,0.0
4789,5653,6451,False,0.0
4790,3140,6453,False,0.0
4791,5541,6454,False,0.0
4792,2163,6455,True,0.8805217647142402
4793,3037,6457,True,0.90267093384844
4794,2805,6461,False,0.0
4795,1659,6462,True,0.8583950752789522
4796,5366,6464,False,0.0
4797,1264,6465,True,0.9848653281161164
4798,2809,6467,False,0.0
4799,2242,6469,False,0.3503245248726853
4800,5126,6470,False,0.0
4801,3415,6471,False,0.0
4802,4414,6472,True,0.8846517369293828
4803,4682,6473,False,0.5185449728701348
4804,2809,6475,False,0.0
4805,2179,6476,False,0.0
4806,5426,6477,True,0.943326017571772
4807,441,6479,True,0.3429622685123213
4808,2073,6480,False,0.5270462766947299
4809,2035,6481,False,0.0
4810,3517,6481,False,0.0
4811,4183,6482,True,0.7581425055034353
4812,5380,6483,False,0.0
4813,2679,6484,True,0.9902328671974036
4814,1703,6485,False,0.5057217374241736
4815,3047,6486,False,0.0
4816,4307,6487,True,0.8736791272494178
4817,1942,6489,True,0.7449887315796286
4818,1374,6494,False,0.0
4819,2894,6496,True,0.9416697218225414
4820,3494,6500,True,0.9448568349806504
4821,3470,6502,True,0.7947194142390263
4822,860,6503,True,0.9717574405013412
4823,5074,6504,False,0.0
4824,2949,6505,False,0.0
4825,150,6506,True,0.2612940538173359
4826,3296,6507,False,0.1270671606558613
4827,4332,6508,False,0.5054031781711935
4828,1442,6509,False,0.4850712500726659
4829,4570,6510,True,0.8846517369293828
4830,3209,6512,True,0.952414682553442
4831,793,6514,True,0.9406248078034558
4832,274,6515,True,0.9861253093309926
4833,3161,6516,False,0.0
4834,1910,6516,False,0.0
4835,3690,6517,True,0.8257228238447705
4836,2644,6518,True,0.968885334744501
4837,5789,6521,False,0.2891574659831201
4838,2784,6523,False,0.1980295085953348
4839,340,6525,True,0.9490218918265856
4840,2749,6527,False,0.5321811563901744
4841,1089,6528,False,0.4529108136578382
4842,578,6529,False,0.0
4843,3540,6530,False,0.0
4844,4051,6530,False,0.0
4845,4596,6531,False,0.3333333333333333
4846,516,6532,True,0.96529661681859
4847,381,6535,False,0.3077287274483318
4848,4904,6536,False,0.0
4849,3039,6537,True,0.9577884964785862
4850,2767,6539,True,0.9281031431652922
4851,2609,6540,True,0.8790490729915326
4852,3043,6543,True,0.8186911404266435
4853,1641,6544,False,0.0
4854,1377,6545,False,0.0
4855,840,6546,False,0.0
4856,2958,6547,True,0.9136739286489028
4857,3709,6549,True,0.8316239298238944
4858,453,6550,False,0.0
4859,3308,6552,False,0.1471534414763918
4860,96,6555,True,0.8853120289879006
4861,2809,6558,False,0.0
4862,3265,6559,False,0.2870189239409639
4863,1377,6561,False,0.5128225940683707
4864,4419,6563,False,0.1805787796286538
4865,4440,6564,False,0.0
4866,2164,6567,False,0.269069117598525
4867,5365,6570,True,0.938952955723142
4868,5284,6572,False,0.1713298613384094
4869,706,6573,False,0.3380617018914066
4870,1571,6574,False,0.0
4871,3485,6574,False,0.0
4872,4056,6576,True,0.9535667238902876
4873,1106,6579,True,0.9511917600070964
4874,328,6581,True,0.9727567202925916
4875,4625,6586,True,0.9738672638472046
4876,4038,6587,False,0.0
4877,5901,6588,False,0.280056016805602
4878,4921,6589,True,0.981026228374283
4879,5240,6593,True,0.9812443791234994
4880,2491,6594,True,0.9249815689718324
4881,3279,6600,True,0.9576935631509688
4882,3195,6603,True,0.8790490729915326
4883,4193,6605,True,0.9613399379136702
4884,5126,6607,False,0.3692744729379982
4885,5220,6608,True,0.9436123349228348
4886,4427,6609,False,0.0
4887,3184,6610,False,0.0
4888,709,6612,False,0.3415650255319866
4889,1306,6615,False,0.0
4890,3524,6616,False,0.0
4891,1159,6618,False,0.0
4892,5206,6619,False,0.0
4893,751,6620,False,0.1492290597411867
4894,3737,6621,False,0.45
4895,3248,6623,False,0.404145188432738
4896,2035,6625,False,0.0
4897,1681,6626,False,0.529237746757157
4898,622,6627,False,0.0
4899,4256,6628,False,0.2341464528954235
4900,3457,6628,False,0.2341464528954235
4901,3104,6629,False,0.3743506488634663
4902,3017,6630,True,0.8498365855987974
4903,3052,6632,True,0.927173170463948
4904,4089,6633,False,0.5103103630798288
4905,4511,6634,False,0.3600411499115478
4906,3516,6635,True,0.1781653969589859
4907,501,6639,False,0.0
4908,168,6640,False,0.0
4909,1103,6640,False,0.0
4910,3271,6643,False,0.0
4911,933,6644,True,0.8583950752789522
4912,4053,6645,False,0.0
4913,1490,6646,False,0.4216370213557839
4914,1578,6647,False,0.0
4915,5074,6648,False,0.4576043153224294
4916,5652,6650,True,0.939728101878554
4917,3386,6651,False,0.0
4918,2686,6655,True,0.958812520312852
4919,5129,6656,False,0.0
4920,2123,6659,False,0.0
4921,2685,6664,True,0.961741282418092
4922,3980,6666,True,0.8846517369293828
4923,1405,6667,True,0.9016473096093311
4924,5656,6671,True,0.9540817586796462
4925,91,6672,False,0.0
4926,3271,6673,False,0.0
4927,5518,6674,False,0.4909902530309828
4928,5713,6675,False,0.2773500981126146
4929,3442,6679,True,0.9443230547572328
4930,4682,6681,False,0.0
4931,2702,6685,False,0.1178067930805293
4932,1764,6687,False,0.2439750182371333
4933,1928,6690,False,0.0
4934,1981,6690,False,0.0
4935,851,6693,False,0.0
4936,4865,6694,False,0.1067152292867567
4937,4256,6697,False,0.0
4938,3457,6697,False,0.0
4939,2429,6698,False,0.1243073431081811
4940,2809,6700,False,0.0
4941,153,6701,False,0.5051814855409226
4942,4917,6702,False,0.0
4943,2841,6703,False,0.4276179870598789
4944,5761,6704,False,0.2156655464068768
4945,1615,6704,False,0.0
4946,1321,6705,True,0.8728715609439696
4947,2123,6706,True,0.8660254037844386
4948,467,6708,False,0.5765566601970551
4949,755,6709,True,0.9411100743499724
4950,562,6710,False,0.3356243110397689
4951,5354,6712,False,0.0
4952,4698,6715,False,0.5613413993878117
4953,4853,6716,True,0.9797306930496644
4954,1329,6717,False,0.0
4955,5665,6718,False,0.2229112850301411
4956,5814,6722,True,0.8846517369293828
4957,5373,6723,False,0.4909902530309828
4958,77,6724,False,0.1507556722888818
4959,537,6725,False,0.0
4960,4873,6726,False,0.0
4961,2190,6727,False,0.0
4962,1113,6728,True,0.7213357077339458
4963,5701,6729,False,0.0
4964,576,6731,False,0.0
4965,3009,6732,False,0.1782183677416451
4966,1710,6734,True,0.95621099519971
4967,2284,6738,True,0.9485470269003335
4968,117,6739,True,0.2004459314343182
4969,844,6740,True,0.923825743251974
4970,3741,6741,False,0.0
4971,542,6742,False,0.0
4972,2311,6744,False,0.0
4973,5102,6745,False,0.0
4974,5502,6748,False,0.0
4975,564,6750,True,0.9527970381206936
4976,3324,6753,False,0.0
4977,2750,6754,True,0.960496226844873
4978,2051,6756,False,0.0
4979,5182,6761,False,0.1741832535729044
4980,3986,6763,False,0.0
4981,5777,6764,True,0.9347573425963088
4982,1343,6765,False,0.0
4983,1420,6766,False,0.0
4984,5745,6768,False,0.0
4985,1002,6769,False,0.0
4986,2693,6771,False,0.2481458334927325
4987,4706,6772,False,0.0
4988,4649,6772,False,0.0
4989,3321,6772,False,0.3741657386773941
4990,317,6774,False,0.0
4991,4901,6776,False,0.0
4992,3597,6778,False,0.1237803040964895
4993,2547,6779,False,0.3909350184867624
4994,2666,6784,True,0.9278891425539828
4995,716,6785,False,0.4618802153517005
4996,4291,6785,False,0.4618802153517005
4997,4560,6786,False,0.1640529566390124
4998,796,6787,False,0.5229763603684907
4999,1290,6788,False,0.0
5000,4481,6789,True,0.9878164174177918
5001,2199,6792,True,0.3313330295159888
5002,2285,6793,False,0.1953426078447974
5003,5249,6795,False,0.0
5004,5514,6799,False,0.2062030189870412
5005,935,6801,True,0.8498365855987974
5006,2809,6805,False,0.0
5007,2809,6806,False,0.0
5008,5255,6811,False,0.297775000191279
5009,856,6814,False,0.1913348931163422
5010,3535,6815,False,0.5597691428330557
5011,3009,6816,False,0.3222516933177448
5012,1627,6818,False,0.4902903378454601
5013,256,6819,False,0.0
5014,4978,6821,False,0.2470506990868348
5015,572,6822,False,0.11184439874278
5016,5566,6824,False,0.5163977794943223
5017,5573,6826,False,0.545544725589981
5018,5243,6827,False,0.46475800154489
5019,5987,6831,False,0.0
5020,1629,6832,True,0.9485470269003335
5021,3949,6833,True,0.9858039967173944
5022,2633,6834,False,0.0
5023,2007,6836,False,0.0
5024,5095,6837,False,0.5521576303742327
5025,1267,6839,False,0.1745743121887939
5026,3243,6840,True,0.669438681395203
5027,1847,6841,False,0.0
5028,1952,6844,False,0.0
5029,1075,6845,True,0.9383985068515126
5030,2764,6846,False,0.7687061147858074
5031,4861,6848,False,0.0
5032,1110,6850,False,0.0
5033,4511,6854,False,0.0
5034,2292,6856,True,0.9469073722682726
5035,964,6857,False,0.2727723627949905
5036,2023,6857,False,0.2727723627949905
5037,2343,6858,False,0.0
5038,4970,6860,False,0.0
5039,927,6863,False,0.1233166004566441
5040,2198,6864,False,0.8366600265340756
5041,679,6865,False,0.3356243110397689
5042,3489,6868,False,0.1661357221283728
5043,3557,6869,True,0.9890262840377786
5044,1951,6872,False,0.24514516892273
5045,4020,6873,True,0.943326017571772
5046,2134,6875,False,0.5590169943749475
5047,4245,6876,False,0.0
5048,3271,6877,False,0.0
5049,5671,6878,False,0.0
5050,1361,6879,False,0.0
5051,295,6884,False,0.0
5052,2405,6885,False,0.7905694150420948
5053,714,6886,False,0.1200182740696166
5054,5176,6887,False,0.0
5055,694,6888,False,0.3535533905932738
5056,754,6889,False,0.0
5057,1129,6893,True,0.9528868557320712
5058,1045,6898,False,0.3038218101251
5059,3142,6899,False,0.5181188895431443
5060,1775,6900,False,0.0
5061,2853,6902,False,0.0
5062,820,6902,False,0.0
5063,3477,6904,False,0.3592106040535498
5064,2404,6906,False,0.1354074106170646
5065,2230,6910,False,0.0
5066,5450,6911,True,0.769990503509018
5067,6050,6912,False,0.0
5068,3953,6912,False,0.0
5069,2974,6913,True,0.9788766900769432
5070,2075,6914,False,0.3450648742510029
5071,4331,6915,False,0.3202563076101743
5072,1069,6918,True,0.9479832918323056
5073,2809,6929,False,0.0
5074,4986,6930,False,0.0
5075,4699,6931,True,0.7302967433402215
5076,168,6932,False,0.3962969619506085
5077,1103,6932,False,0.3962969619506085
5078,4351,6933,True,0.9696166683179458
5079,3813,6934,True,0.8897565210026093
5080,3096,6936,False,0.0
5081,3173,6939,False,0.270745576918284
5082,5725,6944,True,0.8111071056538127
5083,1793,6945,True,0.9381575971002656
5084,577,6946,True,0.9800960541201864
5085,5041,6949,False,0.0
5086,2262,6950,False,0.0
5087,2395,6951,False,0.0
5088,2809,6953,False,0.0
5089,1805,6954,False,0.0
5090,3300,6955,False,0.2830692585361489
5091,1569,6956,False,0.0
5092,5987,6957,False,0.0
5093,2514,6960,False,0.1009854520487736
5094,2198,6961,True,0.8509629433967631
5095,4333,6964,True,0.9149855276286856
5096,1491,6965,True,0.978311478263167
5097,4111,6966,True,0.9214459617923008
5098,2149,6972,False,0.1797766251693782
5099,5753,6974,True,0.7378516701261941
5100,4765,6975,False,0.4714045207910317
5101,1155,6978,False,0.3572441311721557
5102,5623,6981,True,0.8506138303796511
5103,2353,6982,True,0.7977240352174656
5104,1040,6984,False,0.5241424183609592
5105,6034,6985,False,0.3619613829965134
5106,4615,6986,False,0.1978806883698427
5107,1935,6988,True,0.8728715609439696
5108,2008,6992,False,0.0
5109,2818,6994,True,0.8728715609439696
5110,632,6995,False,0.0
5111,3400,6998,True,0.9732151172862386
5112,5709,6999,False,0.3001225239993904
5113,2809,7000,False,0.0
5114,2605,7001,False,0.3478327964999673
5115,1002,7003,False,0.2719641466102106
5116,6046,7006,True,0.9343512925985016
5117,637,7007,True,0.977993393545883
5118,24,7009,False,0.282842712474619
5119,3271,7012,False,0.0
5120,3106,7014,False,0.46475800154489
5121,1651,7015,True,0.8846517369293828
5122,5728,7017,False,0.0
5123,445,7018,False,0.3212877315609995
5124,94,7020,True,0.9261245957846564
5125,3417,7024,False,0.0
5126,4008,7025,False,0.0
5127,1353,7026,False,0.0
5128,4874,7031,True,0.9622504486493764
5129,3891,7032,True,0.9519035872762116
5130,3099,7033,True,0.9466689162406576
5131,1099,7038,False,0.5163977794943223
5132,1660,7041,True,0.8340444120673748
5133,1937,7045,False,0.0
5134,5464,7046,False,0.3666793988112845
5135,4053,7047,False,0.0
5136,947,7048,True,0.5661385170722978
5137,2160,7049,True,0.8498365855987974
5138,5084,7050,False,0.4082482904638631
5139,6048,7050,False,0.4082482904638631
5140,4393,7052,False,0.0
5141,1266,7053,False,0.0
5142,5660,7054,False,0.0
5143,2960,7055,False,0.5163977794943223
5144,1703,7056,False,0.0
5145,1396,7059,False,0.6002450479987809
5146,3258,7064,False,0.1223550580642996
5147,5336,7067,False,0.2551551815399144
5148,679,7068,False,0.3415650255319866
5149,3962,7069,True,0.1321591906468059
5150,5087,7070,False,0.0
5151,4386,7071,True,0.949415497389791
5152,1266,7075,False,0.1442876843846482
5153,4467,7080,True,0.9344377629847982
5154,2981,7081,True,0.9704668947704655
5155,77,7082,False,0.1507556722888818
5156,2803,7086,False,0.0
5157,374,7090,True,0.917500617970396
5158,5185,7094,True,0.3521298163710326
5159,3822,7095,True,0.9280734543828806
5160,3457,7096,False,0.3211820274187864
5161,5259,7097,False,0.1190318544570273
5162,2573,7102,True,0.806225774829855
5163,939,7103,True,0.9724379101786814
5164,5408,7111,True,0.9419396923500876
5165,3104,7112,False,0.0
5166,3271,7115,False,0.0
5167,3933,7116,False,0.1583094475643156
5168,486,7120,True,0.369719496997316
5169,1839,7121,False,0.4714045207910317
5170,2443,7122,False,0.1207019698150837
5171,2224,7123,True,0.8416254115301732
5172,788,7125,False,0.0
5173,1941,7127,True,0.7302967433402215
5174,5035,7131,False,0.1062402009216579
5175,5522,7135,False,0.0
5176,4079,7139,False,0.3478327964999673
5177,2676,7147,False,0.5163977794943223
5178,4122,7148,False,0.3432032364918221
5179,5216,7148,False,0.3432032364918221
5180,1188,7149,False,0.1093304334427838
5181,738,7150,False,0.7745966692414834
5182,2202,7151,True,0.9652858865003684
5183,4430,7152,True,0.9479521354771158
5184,856,7157,True,0.9730365178854404
5185,5654,7159,False,0.0
5186,5690,7160,True,0.3311930729706178
5187,5940,7166,True,0.7947194142390263
5188,4901,7167,False,0.0
5189,3414,7168,False,0.2085144140570747
5190,3323,7169,True,0.4244373438135827
5191,2884,7170,False,0.0
5192,1665,7170,False,0.0
5193,4083,7172,False,0.3432032364918221
5194,5128,7173,False,0.3768673314407159
5195,4318,7174,False,0.0
5196,5238,7175,False,0.0
5197,1754,7176,False,0.0
5198,3197,7179,True,0.8374179729705152
5199,5154,7180,True,0.7947194142390263
5200,1292,7184,False,0.0
5201,231,7185,False,0.7018052653839362
5202,2012,7186,False,0.0
5203,3547,7187,False,0.0
5204,4058,7190,False,0.3214121732666125
5205,1431,7191,True,0.9751126491933264
5206,1573,7192,True,0.9660314080029578
5207,5289,7193,False,0.6018203794858673
5208,4474,7195,True,0.7302967433402215
5209,5707,7199,False,0.2620712091804796
5210,3326,7200,True,0.9412936406005088
5211,4884,7203,True,0.7994080650317896
5212,4394,7204,True,0.5781515884776753
5213,4789,7205,True,0.9894644114973064
5214,369,7207,False,0.2309401076758502
5215,5336,7209,False,0.2606430175713434
5216,5069,7210,False,0.5785419118799026
5217,2809,7213,False,0.0
5218,3645,7215,False,0.0
5219,5114,7216,False,0.125224548520267
5220,4682,7217,False,0.4454354031873739
5221,4983,7218,False,0.0
5222,1673,7220,True,0.9175552279682582
5223,2831,7221,False,0.5063696835418333
5224,162,7223,False,0.5597691428330557
5225,1965,7225,True,0.9459090049481764
5226,5217,7226,True,0.9140054078249912
5227,5153,7227,False,0.0
5228,4165,7228,True,0.9825953282551382
5229,2809,7229,False,0.0
5230,2809,7230,False,0.0
5231,5683,7231,False,0.1024295039463167
5232,4768,7233,False,0.1913459492939759
5233,2751,7235,False,0.0
5234,4675,7236,False,0.0
5235,4621,7237,False,0.2927700218845599
5236,1683,7239,False,0.0
5237,214,7240,False,0.3144854510165755
5238,5494,7241,False,0.4717281765248632
5239,5184,7244,True,0.939148753793691
5240,3620,7245,True,0.8340576562282991
5241,4036,7251,True,0.9503819266229828
5242,5795,7252,False,0.5590169943749475
5243,5481,7255,True,0.8728715609439696
5244,2789,7257,True,0.8583950752789522
5245,5283,7258,False,0.3181980515339463
5246,840,7259,False,0.3939192985791676
5247,1591,7260,False,0.4909902530309828
5248,2846,7261,True,0.2530298794412266
5249,1759,7262,False,0.3038218101251
5250,3343,7263,True,0.816496580927726
5251,3944,7264,False,0.0
5252,2105,7266,False,0.0
5253,6029,7266,False,0.0
5254,343,7268,True,0.8334435188862852
5255,877,7269,False,0.0
5256,3252,7270,True,0.9908419767203333
5257,5362,7271,False,0.0991168389083421
5258,3415,7273,False,0.0
5259,4804,7275,True,0.9521356416416978
5260,986,7276,True,0.7867957924694432
5261,3056,7278,False,0.0
5262,4778,7278,False,0.4048204523763681
5263,5337,7280,False,0.0
5264,4595,7281,False,0.0
5265,4508,7281,False,0.0
5266,5531,7282,False,0.0
5267,2605,7283,False,0.0
5268,5571,7284,True,0.9645075492849986
5269,1715,7288,True,0.9490986680338496
5270,2029,7289,True,0.9761567294360972
5271,3271,7290,False,0.0
5272,1768,7291,False,0.0
5273,2100,7294,False,0.0
5274,1964,7296,True,0.6390096504226939
5275,3227,7297,True,0.9876326981609372
5276,4472,7300,False,0.0
5277,1905,7301,True,0.9009260366565512
5278,2008,7302,False,0.0
5279,3619,7304,True,0.8870454954412761
5280,5962,7307,True,0.9307089982231836
5281,679,7308,False,0.3246172270321178
5282,937,7311,True,0.7910398521054725
5283,2050,7314,True,0.9784915466011722
5284,2446,7315,True,0.9447550658784128
5285,2797,7316,True,0.8660254037844386
5286,3277,7318,True,0.8946692778758785
5287,5750,7321,False,0.2367785320221084
5288,3859,7322,False,0.0914009389461034
5289,768,7324,False,0.0
5290,5688,7326,False,0.6577935144802719
5291,3813,7327,False,0.3408114582738439
5292,269,7328,False,0.0
5293,5932,7329,False,0.0
5294,5483,7330,False,0.6529286250990105
5295,1862,7330,False,0.6529286250990105
5296,602,7330,False,0.6529286250990105
5297,2919,7330,False,0.6529286250990105
5298,121,7330,False,0.6529286250990105
5299,1273,7330,False,0.6529286250990105
5300,2835,7330,False,0.6529286250990105
5301,1928,7332,True,0.5669467095138409
5302,4844,7333,False,0.5084751798731266
5303,1860,7333,False,0.5084751798731266
5304,2721,7335,False,0.2754113163776218
5305,5223,7337,False,0.0805716197153229
5306,4097,7339,True,0.9474070604960746
5307,4129,7340,False,0.0
5308,5431,7341,False,0.3666793988112845
5309,3704,7342,False,0.0
5310,2751,7344,False,0.0
5311,2936,7345,False,0.0
5312,4511,7346,False,0.0
5313,1935,7350,False,0.2795084971874737
5314,2967,7351,False,0.247847012511087
5315,4290,7355,False,0.4055535528269063
5316,5775,7356,True,0.981163550424654
5317,3722,7358,False,0.2060104810498419
5318,1333,7359,False,0.6154574548966636
5319,4825,7360,False,0.0
5320,3565,7361,True,0.8498365855987974
5321,4073,7364,False,0.14276522527471
5322,3798,7365,True,0.721299509730775
5323,2721,7366,False,0.2884299752006152
5324,5247,7368,False,0.4615663313770509
5325,4566,7369,False,0.0
5326,5137,7370,False,0.3175264481385601
5327,4481,7373,False,0.1225165403026094
5328,1333,7375,False,0.0
5329,4583,7376,False,0.3
5330,3377,7376,False,0.0
5331,295,7378,False,0.0
5332,2463,7379,True,0.8498365855987974
5333,394,7383,False,0.0
5334,436,7383,False,0.0
5335,20,7386,True,0.7673643458069226
5336,5016,7387,False,0.4780914437337574
5337,2110,7388,True,0.986185837921452
5338,2809,7390,False,0.0
5339,2886,7394,False,0.3849001794597505
5340,3027,7397,False,0.0
5341,424,7398,False,0.0
5342,1853,7399,True,0.9682458365518544
5343,2094,7402,True,0.2557403209111645
5344,1898,7404,False,0.3698001308168194
5345,2848,7406,False,0.1968653876669132
5346,1991,7408,False,0.231325972786496
5347,2027,7409,True,0.3770230905437056
5348,5967,7410,True,0.9982920568234144
5349,1831,7411,False,0.0
5350,5392,7414,False,0.1446770524405238
5351,183,7415,True,0.3077206610587985
5352,3019,7417,False,0.1756254069847707
5353,4739,7418,False,0.0
5354,6002,7419,True,0.9725969395857426
5355,1038,7424,True,0.8862587350511957
5356,2998,7425,False,0.3975231959999626
5357,1805,7428,False,0.3367876570272817
5358,4028,7434,True,0.9309606109999444
5359,3914,7436,True,0.9541871591869212
5360,4878,7437,True,0.2423088400434959
5361,2340,7440,False,0.0
5362,4726,7442,False,0.3143473067309657
5363,1498,7443,True,0.989648100755933
5364,1347,7444,True,0.7097208632298361
5365,4030,7445,True,0.6017216678143155
5366,5677,7446,True,0.7947194142390263
5367,5074,7447,True,0.8498365855987974
5368,498,7448,False,0.3098386676965933
5369,951,7452,False,0.125761776738713
5370,4767,7456,True,0.9381575971002656
5371,1316,7457,True,0.8815255197816262
5372,3667,7458,True,0.8728715609439696
5373,622,7460,False,0.0
5374,4157,7461,False,0.1739955761133559
5375,4327,7466,False,0.0
5376,476,7467,False,0.4815434123430768
5377,3934,7468,False,0.0
5378,2777,7469,True,0.978993315036894
5379,2809,7470,False,0.0
5380,838,7471,False,0.5163977794943223
5381,1187,7472,True,0.5244857306327861
5382,1954,7473,True,0.8535375789847596
5383,3248,7474,False,0.4472135954999579
5384,4700,7476,False,0.0
5385,1356,7476,False,0.0
5386,994,7478,False,0.2479818929220307
5387,5036,7479,False,0.4308202184276645
5388,5929,7480,True,0.978232924804933
5389,839,7484,True,0.7637626158259734
5390,5223,7487,False,0.0902343612313302
5391,428,7489,False,0.2
5392,2641,7490,True,0.1957316020940641
5393,264,7491,True,0.7867957924694432
5394,5855,7492,False,0.2078213587724625
5395,2544,7496,True,0.8498365855987974
5396,4415,7497,False,0.1087875631382439
5397,3839,7498,False,0.3517632353407242
5398,3310,7498,False,0.3517632353407242
5399,840,7499,False,0.4762896722078402
5400,2809,7500,False,0.0
5401,4933,7504,True,0.9256102626608642
5402,2378,7506,False,0.3469889591797441
5403,5029,7507,False,0.2439750182371333
5404,4179,7508,False,0.318511028635303
5405,3271,7509,False,0.0
5406,4696,7510,True,0.9538289100564774
5407,525,7511,True,0.9890515782433548
5408,5176,7512,True,0.8413733172550483
5409,4213,7513,True,0.9649010333520092
5410,4164,7514,False,0.0
5411,4587,7516,True,0.5518254055364693
5412,3540,7519,False,0.0
5413,4051,7519,False,0.0
5414,4772,7520,False,0.0
5415,1649,7521,True,0.9192056835032896
5416,738,7525,False,0.7559289460184544
5417,3996,7526,True,0.848528137423857
5418,2162,7529,False,0.8
5419,3249,7531,True,0.9731221663686774
5420,4986,7532,False,0.0
5421,10,7532,False,0.0
5422,5648,7533,False,0.0
5423,611,7534,False,0.4518480570575319
5424,2809,7535,False,0.0
5425,3263,7536,True,0.95378141974748
5426,5475,7537,True,0.9784427358133524
5427,5510,7538,True,0.8790490729915326
5428,2277,7539,True,0.8506138303796511
5429,284,7540,False,0.2777777777777778
5430,3312,7541,True,0.9237106869161416
5431,2008,7542,False,0.2988071523335984
5432,3474,7543,True,0.6017216678143155
5433,4745,7545,False,0.6236095644623235
5434,1657,7546,True,0.9608421493786136
5435,4011,7547,False,0.397033333588372
5436,4011,7551,False,0.3988620176087328
5437,696,7552,False,0.4178145108983667
5438,5996,7554,False,0.4173650061841514
5439,5454,7555,False,0.0
5440,4247,7555,False,0.0
5441,568,7555,False,0.0
5442,2809,7557,False,0.0
5443,292,7558,True,0.8583950752789522
5444,1803,7560,True,0.8976844751276927
5445,421,7562,True,0.82915619758885
5446,2922,7564,True,0.9369248955395902
5447,2154,7565,False,0.5196152422706631
5448,2960,7565,False,0.5196152422706631
5449,5183,7568,False,0.2786391062876764
5450,791,7569,False,0.7559289460184544
5451,4979,7571,True,0.9599476799955384
5452,4986,7573,False,0.0
5453,2848,7574,True,0.2630392250131456
5454,445,7575,False,0.0
5455,5938,7577,False,0.3535533905932738
5456,3116,7579,True,0.8840179890013826
5457,3245,7580,True,0.9106678242554022
5458,4867,7581,True,0.9432923775152012
5459,1825,7582,True,0.911525339133005
5460,1000,7583,False,0.0
5461,2809,7584,False,0.0
5462,5952,7586,False,0.2699527623995085
5463,3801,7591,False,0.1805787796286538
5464,1939,7592,True,0.8914687688123175
5465,5267,7593,False,0.0
5466,4986,7596,False,0.0
5467,3754,7597,False,0.0
5468,2998,7598,False,0.0
5469,2445,7598,False,0.0
5470,2289,7599,True,0.7977240352174656
5471,161,7602,True,0.806225774829855
5472,4045,7604,True,0.9232566360656064
5473,3625,7610,True,0.9577121269959208
5474,57,7615,True,0.950641366796366
5475,831,7616,False,0.4200840252084029
5476,5454,7618,False,0.1537892896217584
5477,4698,7619,False,0.8
5478,3715,7622,False,0.0
5479,2869,7623,True,0.8583950752789522
5480,928,7624,False,0.1374785206590894
5481,3271,7626,False,0.0
5482,346,7627,True,0.9468179125017996
5483,1018,7628,False,0.3263569759322527
5484,926,7632,False,0.3975231959999626
5485,2886,7633,False,0.8
5486,3432,7637,True,0.330656462448912
5487,4510,7638,True,0.976434497914786
5488,3803,7639,False,0.1081066527101829
5489,609,7640,False,0.5518254055364693
5490,1518,7642,True,0.3465435524889751
5491,1889,7644,False,0.9591489567339498
5492,4778,7648,False,0.3962969619506085
5493,807,7650,False,0.4458225700602822
5494,475,7651,False,0.1801111297693363
5495,2547,7655,False,0.3909350184867624
5496,2445,7657,False,0.0
5497,2998,7657,False,0.0
5498,4987,7658,True,0.9680909133706456
5499,5096,7661,False,0.4622501635210242
5500,2339,7662,True,0.7984039238907333
5501,2642,7664,False,0.9198662110078
5502,2210,7667,True,0.7449887315796286
5503,6011,7670,False,0.0
5504,3853,7671,False,0.4592793267718459
5505,3800,7672,False,0.1335576319907544
5506,5171,7673,True,0.790483943457971
5507,3827,7674,False,0.0
5508,2953,7675,False,0.282842712474619
5509,2626,7677,True,0.9425800536582448
5510,4307,7678,False,0.318328007860187
5511,3136,7679,True,0.8728715609439696
5512,2790,7680,True,0.9554628571033812
5513,1143,7681,False,0.2752988806446741
5514,2816,7685,False,0.6130060338328881
5515,974,7687,True,0.8728715609439696
5516,5671,7690,False,0.3466876226407682
5517,4986,7691,False,0.0
5518,2670,7692,False,0.300964632714423
5519,2809,7694,False,0.0
5520,2265,7695,False,0.7687061147858074
5521,716,7696,False,0.3692744729379982
5522,4291,7696,False,0.3692744729379982
5523,4151,7697,False,0.3038218101251
5524,5251,7699,True,0.9232566360656064
5525,2358,7700,False,0.0
5526,555,7703,False,0.7801894976054939
5527,3493,7706,True,0.9681597400641164
5528,4659,7707,False,0.3030457633656632
5529,3661,7709,False,0.0
5530,3549,7710,False,0.0
5531,944,7711,True,0.7449887315796286
5532,2657,7715,False,0.3380617018914066
5533,3121,7716,False,0.4529108136578382
5534,925,7717,False,0.560448538317805
5535,2627,7720,False,0.0
5536,17,7721,True,0.9779932606517022
5537,3413,7722,False,0.3396831102433787
5538,4511,7726,False,0.0
5539,1369,7728,False,0.3328751429678414
5540,5975,7730,True,0.8660254037844386
5541,1257,7731,True,0.7673643458069226
5542,2398,7734,True,0.980408042723342
5543,4301,7735,False,0.2699527623995085
5544,36,7736,True,0.91780586250367
5545,630,7737,False,0.0
5546,394,7738,False,0.0
5547,1868,7738,False,0.0
5548,2084,7738,False,0.0
5549,1493,7743,False,0.3803194146278325
5550,927,7745,True,0.9385578520972678
5551,5386,7748,True,0.9454260016001064
5552,3090,7750,True,0.8789579340380455
5553,5767,7752,False,0.0
5554,1099,7754,False,0.5594309277855158
5555,3165,7755,True,0.9359875269989189
5556,4419,7756,False,0.0
5557,3322,7757,False,0.473049916791266
5558,3417,7758,False,0.0
5559,5191,7762,True,0.8035886491116784
5560,1097,7763,False,0.2788866755113585
5561,3409,7764,False,0.0
5562,3550,7767,False,0.0
5563,4147,7769,False,0.2956561979945413
5564,4930,7772,True,0.9559466470964064
5565,901,7773,False,0.1015930097040126
5566,5368,7775,False,0.0
5567,4535,7776,True,0.8660254037844386
5568,5499,7777,True,0.9657576686708672
5569,2057,7778,True,0.8911192508739202
5570,4171,7780,False,0.4909902530309828
5571,28,7780,False,0.4909902530309828
5572,3436,7781,False,0.1197467440961785
5573,5981,7785,False,0.1085033104447705
5574,5279,7786,True,0.8951435925492911
5575,5416,7788,True,0.7222854369745269
5576,2047,7790,False,0.25712973861329
5577,4873,7791,False,0.2108185106778919
5578,5901,7792,False,0.2970442628930023
5579,2456,7793,True,0.9673617501867888
5580,5053,7794,False,0.4619565781223888
5581,4970,7795,False,0.0
5582,5828,7798,True,0.9740917943881632
5583,3178,7800,False,0.5465943944999485
5584,3133,7801,False,0.334945317404154
5585,4698,7802,False,0.3922322702763681
5586,214,7804,False,0.0
5587,175,7806,False,0.3672793098117978
5588,652,7807,False,0.2391824366174699
5589,4318,7808,False,0.0
