Unnamed: 0,D1,D2,responses
0,3,2,False
1,3,1,False
2,4,3,False
3,4,2,False
4,4,1,False
5,6,5,False
6,7,6,False
7,7,5,False
8,8,7,False
9,8,6,False
10,8,5,False
11,9,8,False
12,9,7,False
13,9,6,False
14,9,5,False
15,10,9,False
16,10,8,False
17,10,7,False
18,10,6,False
19,10,5,False
20,11,10,False
21,11,9,False
22,11,8,False
23,11,7,False
25,11,5,False
26,12,11,False
27,12,10,False
28,12,9,False
29,12,8,False
30,12,7,False
32,12,5,False
33,13,12,False
34,13,11,False
35,13,10,False
36,13,9,False
37,13,8,False
38,13,7,False
40,13,5,False
41,14,13,False
42,14,12,False
43,14,11,False
44,14,10,False
45,14,9,False
46,14,8,False
47,14,7,False
49,14,5,False
50,16,15,False
51,17,16,False
52,17,15,False
53,18,17,False
54,18,16,False
55,18,15,False
56,19,18,False
57,19,17,False
58,19,16,False
59,19,15,False
60,20,19,False
61,20,18,False
62,20,17,False
63,20,16,False
64,20,15,False
65,21,20,False
66,21,19,False
67,21,18,False
68,21,17,False
69,21,16,False
70,21,15,False
71,22,21,False
72,22,20,False
73,22,19,False
74,22,18,False
75,22,17,False
76,22,16,False
77,22,15,False
78,23,22,False
79,23,21,False
80,23,20,False
81,23,19,False
82,23,18,False
83,23,17,False
84,23,16,False
85,23,15,False
86,24,23,False
87,24,22,False
88,24,21,False
89,24,20,False
90,24,19,False
91,24,18,False
92,24,17,False
93,24,16,False
94,24,15,False
95,25,24,False
96,25,23,False
97,25,22,False
98,25,21,False
99,25,20,False
100,25,19,False
101,25,18,False
102,25,17,False
103,25,16,False
104,25,15,False
105,26,25,False
106,26,24,False
107,26,23,False
108,26,22,False
109,26,21,False
110,26,20,False
111,26,19,False
112,26,18,False
113,26,17,False
114,26,16,False
115,26,15,False
117,27,25,False
118,27,24,False
119,27,23,False
120,27,22,False
121,27,21,False
122,27,20,False
123,27,19,False
124,27,18,False
125,27,17,False
126,27,16,False
127,27,15,False
129,28,26,False
130,28,25,False
131,28,24,False
132,28,23,False
133,28,22,False
134,28,21,False
135,28,20,False
136,28,19,False
137,28,18,False
138,28,17,False
139,28,16,False
140,28,15,False
141,29,28,False
142,29,27,False
143,29,26,False
144,29,25,False
145,29,24,False
146,29,23,False
147,29,22,False
148,29,21,False
149,29,20,False
150,29,19,False
151,29,18,False
152,29,17,False
153,29,16,False
154,29,15,False
155,30,29,False
156,30,28,False
157,30,27,False
158,30,26,False
159,30,25,False
160,30,24,False
161,30,23,False
162,30,22,False
163,30,21,False
164,30,20,False
165,30,19,False
166,30,18,False
167,30,17,False
168,30,16,False
169,30,15,False
170,31,30,False
171,31,29,False
172,31,28,False
173,31,27,False
174,31,26,False
175,31,25,False
176,31,24,False
177,31,23,False
178,31,22,False
179,31,21,False
180,31,20,False
181,31,19,False
182,31,18,False
183,31,17,False
184,31,16,False
185,31,15,False
186,32,31,False
187,32,30,False
188,32,29,False
189,32,28,False
190,32,27,False
191,32,26,False
192,32,25,False
193,32,24,False
194,32,23,False
195,32,22,False
196,32,21,False
197,32,20,False
198,32,19,False
199,32,18,False
200,32,17,False
201,32,16,False
202,32,15,False
203,33,32,False
204,33,31,False
205,33,30,False
206,33,29,False
207,33,28,False
208,33,27,False
209,33,26,False
210,33,25,False
211,33,24,False
212,33,23,False
213,33,22,False
214,33,21,False
215,33,20,False
216,33,19,False
217,33,18,False
218,33,17,False
219,33,16,False
220,33,15,False
221,34,33,False
222,34,32,False
223,34,31,False
224,34,30,False
225,34,29,False
226,34,28,False
227,34,27,False
228,34,26,False
229,34,25,False
230,34,24,False
231,34,23,False
232,34,22,False
233,34,21,False
234,34,20,False
235,34,19,False
236,34,18,False
237,34,17,False
238,34,16,False
239,34,15,False
240,35,34,False
241,35,33,False
242,35,32,False
243,35,31,False
244,35,30,False
245,35,29,False
246,35,28,False
247,35,27,False
248,35,26,False
249,35,25,False
250,35,24,False
251,35,23,False
252,35,22,False
253,35,21,False
254,35,20,False
255,35,19,False
257,35,17,False
258,35,16,False
259,35,15,False
260,36,35,False
261,36,34,False
262,36,33,False
263,36,32,False
264,36,31,False
265,36,30,False
266,36,29,False
267,36,28,False
268,36,27,False
269,36,26,False
270,36,25,False
271,36,24,False
272,36,23,False
273,36,22,False
274,36,21,False
275,36,20,False
276,36,19,False
277,36,18,False
278,36,17,False
279,36,16,False
280,36,15,False
281,37,36,False
282,37,35,False
283,37,34,False
284,37,33,False
285,37,32,False
286,37,31,False
287,37,30,False
288,37,29,False
289,37,28,False
290,37,27,False
291,37,26,False
292,37,25,False
294,37,23,False
295,37,22,False
296,37,21,False
297,37,20,False
298,37,19,False
299,37,18,False
300,37,17,False
301,37,16,False
302,37,15,False
303,38,37,False
304,38,36,False
305,38,35,False
306,38,34,False
307,38,33,False
308,38,32,False
309,38,31,False
310,38,30,False
311,38,29,False
312,38,28,False
313,38,27,False
314,38,26,False
316,38,24,False
317,38,23,False
318,38,22,False
319,38,21,False
320,38,20,False
321,38,19,False
322,38,18,False
323,38,17,False
324,38,16,False
325,38,15,False
326,39,38,False
327,39,37,False
328,39,36,False
329,39,35,False
330,39,34,False
331,39,33,False
332,39,32,False
333,39,31,False
334,39,30,False
335,39,29,False
336,39,28,False
337,39,27,False
338,39,26,False
339,39,25,False
340,39,24,False
341,39,23,False
342,39,22,False
343,39,21,False
344,39,20,False
345,39,19,False
346,39,18,False
347,39,17,False
348,39,16,False
349,39,15,False
350,40,39,False
351,40,38,False
352,40,37,False
353,40,36,False
354,40,35,False
355,40,34,False
356,40,33,False
357,40,32,False
358,40,31,False
359,40,30,False
360,40,29,False
361,40,28,False
362,40,27,False
363,40,26,False
364,40,25,False
365,40,24,False
366,40,23,False
367,40,22,False
368,40,21,False
369,40,20,False
370,40,19,False
371,40,18,False
372,40,17,False
373,40,16,False
374,40,15,False
375,41,40,False
376,41,39,False
377,41,38,False
378,41,37,False
379,41,36,False
380,41,35,False
381,41,34,False
382,41,33,False
383,41,32,False
384,41,31,False
385,41,30,False
386,41,29,False
387,41,28,False
388,41,27,False
389,41,26,False
390,41,25,False
391,41,24,False
392,41,23,False
393,41,22,False
394,41,21,False
395,41,20,False
396,41,19,False
397,41,18,False
398,41,17,False
399,41,16,False
400,41,15,False
401,42,41,False
402,42,40,False
403,42,39,False
404,42,38,False
405,42,37,False
406,42,36,False
407,42,35,False
408,42,34,False
409,42,33,False
410,42,32,False
411,42,31,False
412,42,30,False
413,42,29,False
414,42,28,False
415,42,27,False
416,42,26,False
417,42,25,False
418,42,24,False
419,42,23,False
420,42,22,False
421,42,21,False
422,42,20,False
423,42,19,False
424,42,18,False
425,42,17,False
426,42,16,False
427,42,15,False
428,43,42,False
429,43,41,False
430,43,40,False
431,43,39,False
432,43,38,False
433,43,37,False
434,43,36,False
435,43,35,False
436,43,34,False
437,43,33,False
438,43,32,False
439,43,31,False
440,43,30,False
441,43,29,False
442,43,28,False
443,43,27,False
444,43,26,False
445,43,25,False
446,43,24,False
447,43,23,False
448,43,22,False
449,43,21,False
450,43,20,False
451,43,19,False
452,43,18,False
453,43,17,False
454,43,16,False
455,43,15,False
456,44,43,False
457,44,42,False
458,44,41,False
459,44,40,False
460,44,39,False
461,44,38,False
462,44,37,False
463,44,36,False
464,44,35,False
465,44,34,False
466,44,33,False
467,44,32,False
468,44,31,False
469,44,30,False
470,44,29,False
471,44,28,False
472,44,27,False
473,44,26,False
474,44,25,False
475,44,24,False
476,44,23,False
478,44,21,False
479,44,20,False
480,44,19,False
481,44,18,False
482,44,17,False
483,44,16,False
484,44,15,False
485,45,44,False
486,45,43,False
487,45,42,False
488,45,41,False
489,45,40,False
490,45,39,False
491,45,38,False
492,45,37,False
493,45,36,False
495,45,34,False
496,45,33,False
497,45,32,False
498,45,31,False
500,45,29,False
501,45,28,False
502,45,27,False
503,45,26,False
504,45,25,False
505,45,24,False
506,45,23,False
507,45,22,False
508,45,21,False
509,45,20,False
510,45,19,False
511,45,18,False
512,45,17,False
513,45,16,False
514,45,15,False
515,46,45,False
516,46,44,False
517,46,43,False
518,46,42,False
519,46,41,False
520,46,40,False
521,46,39,False
522,46,38,False
523,46,37,False
524,46,36,False
525,46,35,False
526,46,34,False
527,46,33,False
528,46,32,False
529,46,31,False
530,46,30,False
531,46,29,False
532,46,28,False
533,46,27,False
534,46,26,False
535,46,25,False
536,46,24,False
537,46,23,False
538,46,22,False
539,46,21,False
540,46,20,False
541,46,19,False
542,46,18,False
543,46,17,False
544,46,16,False
545,46,15,False
546,47,46,False
547,47,45,False
548,47,44,False
549,47,43,False
551,47,41,False
552,47,40,False
553,47,39,False
554,47,38,False
555,47,37,False
556,47,36,False
557,47,35,False
558,47,34,False
559,47,33,False
560,47,32,False
561,47,31,False
562,47,30,False
563,47,29,False
564,47,28,False
565,47,27,False
566,47,26,False
567,47,25,False
568,47,24,False
569,47,23,False
570,47,22,False
571,47,21,False
572,47,20,False
573,47,19,False
574,47,18,False
575,47,17,False
576,47,16,False
577,47,15,False
578,48,47,False
579,48,46,False
581,48,44,False
582,48,43,False
583,48,42,False
584,48,41,False
585,48,40,False
586,48,39,False
587,48,38,False
588,48,37,False
589,48,36,False
590,48,35,False
591,48,34,False
592,48,33,False
593,48,32,False
594,48,31,False
595,48,30,False
596,48,29,False
597,48,28,False
598,48,27,False
599,48,26,False
600,48,25,False
601,48,24,False
602,48,23,False
603,48,22,False
604,48,21,False
605,48,20,False
606,48,19,False
607,48,18,False
608,48,17,False
609,48,16,False
610,48,15,False
611,49,48,False
612,49,47,False
613,49,46,False
614,49,45,False
615,49,44,False
616,49,43,False
617,49,42,False
618,49,41,False
619,49,40,False
620,49,39,False
621,49,38,False
622,49,37,False
623,49,36,False
624,49,35,False
625,49,34,False
626,49,33,False
627,49,32,False
628,49,31,False
629,49,30,False
630,49,29,False
631,49,28,False
632,49,27,False
633,49,26,False
636,49,23,False
637,49,22,False
638,49,21,False
639,49,20,False
640,49,19,False
641,49,18,False
642,49,17,False
643,49,16,False
644,49,15,False
645,50,49,False
646,50,48,False
647,50,47,False
648,50,46,False
649,50,45,False
650,50,44,False
651,50,43,False
652,50,42,False
653,50,41,False
654,50,40,False
655,50,39,False
656,50,38,False
657,50,37,False
658,50,36,False
659,50,35,False
660,50,34,False
661,50,33,False
662,50,32,False
663,50,31,False
664,50,30,False
665,50,29,False
666,50,28,False
667,50,27,False
668,50,26,False
669,50,25,False
670,50,24,False
671,50,23,False
672,50,22,False
673,50,21,False
674,50,20,False
675,50,19,False
676,50,18,False
677,50,17,False
678,50,16,False
679,50,15,False
680,51,50,False
681,51,49,False
682,51,48,False
683,51,47,False
684,51,46,False
685,51,45,False
686,51,44,False
687,51,43,False
688,51,42,False
689,51,41,False
690,51,40,False
691,51,39,False
692,51,38,False
693,51,37,False
694,51,36,False
695,51,35,False
696,51,34,False
697,51,33,False
698,51,32,False
699,51,31,False
700,51,30,False
701,51,29,False
702,51,28,False
703,51,27,False
704,51,26,False
705,51,25,False
706,51,24,False
707,51,23,False
708,51,22,False
709,51,21,False
710,51,20,False
711,51,19,False
712,51,18,False
713,51,17,False
714,51,16,False
715,51,15,False
716,53,52,False
717,54,53,False
719,55,54,False
720,55,53,False
721,55,52,False
722,56,55,False
723,56,54,False
724,56,53,False
725,56,52,False
726,57,56,False
727,57,55,False
728,57,54,False
729,57,53,False
730,57,52,False
731,58,57,False
732,58,56,False
733,58,55,False
734,58,54,False
735,58,53,False
736,58,52,False
737,59,58,False
738,59,57,False
739,59,56,False
740,59,55,False
741,59,54,False
742,59,53,False
743,59,52,False
744,60,59,False
745,60,58,False
746,60,57,False
747,60,56,False
748,60,55,False
749,60,54,False
750,60,53,False
751,60,52,False
752,61,60,False
753,61,59,False
754,61,58,False
755,61,57,False
756,61,56,False
757,61,55,False
758,61,54,False
759,61,53,False
761,61,51,False
762,61,49,False
763,61,46,False
764,61,43,False
765,61,40,False
766,61,38,False
768,61,36,False
769,61,32,False
771,61,28,False
772,61,27,False
773,61,26,False
775,61,24,False
776,61,22,False
777,61,20,False
779,61,16,False
780,62,60,False
781,62,59,False
782,62,58,False
783,62,57,False
784,62,56,False
785,62,55,False
786,62,54,False
787,62,53,False
789,63,51,False
790,63,49,False
791,63,45,False
792,63,44,False
793,63,43,False
794,63,38,False
795,63,37,False
796,63,35,False
797,63,29,False
798,63,28,False
799,63,27,False
800,63,26,False
801,63,25,False
802,63,24,False
803,63,23,False
804,63,22,False
805,63,20,False
806,63,16,False
807,64,63,False
808,64,51,False
809,64,50,False
810,64,49,False
811,64,48,False
812,64,47,False
813,64,46,False
814,64,45,False
815,64,44,False
816,64,43,False
817,64,42,False
818,64,41,False
819,64,40,False
820,64,39,False
821,64,38,False
822,64,37,False
823,64,36,False
824,64,35,False
825,64,34,False
826,64,33,False
827,64,32,False
828,64,31,False
829,64,30,False
830,64,29,False
831,64,28,False
832,64,27,False
833,64,26,False
834,64,25,False
835,64,24,False
837,64,22,False
838,64,21,False
839,64,20,False
840,64,19,False
841,64,18,False
842,64,17,False
843,64,16,False
844,64,15,False
845,65,64,False
846,65,63,False
847,65,51,False
848,65,50,False
849,65,49,False
850,65,48,False
851,65,47,False
852,65,46,False
853,65,45,False
854,65,44,False
855,65,43,False
856,65,42,False
857,65,41,False
858,65,40,False
859,65,39,False
860,65,38,False
861,65,37,False
862,65,36,False
863,65,35,False
864,65,34,False
865,65,33,False
866,65,32,False
867,65,31,False
868,65,30,False
869,65,29,False
870,65,28,False
871,65,27,False
872,65,26,False
873,65,25,False
874,65,24,False
875,65,23,False
876,65,22,False
877,65,21,False
878,65,20,False
879,65,19,False
880,65,18,False
881,65,17,False
882,65,16,False
883,65,15,False
884,66,65,False
885,66,64,False
886,66,63,True
887,66,51,False
888,66,49,False
889,66,45,False
890,66,44,False
891,66,43,False
892,66,38,False
893,66,37,False
894,66,35,False
895,66,29,False
896,66,28,False
897,66,27,False
898,66,26,False
899,66,25,False
900,66,24,False
901,66,23,False
902,66,22,False
903,66,20,False
904,66,16,False
905,67,66,False
906,67,65,False
907,67,64,False
908,67,63,False
909,67,51,False
910,67,50,False
911,67,49,False
912,67,48,False
913,67,47,False
914,67,46,False
915,67,45,False
916,67,44,False
917,67,43,False
918,67,42,False
919,67,41,False
920,67,40,False
921,67,39,False
922,67,38,False
923,67,37,False
924,67,36,False
925,67,35,False
926,67,34,False
927,67,33,False
928,67,32,False
929,67,31,False
930,67,30,False
931,67,29,False
932,67,28,False
933,67,27,False
934,67,26,False
935,67,25,False
936,67,24,False
937,67,23,False
938,67,22,False
939,67,21,False
940,67,20,False
942,67,18,False
943,67,17,False
944,67,16,False
945,67,15,False
946,68,67,False
948,68,65,False
949,68,64,False
950,68,63,True
951,68,51,False
952,68,49,False
953,68,45,False
954,68,44,False
955,68,43,False
956,68,38,False
957,68,37,False
958,68,35,False
959,68,29,False
960,68,28,False
961,68,27,False
962,68,26,False
963,68,25,False
964,68,24,False
965,68,23,False
966,68,22,False
967,68,20,False
968,68,16,False
969,69,68,False
970,69,67,False
971,69,66,False
972,69,65,False
973,69,64,False
974,69,63,True
975,69,44,False
976,69,35,False
977,69,25,False
978,69,24,False
979,70,69,False
980,70,68,False
981,70,67,False
982,70,66,False
983,70,65,False
984,70,64,False
985,70,63,True
986,70,51,False
987,70,49,False
988,70,45,False
989,70,44,False
990,70,43,False
991,70,38,False
992,70,37,False
993,70,35,False
994,70,29,False
995,70,28,False
996,70,27,False
997,70,26,False
998,70,25,False
999,70,24,False
1000,70,23,False
1001,70,22,False
1002,70,20,False
1003,70,16,False
1004,71,61,False
1005,71,60,False
1006,71,59,False
1007,71,58,False
1008,71,57,False
1009,71,56,False
1010,71,55,False
1011,71,54,False
1012,71,53,False
1014,71,51,False
1015,71,49,False
1016,71,43,False
1017,71,38,False
1018,71,29,False
1019,71,28,False
1020,71,27,False
1021,71,26,False
1022,71,25,False
1023,71,24,False
1024,71,22,False
1025,71,20,False
1026,71,16,False
1027,72,71,False
1028,72,70,False
1029,72,68,False
1030,72,66,False
1031,72,64,False
1033,72,62,False
1034,72,61,False
1035,72,60,False
1036,72,59,False
1037,72,58,False
1038,72,57,False
1039,72,56,False
1040,72,55,False
1041,72,54,False
1042,72,53,False
1043,72,52,False
1045,72,49,False
1046,72,43,False
1047,72,40,False
1048,72,38,False
1049,72,22,False
1050,72,19,False
1051,73,72,False
1052,73,71,False
1053,73,64,False
1054,73,61,False
1055,73,60,False
1056,73,59,False
1058,73,57,False
1059,73,56,False
1060,73,55,False
1061,73,54,False
1064,73,51,False
1065,73,50,False
1067,73,46,False
1068,73,43,False
1069,73,42,False
1070,73,41,False
1071,73,40,False
1072,73,38,False
1073,73,37,False
1074,73,36,False
1075,73,34,False
1076,73,32,False
1077,73,29,False
1078,73,28,False
1079,73,27,False
1080,73,26,False
1081,73,25,False
1082,73,24,False
1083,73,22,False
1084,73,21,False
1085,73,20,False
1086,73,19,False
1087,73,18,False
1088,73,16,False
1089,74,73,False
1090,74,71,False
1091,74,70,False
1092,74,68,False
1093,74,67,False
1094,74,66,False
1095,74,65,False
1097,74,63,False
1098,74,61,False
1099,74,51,False
1100,74,50,False
1101,74,49,False
1102,74,48,False
1103,74,47,False
1104,74,46,False
1105,74,45,False
1106,74,44,False
1107,74,43,False
1108,74,42,False
1109,74,41,False
1110,74,40,False
1111,74,39,False
1112,74,38,False
1113,74,37,False
1114,74,36,False
1115,74,35,False
1116,74,34,False
1117,74,33,False
1118,74,32,False
1119,74,31,False
1120,74,30,False
1121,74,29,False
1122,74,28,False
1123,74,27,False
1124,74,26,False
1125,74,25,False
1126,74,24,False
1127,74,23,False
1128,74,22,False
1129,74,21,False
1131,74,19,False
1132,74,18,False
1133,74,17,False
1134,74,16,False
1135,74,15,False
1136,75,74,False
1137,75,67,False
1138,75,65,False
1140,75,51,False
1141,75,50,False
1142,75,49,False
1143,75,48,False
1145,75,46,False
1146,75,45,False
1147,75,44,False
1148,75,43,False
1149,75,42,False
1150,75,41,False
1151,75,40,False
1152,75,39,False
1153,75,38,False
1154,75,37,False
1155,75,36,False
1156,75,35,False
1157,75,34,False
1158,75,33,False
1159,75,32,False
1160,75,31,False
1161,75,30,False
1162,75,29,False
1163,75,28,False
1164,75,27,False
1165,75,26,False
1166,75,25,False
1167,75,24,False
1168,75,23,False
1169,75,22,False
1170,75,21,False
1171,75,20,False
1172,75,19,False
1173,75,18,False
1174,75,17,False
1175,75,16,False
1176,75,15,False
1177,76,75,False
1178,76,74,False
1179,76,67,False
1180,76,65,False
1181,76,64,False
1182,76,51,False
1183,76,50,False
1184,76,49,False
1185,76,48,False
1186,76,47,False
1187,76,46,False
1188,76,45,False
1189,76,44,False
1190,76,43,False
1191,76,42,False
1192,76,41,False
1193,76,40,False
1194,76,39,False
1195,76,38,False
1196,76,37,False
1197,76,36,False
1198,76,35,False
1199,76,34,False
1200,76,33,False
1203,76,30,False
1204,76,29,False
1205,76,28,False
1206,76,27,False
1207,76,26,False
1208,76,25,False
1209,76,24,False
1210,76,23,False
1211,76,22,False
1212,76,21,False
1213,76,20,False
1214,76,19,False
1215,76,18,False
1216,76,17,False
1217,76,16,False
1219,77,76,False
1220,77,75,False
1221,77,74,False
1222,77,73,False
1223,77,71,False
1224,77,70,False
1225,77,68,False
1226,77,67,False
1227,77,66,False
1228,77,65,False
1230,77,63,False
1231,77,61,False
1232,77,51,False
1233,77,50,False
1234,77,49,False
1235,77,48,False
1236,77,47,False
1237,77,46,False
1238,77,45,False
1239,77,44,False
1240,77,43,False
1241,77,42,False
1242,77,41,False
1243,77,40,False
1244,77,39,False
1245,77,38,False
1246,77,37,False
1247,77,36,False
1248,77,35,False
1249,77,34,False
1250,77,33,False
1251,77,32,False
1252,77,31,False
1253,77,30,False
1254,77,29,False
1255,77,28,False
1256,77,27,False
1257,77,26,False
1258,77,25,False
1259,77,24,False
1260,77,23,False
1261,77,22,False
1262,77,21,False
1263,77,20,False
1264,77,19,False
1265,77,18,False
1266,77,17,False
1267,77,16,False
1268,77,15,False
1269,78,77,False
1270,78,76,False
1271,78,75,False
1272,78,74,False
1274,78,71,False
1275,78,70,False
1276,78,68,False
1277,78,67,False
1278,78,66,False
1279,78,65,False
1280,78,64,False
1281,78,63,False
1282,78,61,False
1283,78,51,False
1284,78,50,False
1285,78,49,False
1286,78,48,False
1287,78,47,False
1288,78,46,False
1289,78,45,False
1290,78,44,False
1291,78,43,False
1292,78,42,False
1293,78,41,False
1294,78,40,False
1295,78,39,False
1296,78,38,False
1297,78,37,False
1298,78,36,False
1299,78,35,False
1300,78,34,False
1301,78,33,False
1302,78,32,False
1303,78,31,False
1304,78,30,False
1305,78,29,False
1306,78,28,False
1307,78,27,False
1308,78,26,False
1309,78,25,False
1311,78,23,False
1312,78,22,False
1313,78,21,False
1314,78,20,False
1315,78,19,False
1316,78,18,False
1317,78,17,False
1318,78,16,False
1319,78,15,False
1320,80,79,True
1322,81,79,True
1323,82,81,False
1325,82,79,True
1326,84,83,False
1327,85,84,False
1328,85,83,False
1329,86,85,False
1331,86,83,False
1332,87,86,False
1333,87,85,False
1334,87,84,False
1335,87,83,False
1336,88,87,False
1337,88,86,False
1338,88,85,False
1339,88,84,False
1340,88,83,False
1341,89,88,False
1342,89,87,False
1343,89,86,False
1344,89,85,False
1345,89,84,False
1346,89,83,False
1347,90,89,False
1348,90,88,False
1349,90,87,False
1350,90,86,False
1351,90,85,False
1352,90,84,False
1353,90,83,False
1354,91,90,False
1355,91,89,False
1356,91,88,False
1357,91,87,False
1358,91,86,False
1360,91,84,False
1361,91,83,False
1362,92,91,False
1363,92,90,False
1364,92,89,False
1365,92,88,False
1366,92,87,False
1367,92,86,False
1368,92,85,False
1369,92,84,False
1370,92,83,False
1371,94,93,False
1372,95,94,False
1373,95,93,False
1374,96,95,False
1375,96,94,False
1376,96,93,False
1377,97,96,False
1378,97,95,False
1379,97,94,False
1380,97,93,False
1381,98,97,False
1382,98,96,False
1383,98,95,False
1384,98,94,False
1385,98,93,False
1386,99,98,False
1387,99,97,False
1388,99,96,False
1389,99,94,False
1392,100,98,False
1393,100,97,False
1394,100,96,False
1396,100,94,False
1397,100,93,False
1400,101,98,False
1402,101,96,False
1403,101,95,False
1404,101,94,False
1405,101,93,False
1406,102,101,False
1407,102,100,False
1409,102,98,False
1410,102,97,False
1411,102,96,False
1412,102,95,False
1413,102,94,False
1414,102,93,False
1415,103,102,False
1416,103,101,False
1417,103,100,False
1419,103,98,False
1420,103,97,False
1421,103,96,False
1422,103,95,False
1423,103,94,False
1424,103,93,False
1425,104,103,False
1426,104,102,False
1427,104,101,False
1428,104,100,False
1429,104,99,False
1430,104,98,False
1431,104,97,False
1432,104,96,False
1433,104,95,False
1434,104,94,False
1435,104,93,False
1436,105,104,False
1437,105,103,False
1438,105,102,False
1439,105,101,False
1440,105,100,False
1441,105,99,False
1442,105,98,False
1443,105,97,False
1444,105,96,False
1445,105,95,False
1446,105,94,False
1447,105,93,False
1448,106,105,False
1449,106,104,False
1450,106,103,False
1451,106,102,False
1452,106,101,False
1453,106,100,False
1454,106,98,False
1455,106,97,False
1456,106,96,False
1457,106,95,False
1458,106,94,False
1459,106,93,False
1460,107,106,False
1461,107,105,False
1462,107,104,False
1463,107,103,False
1464,107,102,False
1465,107,101,False
1466,107,100,False
1467,107,99,False
1468,107,98,False
1469,107,97,False
1470,107,96,False
1471,107,95,False
1472,107,94,False
1473,107,93,False
1474,108,107,False
1475,108,106,False
1476,108,105,False
1477,108,104,False
1478,108,103,False
1479,108,102,False
1480,108,101,False
1481,108,100,False
1482,108,99,False
1483,108,98,False
1484,108,97,False
1485,108,96,False
1487,108,94,False
1488,108,93,False
1489,109,108,False
1490,109,107,False
1492,109,105,False
1493,109,104,False
1494,109,103,False
1495,109,102,False
1496,109,101,False
1497,109,100,False
1498,109,99,False
1499,109,98,False
1500,109,97,False
1501,109,96,False
1502,109,95,False
1503,109,94,False
1504,109,93,False
1505,110,109,False
1506,110,108,False
1507,110,107,False
1508,110,106,False
1509,110,105,False
1510,110,104,False
1511,110,103,False
1512,110,102,False
1513,110,101,False
1514,110,100,False
1516,110,98,False
1517,110,97,False
1518,110,96,False
1519,110,95,False
1520,110,94,False
1521,110,93,False
1522,111,110,False
1523,111,109,False
1524,111,108,False
1525,111,107,False
1526,111,106,False
1527,111,105,False
1528,111,104,False
1529,111,103,False
1530,111,102,False
1531,111,101,False
1532,111,100,False
1533,111,98,False
1534,111,97,False
1535,111,96,False
1536,111,95,False
1537,111,94,False
1538,111,93,False
1539,112,111,False
1540,112,110,False
1541,112,109,False
1542,112,108,False
1544,112,106,False
1545,112,105,False
1546,112,104,False
1547,112,103,False
1548,112,102,False
1549,112,101,False
1550,112,100,False
1551,112,98,False
1552,112,97,False
1553,112,96,False
1554,112,95,False
1556,112,93,False
1557,113,112,False
1558,113,111,False
1559,113,110,False
1560,113,109,False
1561,113,106,False
1562,113,105,False
1563,113,102,False
1564,113,95,False
1565,114,113,False
1566,114,112,False
1567,114,111,False
1568,114,110,False
1569,114,109,False
1570,114,106,False
1571,114,105,False
1572,114,102,False
1573,114,95,False
1574,115,112,False
1575,115,111,False
1576,115,110,False
1577,115,109,False
1578,115,108,False
1579,115,107,False
1580,115,106,False
1581,115,105,False
1582,115,104,False
1583,115,103,False
1584,115,102,False
1585,115,101,False
1586,115,100,False
1588,115,98,False
1589,115,97,False
1590,115,96,False
1591,115,95,False
1592,115,94,False
1593,115,93,False
1594,116,115,False
1595,116,112,False
1596,116,111,False
1597,116,110,False
1598,116,109,False
1599,116,108,False
1600,116,107,False
1601,116,106,False
1602,116,105,False
1603,116,104,False
1604,116,103,False
1605,116,102,False
1606,116,101,False
1607,116,100,False
1608,116,99,False
1609,116,98,False
1610,116,97,False
1611,116,96,False
1612,116,95,False
1613,116,94,False
1614,116,93,False
1615,117,116,False
1617,117,114,False
1618,117,113,False
1619,117,112,False
1620,117,111,False
1621,117,110,False
1622,117,109,False
1623,117,108,False
1624,117,107,False
1625,117,106,False
1626,117,105,False
1627,117,104,False
1628,117,103,False
1629,117,102,False
1630,117,101,False
1631,117,100,False
1633,117,97,False
1634,117,96,False
1636,117,94,False
1637,117,93,False
1638,118,117,False
1639,118,114,False
1640,118,113,False
1641,118,112,False
1642,118,106,False
1643,118,104,False
1644,118,98,False
1645,119,118,False
1646,119,117,False
1647,119,114,False
1648,119,113,False
1649,119,112,False
1650,119,106,False
1651,119,104,False
1653,119,95,False
1654,120,119,False
1655,120,118,False
1656,120,117,False
1657,120,114,False
1658,120,113,False
1659,120,112,False
1660,120,110,False
1661,120,109,False
1662,120,106,False
1663,120,102,False
1664,121,120,False
1665,121,119,False
1666,121,118,False
1667,121,117,False
1668,121,116,False
1669,121,114,False
1670,121,113,False
1671,121,112,False
1672,121,111,False
1673,121,110,False
1674,121,109,False
1675,121,108,False
1676,121,106,False
1677,121,104,False
1678,121,103,False
1679,121,102,False
1680,121,98,False
1681,121,95,False
1682,122,121,False
1683,122,120,False
1684,122,119,False
1685,122,118,False
1686,122,117,False
1687,122,114,False
1688,122,113,False
1689,122,112,False
1691,122,110,False
1692,122,109,False
1693,122,106,False
1694,122,105,False
1695,122,104,False
1696,122,102,False
1697,122,95,False
1698,123,122,False
1699,123,121,False
1700,123,120,False
1701,123,119,False
1702,123,118,False
1703,123,117,False
1704,123,114,False
1705,123,113,False
1706,123,112,False
1707,123,111,False
1708,123,110,False
1709,123,109,False
1710,123,106,False
1711,123,104,False
1712,123,98,False
1713,123,95,False
1714,124,123,False
1715,124,122,False
1716,124,121,False
1717,124,120,False
1718,124,119,False
1719,124,118,False
1720,124,117,False
1721,124,114,False
1722,124,113,False
1723,124,112,False
1725,124,110,False
1726,124,109,False
1728,124,105,False
1729,124,102,False
1730,124,95,False
1731,125,124,False
1732,125,123,False
1733,125,122,False
1734,125,121,False
1735,125,120,False
1736,125,119,False
1737,125,118,False
1738,125,117,False
1739,125,114,False
1740,125,113,False
1741,125,112,False
1742,125,111,False
1743,125,110,False
1744,125,109,False
1745,125,106,False
1746,125,105,False
1747,125,102,False
1748,125,95,False
1749,126,125,False
1750,126,124,False
1751,126,123,False
1752,126,122,False
1753,126,121,False
1754,126,119,False
1755,126,118,False
1756,126,117,False
1757,126,116,False
1758,126,115,False
1759,126,114,False
1760,126,112,False
1761,126,111,False
1762,126,110,False
1763,126,109,False
1764,126,108,False
1765,126,107,False
1766,126,106,False
1767,126,105,False
1768,126,104,False
1769,126,103,False
1770,126,102,False
1771,126,101,False
1772,126,100,False
1773,126,98,False
1774,126,97,False
1775,126,96,False
1776,126,95,False
1777,126,94,False
1778,126,93,False
1779,127,126,False
1780,127,125,False
1781,127,124,False
1782,127,123,False
1783,127,122,False
1784,127,121,False
1785,127,120,False
1786,127,119,False
1787,127,118,False
1788,127,117,False
1789,127,114,False
1790,127,113,False
1791,127,112,False
1792,127,111,False
1793,127,110,False
1794,127,109,False
1795,127,106,False
1796,127,105,False
1797,127,102,False
1798,127,95,False
1799,128,126,True
1800,128,123,True
1801,128,116,True
1802,128,115,True
1803,128,112,True
1804,128,111,True
1805,128,110,True
1806,128,109,True
1807,128,108,True
1808,128,107,True
1809,128,106,True
1810,128,105,True
1811,128,104,True
1812,128,103,True
1813,128,102,True
1814,128,101,True
1815,128,100,True
1816,128,99,True
1817,128,98,True
1818,128,97,True
1819,128,96,True
1820,128,95,True
1821,128,94,True
1822,128,93,True
1823,130,129,False
1824,131,130,False
1825,131,129,False
1827,131,69,False
1828,131,68,False
1829,131,67,False
1830,131,66,False
1831,131,65,False
1833,132,131,False
1834,132,130,False
1835,132,129,False
1836,133,132,False
1837,133,131,False
1838,133,130,False
1839,133,129,False
1840,134,133,False
1841,134,132,False
1842,134,131,False
1843,134,130,False
1844,134,129,False
1845,135,134,False
1846,135,133,False
1847,135,132,False
1848,135,131,False
1849,135,130,False
1850,135,129,False
1852,136,134,False
1853,136,133,False
1854,136,132,False
1855,136,131,False
1856,136,130,False
1857,136,129,False
1858,137,136,False
1859,137,135,False
1862,137,132,False
1863,137,130,False
1864,137,129,False
1865,138,137,False
1867,138,135,False
1868,138,134,False
1869,138,133,False
1870,138,132,False
1871,138,130,False
1872,138,129,False
1873,139,138,False
1874,139,137,False
1877,139,134,False
1878,139,133,False
1879,139,132,False
1880,139,130,False
1881,139,129,False
1882,140,139,False
1883,140,138,False
1884,140,137,False
1885,140,136,False
1886,140,135,False
1887,140,134,False
1888,140,133,False
1889,140,132,False
1890,140,130,False
1891,140,129,False
1892,141,140,False
1893,141,139,False
1894,141,138,False
1895,141,137,False
1896,141,136,False
1897,141,135,False
1898,141,134,False
1900,141,132,False
1901,141,130,False
1902,141,129,False
1903,142,141,False
1904,142,140,False
1905,142,139,False
1906,142,138,False
1907,142,137,False
1908,142,136,False
1909,142,135,False
1911,142,133,False
1913,142,130,False
1914,142,129,False
1915,143,142,False
1916,143,141,False
1917,143,140,False
1918,143,139,False
1919,143,138,False
1920,143,137,False
1924,143,133,False
1925,143,132,False
1926,143,130,False
1928,144,143,False
1929,144,142,False
1930,144,141,False
1931,144,140,False
1932,144,139,False
1933,144,138,False
1934,144,137,False
1935,144,136,False
1936,144,135,False
1938,144,133,False
1940,144,130,False
1941,144,129,False
1942,145,144,False
1943,145,143,False
1944,145,142,False
1945,145,141,False
1946,145,140,False
1947,145,139,False
1948,145,138,False
1949,145,137,False
1950,145,136,False
1951,145,135,False
1954,145,132,False
1955,145,130,False
1956,145,129,False
1957,146,145,False
1958,146,144,False
1960,146,142,False
1961,146,141,False
1962,146,140,False
1963,146,139,False
1964,146,138,False
1965,146,137,False
1967,146,135,False
1969,146,133,False
1970,146,132,False
1971,146,130,False
1973,147,146,False
1974,147,145,False
1975,147,144,False
1977,147,142,False
1978,147,141,False
1979,147,140,False
1980,147,139,False
1981,147,138,False
1982,147,137,False
1983,147,136,False
1984,147,135,False
1986,147,133,False
1987,147,132,False
1988,147,130,False
1989,147,129,False
1990,148,147,False
1991,148,146,False
1992,148,145,False
1993,148,144,False
1994,148,143,False
1995,148,142,False
1996,148,141,False
1997,148,140,False
1998,148,139,False
1999,148,138,False
2000,148,137,False
2001,148,136,False
2005,148,132,False
2006,148,131,False
2007,148,130,False
2009,149,148,False
2010,149,147,False
2011,149,146,False
2012,149,145,False
2013,149,144,False
2014,149,143,False
2015,149,142,False
2016,149,141,False
2017,149,140,False
2018,149,139,False
2019,149,138,False
2020,149,137,False
2021,149,136,False
2022,149,135,False
2023,149,134,False
2024,149,133,False
2025,149,132,False
2026,149,130,False
2027,149,129,False
2028,150,149,False
2029,150,148,False
2030,150,147,False
2031,150,146,False
2032,150,145,False
2033,150,144,False
2034,150,143,False
2035,150,142,False
2036,150,141,False
2037,150,140,False
2038,150,139,False
2039,150,138,False
2040,150,137,False
2041,150,136,False
2042,150,135,False
2043,150,134,False
2045,150,132,False
2046,150,130,False
2047,150,129,False
2048,151,150,False
2049,151,149,False
2050,151,148,False
2051,151,147,False
2052,151,146,False
2053,151,145,False
2054,151,144,False
2055,151,143,False
2056,151,142,False
2057,151,141,False
2058,151,140,False
2059,151,139,False
2060,151,138,False
2061,151,137,False
2062,151,136,False
2063,151,135,False
2066,151,132,False
2067,151,130,False
2068,151,129,False
2069,152,151,False
2070,152,150,False
2071,152,149,False
2072,152,148,False
2073,152,147,False
2074,152,146,False
2075,152,145,False
2076,152,144,False
2077,152,143,False
2078,152,142,False
2079,152,141,False
2080,152,140,False
2081,152,139,False
2082,152,138,False
2083,152,137,False
2084,152,136,False
2085,152,135,False
2086,152,134,False
2088,152,132,False
2089,152,130,False
2090,152,129,False
2091,153,152,False
2092,153,151,False
2093,153,150,False
2094,153,149,False
2095,153,148,False
2096,153,147,False
2097,153,146,False
2098,153,145,False
2099,153,144,False
2100,153,143,False
2101,153,142,False
2102,153,141,False
2103,153,140,False
2104,153,139,False
2105,153,138,False
2106,153,137,False
2107,153,136,False
2108,153,135,False
2110,153,133,False
2111,153,132,False
2112,153,130,False
2113,153,129,False
2114,154,153,False
2115,154,152,False
2116,154,151,False
2117,154,150,False
2118,154,149,False
2119,154,148,False
2120,154,147,False
2121,154,146,False
2122,154,145,False
2123,154,144,False
2124,154,143,False
2125,154,142,False
2126,154,141,False
2127,154,140,False
2128,154,139,False
2129,154,138,False
2130,154,137,False
2132,154,135,False
2133,154,134,False
2135,154,132,False
2136,154,130,False
2137,154,129,False
2138,155,154,False
2139,155,153,False
2140,155,152,False
2141,155,151,False
2142,155,150,False
2143,155,149,False
2144,155,148,False
2145,155,147,False
2146,155,146,False
2147,155,145,False
2148,155,144,False
2149,155,143,False
2150,155,142,False
2151,155,141,False
2152,155,140,False
2153,155,139,False
2154,155,138,False
2155,155,137,False
2156,155,136,False
2157,155,135,False
2158,155,134,False
2159,155,133,False
2160,155,132,False
2163,156,155,False
2164,156,154,False
2165,156,153,False
2166,156,152,False
2167,156,151,False
2168,156,150,False
2169,156,149,False
2170,156,148,False
2171,156,147,False
2172,156,146,False
2173,156,145,False
2174,156,144,False
2175,156,143,False
2176,156,142,False
2177,156,141,False
2178,156,140,False
2179,156,139,False
2180,156,138,False
2181,156,137,False
2183,156,135,False
2184,156,134,False
2185,156,133,False
2186,156,132,False
2187,156,130,False
2188,156,129,False
2189,157,156,False
2190,157,155,False
2191,157,154,False
2192,157,153,False
2193,157,152,False
2194,157,151,False
2195,157,150,False
2196,157,149,False
2197,157,148,False
2198,157,147,False
2199,157,146,False
2200,157,145,False
2201,157,144,False
2202,157,143,False
2203,157,142,False
2204,157,141,False
2205,157,140,False
2206,157,139,False
2207,157,138,False
2208,157,137,False
2209,157,136,False
2210,157,135,False
2211,157,134,False
2213,157,132,False
2214,157,130,False
2215,157,129,False
2216,158,157,False
2217,158,156,False
2218,158,155,False
2219,158,154,False
2220,158,153,False
2221,158,152,False
2222,158,151,False
2223,158,150,False
2224,158,149,False
2225,158,148,False
2226,158,147,False
2227,158,146,False
2228,158,145,False
2229,158,144,False
2230,158,143,False
2231,158,142,False
2232,158,141,False
2233,158,140,False
2234,158,139,False
2235,158,138,False
2236,158,137,False
2240,158,133,False
2241,158,132,False
2242,158,130,False
2243,158,129,False
2244,159,158,False
2245,159,157,False
2246,159,156,False
2247,159,155,False
2248,159,154,False
2249,159,153,False
2250,159,152,False
2251,159,151,False
2252,159,150,False
2253,159,149,False
2254,159,148,False
2255,159,147,False
2256,159,146,False
2257,159,145,False
2258,159,144,False
2259,159,143,False
2260,159,142,False
2261,159,141,False
2262,159,140,False
2263,159,139,False
2264,159,138,False
2265,159,137,False
2266,159,136,False
2270,159,132,False
2271,159,130,False
2272,159,129,False
2273,160,159,False
2274,160,158,False
2275,160,157,False
2276,160,156,False
2277,160,155,False
2278,160,154,False
2279,160,153,False
2280,160,152,False
2281,160,151,False
2282,160,150,False
2283,160,149,False
2284,160,148,False
2285,160,147,False
2286,160,146,False
2287,160,145,False
2288,160,144,False
2289,160,143,False
2290,160,142,False
2291,160,141,False
2292,160,140,False
2293,160,139,False
2295,160,137,False
2296,160,136,False
2298,160,134,False
2300,160,132,False
2301,160,130,False
2302,160,129,False
2303,161,160,False
2304,161,159,False
2305,161,158,False
2307,161,156,False
2308,161,155,False
2309,161,154,False
2310,161,153,False
2311,161,152,False
2312,161,151,False
2313,161,150,False
2314,161,149,False
2315,161,148,False
2316,161,147,False
2317,161,146,False
2318,161,145,False
2319,161,144,False
2320,161,143,False
2321,161,142,False
2322,161,141,False
2323,161,140,False
2326,161,137,False
2328,161,135,False
2332,161,130,False
2333,161,129,False
2334,162,161,False
2336,162,159,False
2337,162,158,False
2339,162,156,False
2340,162,155,False
2341,162,154,False
2342,162,153,False
2343,162,152,False
2344,162,151,False
2346,162,149,False
2347,162,148,False
2348,162,147,False
2349,162,146,False
2350,162,145,False
2351,162,144,False
2352,162,143,False
2353,162,142,False
2354,162,141,False
2355,162,140,False
2356,162,139,False
2357,162,138,False
2358,162,137,False
2360,162,135,False
2362,162,133,False
2363,162,132,False
2364,162,130,False
2365,162,129,False
2366,163,162,False
2367,163,161,False
2368,163,160,False
2369,163,159,False
2370,163,158,False
2371,163,157,False
2372,163,156,False
2373,163,155,False
2374,163,154,False
2375,163,153,False
2376,163,152,False
2377,163,151,False
2378,163,150,False
2379,163,149,False
2380,163,148,False
2381,163,147,False
2382,163,146,False
2383,163,145,False
2384,163,144,False
2385,163,143,False
2386,163,142,False
2387,163,141,False
2388,163,140,False
2389,163,139,False
2390,163,138,False
2391,163,137,False
2392,163,136,False
2394,163,134,False
2395,163,133,False
2396,163,132,False
2397,163,130,False
2398,163,129,False
2399,164,163,False
2400,164,162,False
2401,164,161,False
2402,164,160,False
2403,164,159,False
2404,164,158,False
2406,164,156,False
2407,164,155,False
2408,164,154,False
2409,164,153,False
2410,164,152,False
2411,164,151,False
2412,164,150,False
2413,164,149,False
2414,164,148,False
2415,164,147,False
2416,164,146,False
2417,164,145,False
2418,164,144,False
2419,164,143,False
2420,164,142,False
2421,164,141,False
2422,164,140,False
2423,164,139,False
2424,164,138,False
2425,164,137,False
2427,164,135,False
2428,164,134,False
2430,164,132,False
2431,164,130,False
2432,164,129,False
2433,165,164,False
2434,165,163,False
2435,165,162,False
2436,165,161,False
2437,165,160,False
2438,165,159,False
2439,165,158,False
2440,165,157,False
2441,165,156,False
2442,165,155,False
2443,165,154,False
2444,165,153,False
2446,165,151,False
2447,165,150,False
2448,165,149,False
2449,165,148,False
2450,165,147,False
2451,165,146,False
2452,165,145,False
2453,165,144,False
2454,165,143,False
2455,165,142,False
2456,165,141,False
2457,165,140,False
2458,165,139,False
2459,165,138,False
2460,165,137,False
2461,165,136,False
2462,165,135,False
2463,165,134,False
2464,165,133,False
2465,165,132,False
2466,165,130,False
2467,165,129,False
2468,166,165,False
2469,166,164,False
2470,166,163,False
2471,166,162,False
2472,166,161,False
2473,166,160,False
2474,166,159,False
2475,166,158,False
2476,166,157,False
2477,166,156,False
2478,166,155,False
2479,166,154,False
2480,166,153,False
2481,166,152,False
2482,166,151,False
2483,166,150,False
2484,166,149,False
2485,166,148,False
2486,166,147,False
2487,166,146,False
2488,166,145,False
2489,166,144,False
2490,166,143,False
2491,166,142,False
2492,166,141,False
2493,166,140,False
2494,166,139,False
2495,166,138,False
2496,166,137,False
2497,166,136,False
2498,166,135,False
2499,166,134,False
2501,166,132,False
2502,166,130,False
2503,166,129,False
2504,167,166,False
2505,167,165,False
2506,167,164,False
2507,167,163,False
2508,167,162,False
2510,167,160,False
2511,167,159,False
2512,167,158,False
2513,167,157,False
2514,167,156,False
2515,167,155,False
2516,167,154,False
2517,167,153,False
2518,167,152,False
2519,167,151,False
2520,167,150,False
2521,167,149,False
2522,167,148,False
2523,167,147,False
2524,167,146,False
2525,167,145,False
2526,167,144,False
2527,167,143,False
2528,167,142,False
2529,167,141,False
2530,167,140,False
2531,167,139,False
2533,167,137,False
2535,167,135,False
2538,167,132,False
2539,167,130,False
2540,167,129,False
2541,168,167,False
2542,168,166,False
2543,168,165,False
2544,168,164,False
2545,168,163,False
2546,168,162,False
2547,168,161,False
2548,168,160,False
2549,168,159,False
2550,168,158,False
2552,168,156,False
2553,168,155,False
2554,168,154,False
2555,168,153,False
2556,168,152,False
2557,168,151,False
2558,168,150,False
2559,168,149,False
2560,168,148,False
2561,168,147,False
2562,168,146,False
2563,168,145,False
2564,168,144,False
2565,168,143,False
2566,168,142,False
2567,168,141,False
2568,168,140,False
2569,168,139,False
2570,168,138,False
2571,168,137,False
2574,168,134,False
2575,168,133,False
2576,168,132,False
2577,168,130,False
2578,168,129,False
2579,169,168,False
2580,169,167,False
2581,169,166,False
2582,169,165,False
2583,169,164,False
2584,169,163,False
2586,169,161,False
2587,169,160,False
2588,169,159,False
2589,169,158,False
2590,169,157,False
2591,169,156,False
2592,169,155,False
2593,169,154,False
2594,169,153,False
2595,169,152,False
2596,169,151,False
2597,169,150,False
2598,169,149,False
2599,169,148,False
2600,169,147,False
2601,169,146,False
2602,169,145,False
2603,169,144,False
2604,169,143,False
2605,169,142,False
2606,169,141,False
2607,169,140,False
2608,169,139,False
2609,169,138,False
2610,169,137,False
2611,169,136,False
2612,169,135,False
2615,169,132,False
2616,169,130,False
2617,169,129,False
2618,170,169,False
2619,170,168,False
2620,170,167,False
2621,170,166,False
2622,170,165,False
2623,170,164,False
2624,170,163,False
2625,170,162,False
2626,170,161,False
2627,170,160,False
2628,170,159,False
2629,170,158,False
2631,170,156,False
2632,170,155,False
2633,170,154,False
2634,170,153,False
2635,170,152,False
2636,170,151,False
2637,170,150,False
2638,170,149,False
2639,170,148,False
2640,170,147,False
2641,170,146,False
2642,170,145,False
2643,170,144,False
2644,170,143,False
2645,170,142,False
2646,170,141,False
2647,170,140,False
2648,170,139,False
2649,170,138,False
2650,170,137,False
2651,170,136,False
2652,170,135,False
2653,170,134,False
2654,170,133,False
2655,170,132,False
2656,170,130,False
2657,170,129,False
2658,171,170,False
2659,171,169,False
2660,171,168,False
2661,171,167,False
2662,171,166,False
2663,171,165,False
2664,171,164,False
2665,171,163,False
2666,171,162,False
2668,171,160,False
2669,171,159,False
2670,171,158,False
2671,171,157,False
2672,171,156,False
2673,171,155,False
2674,171,154,False
2675,171,153,False
2676,171,152,False
2678,171,150,False
2679,171,149,False
2680,171,148,False
2681,171,147,False
2682,171,146,False
2683,171,145,False
2684,171,144,False
2685,171,143,False
2686,171,142,False
2687,171,141,False
2688,171,140,False
2689,171,139,False
2691,171,137,False
2693,171,135,False
2694,171,134,False
2698,171,129,False
2699,172,171,False
2700,172,170,False
2701,172,169,False
2702,172,168,False
2703,172,167,False
2704,172,166,False
2705,172,165,False
2706,172,164,False
2707,172,163,False
2708,172,162,False
2709,172,161,False
2710,172,160,False
2711,172,159,False
2712,172,158,False
2713,172,157,False
2714,172,156,False
2715,172,155,False
2716,172,154,False
2717,172,153,False
2718,172,152,False
2719,172,151,False
2720,172,150,False
2721,172,149,False
2722,172,148,False
2723,172,147,False
2724,172,146,False
2725,172,145,False
2726,172,144,False
2727,172,143,False
2728,172,142,False
2729,172,141,False
2730,172,140,False
2731,172,139,False
2732,172,138,False
2733,172,137,False
2734,172,136,False
2735,172,135,False
2736,172,134,False
2737,172,133,False
2738,172,132,False
2739,172,130,False
2740,172,129,False
2742,173,171,False
2743,173,170,False
2744,173,169,False
2745,173,168,False
2747,173,166,False
2748,173,165,False
2749,173,164,False
2750,173,163,False
2751,173,162,False
2753,173,160,False
2754,173,159,False
2755,173,158,False
2756,173,157,False
2757,173,156,False
2758,173,155,False
2759,173,154,False
2760,173,153,False
2761,173,152,False
2762,173,151,False
2764,173,149,False
2765,173,148,False
2766,173,147,False
2767,173,146,False
2768,173,145,False
2769,173,144,False
2770,173,143,False
2771,173,142,False
2772,173,141,False
2773,173,140,False
2775,173,138,False
2776,173,137,False
2777,173,136,False
2778,173,135,False
2780,173,133,False
2781,173,132,False
2782,173,130,False
2783,173,129,False
2784,174,173,False
2785,174,172,False
2786,174,171,False
2787,174,170,False
2788,174,169,False
2789,174,168,False
2790,174,167,False
2791,174,166,False
2792,174,165,False
2793,174,164,False
2794,174,163,False
2795,174,162,False
2796,174,161,False
2797,174,160,False
2798,174,159,False
2799,174,158,False
2800,174,157,False
2801,174,156,False
2802,174,155,False
2803,174,154,False
2804,174,153,False
2805,174,152,False
2806,174,151,False
2807,174,150,False
2808,174,149,False
2809,174,148,False
2810,174,147,False
2811,174,146,False
2812,174,145,False
2813,174,144,False
2814,174,143,False
2815,174,142,False
2816,174,141,False
2817,174,140,False
2818,174,139,False
2819,174,138,False
2820,174,137,False
2821,174,136,False
2822,174,135,False
2824,174,133,False
2825,174,132,False
2826,174,130,False
2827,174,129,False
2828,176,175,True
2829,177,176,False
2830,177,175,True
2831,178,177,False
2832,178,176,False
2833,178,175,True
2834,180,179,False
2835,182,181,False
2836,183,182,False
2837,183,181,False
2838,184,183,False
2839,184,182,False
2840,184,181,False
2841,185,184,False
2842,185,183,False
2843,185,182,False
2844,185,181,False
2845,186,185,False
2846,186,184,False
2847,186,183,False
2848,186,182,False
2849,186,181,False
2850,187,186,False
2851,187,185,False
2852,187,184,False
2853,187,183,False
2855,187,181,False
2856,188,187,False
2857,188,186,False
2858,188,185,False
2859,188,184,False
2860,188,183,False
2861,188,182,False
2862,188,181,False
2863,189,188,False
2864,189,187,False
2865,189,186,False
2866,189,185,False
2867,189,184,False
2868,189,183,False
2870,189,181,False
2871,190,189,False
2872,190,188,False
2873,190,187,False
2874,190,186,False
2875,190,185,False
2876,190,184,False
2877,190,183,False
2878,190,182,False
2879,190,181,False
2880,191,190,False
2881,191,189,False
2882,191,188,False
2883,191,187,False
2884,191,186,False
2885,191,185,False
2886,191,184,False
2887,191,183,False
2888,191,182,False
2889,191,181,False
2890,192,191,False
2891,192,190,False
2892,192,189,False
2893,192,188,False
2894,192,187,False
2895,192,186,False
2896,192,185,False
2897,192,184,False
2898,192,183,False
2899,192,182,False
2900,192,181,False
2901,193,192,False
2902,193,191,False
2903,193,190,False
2904,193,189,False
2905,193,188,False
2906,193,187,False
2907,193,186,False
2908,193,185,False
2909,193,184,False
2910,193,183,False
2911,193,182,False
2912,193,181,False
2913,194,193,False
2914,194,192,False
2915,194,191,False
2916,194,190,False
2917,194,189,False
2918,194,188,False
2919,194,187,False
2920,194,186,False
2921,194,185,False
2922,194,184,False
2923,194,183,False
2924,194,182,False
2925,194,181,False
2926,195,194,False
2927,195,193,False
2928,195,192,False
2929,195,191,False
2930,195,190,False
2931,195,189,False
2932,195,188,False
2933,195,187,False
2934,195,186,False
2935,195,185,False
2936,195,184,False
2937,195,183,False
2938,195,182,False
2939,195,181,False
2940,196,195,False
2941,196,194,False
2942,196,193,False
2943,196,192,False
2944,196,191,False
2945,196,190,False
2946,196,189,False
2947,196,188,False
2948,196,187,False
2949,196,186,False
2950,196,185,False
2951,196,184,False
2952,196,183,False
2953,196,182,False
2954,196,181,False
2955,197,196,False
2956,197,195,False
2957,197,194,False
2958,197,193,False
2959,197,192,False
2960,197,191,False
2961,197,190,False
2962,197,189,False
2963,197,188,False
2964,197,187,False
2965,197,186,False
2966,197,185,False
2967,197,184,False
2968,197,183,False
2969,197,182,False
2970,197,181,False
2971,198,197,False
2972,198,196,False
2973,198,195,False
2974,198,194,False
2975,198,193,False
2976,198,192,False
2977,198,191,False
2978,198,190,False
2979,198,189,False
2980,198,188,False
2981,198,187,False
2982,198,186,False
2983,198,185,False
2984,198,184,False
2985,198,183,False
2987,198,181,False
2988,199,198,False
2989,199,197,False
2990,199,196,False
2991,199,195,False
2992,199,194,False
2993,199,193,False
2994,199,192,False
2995,199,191,False
2996,199,190,False
2997,199,189,False
2998,199,188,False
2999,199,187,False
3000,199,186,False
3001,199,185,False
3002,199,184,False
3003,199,183,False
3004,199,182,False
3005,199,181,False
3006,200,199,False
3007,200,198,False
3008,200,197,False
3009,200,196,False
3010,200,195,False
3011,200,194,False
3012,200,193,False
3013,200,192,False
3014,200,191,False
3015,200,190,False
3016,200,189,False
3017,200,188,False
3018,200,187,False
3019,200,186,False
3020,200,185,False
3021,200,184,False
3022,200,183,False
3023,200,182,False
3024,200,181,False
3029,201,107,True
3031,201,102,True
3034,201,97,True
3035,201,96,True
3036,201,95,True
3037,202,201,False
3040,202,100,True
3043,202,96,True
3044,202,94,True
3046,203,202,False
3048,204,203,False
3049,204,202,False
3050,204,201,False
3052,204,108,True
3054,204,105,True
3056,204,101,True
3060,204,96,True
3062,204,94,True
3063,204,93,True
3064,205,204,False
3065,205,203,False
3066,205,202,False
3067,205,201,False
3070,205,110,True
3072,205,101,True
3073,205,97,True
3075,206,205,False
3076,206,204,False
3077,206,203,False
3078,206,202,False
3079,206,201,False
3082,206,108,True
3084,206,105,True
3085,206,103,True
3089,206,97,True
3091,206,94,True
3092,206,93,True
3093,207,206,False
3094,207,205,False
3095,207,204,False
3096,207,203,False
3097,207,202,False
3098,207,201,False
3104,207,101,True
3107,208,207,False
3108,208,206,False
3109,208,205,False
3110,208,204,False
3111,208,203,False
3112,208,202,False
3113,208,201,False
3114,209,208,False
3115,209,207,False
3116,209,206,False
3117,209,205,False
3118,209,204,False
3119,209,203,False
3120,209,202,False
3121,209,201,False
3123,209,116,True
3126,209,107,True
3128,209,101,True
3129,209,100,True
3133,209,96,True
3134,209,95,True
3135,210,209,False
3136,210,208,False
3137,210,207,False
3138,210,206,False
3139,210,205,False
3140,210,204,False
3141,210,203,False
3142,210,202,False
3143,210,201,False
3144,210,111,True
3147,210,106,True
3149,210,101,True
3150,210,97,True
3152,211,210,False
3153,211,209,False
3154,211,208,False
3155,211,207,False
3156,211,206,False
3157,211,205,False
3158,211,204,False
3159,211,203,False
3160,211,202,False
3161,211,201,False
3163,211,115,True
3168,211,101,True
3170,211,97,True
3173,212,211,False
3174,212,210,False
3175,212,209,False
3176,212,208,False
3177,212,207,False
3178,212,206,False
3179,212,205,False
3180,212,204,False
3181,212,203,False
3182,212,202,False
3183,212,201,False
3186,212,107,True
3187,212,105,True
3188,212,103,True
3191,212,99,True
3193,212,96,True
3194,212,94,True
3196,213,212,False
3197,213,211,False
3198,213,210,False
3199,213,209,False
3200,213,208,False
3201,213,207,False
3202,213,206,False
3203,213,205,False
3204,213,204,False
3205,213,203,False
3206,213,202,False
3207,213,201,False
3210,213,111,True
3213,213,101,True
3216,213,97,True
3217,213,96,True
3218,213,95,True
3221,214,213,False
3222,214,212,False
3223,214,211,False
3224,214,210,False
3225,214,209,False
3226,214,208,False
3227,214,207,False
3228,214,206,False
3229,214,205,False
3230,214,204,False
3231,214,203,False
3232,214,202,False
3233,214,201,False
3234,216,215,False
3235,216,36,False
3236,217,216,False
3237,217,215,False
3238,218,217,False
3239,218,216,False
3240,218,215,False
3241,219,218,False
3242,219,217,False
3243,219,216,False
3244,219,215,False
3245,220,219,False
3246,220,218,False
3247,220,217,False
3248,220,216,False
3249,220,215,False
3250,221,220,False
3251,221,219,False
3252,221,218,False
3253,221,217,False
3254,221,216,False
3255,221,215,False
3256,222,221,False
3257,222,220,False
3258,222,219,False
3259,222,218,False
3260,222,217,False
3261,222,216,False
3262,222,215,False
3263,223,222,False
3264,223,221,False
3265,223,220,False
3266,223,219,False
3267,223,218,False
3268,223,217,False
3269,223,216,False
3270,223,215,False
3271,224,223,False
3272,224,222,False
3273,224,221,False
3274,224,220,False
3275,224,219,False
3276,224,218,False
3277,224,217,False
3278,224,216,False
3279,224,215,False
3280,225,224,False
3281,225,223,False
3282,225,222,False
3283,225,221,False
3284,225,220,False
3285,225,219,False
3286,225,218,False
3287,225,217,False
3288,225,216,False
3289,225,215,False
3290,226,225,False
3291,226,224,False
3292,226,223,False
3293,226,222,False
3294,226,221,False
3295,226,220,False
3296,226,219,False
3297,226,218,False
3298,226,217,False
3299,226,216,False
3300,226,215,False
3301,227,226,False
3302,227,225,False
3303,227,224,False
3304,227,223,False
3305,227,222,False
3306,227,221,False
3307,227,220,False
3308,227,219,False
3309,227,218,False
3310,227,217,False
3311,227,216,False
3312,227,215,False
3313,228,227,False
3314,228,226,False
3315,228,225,False
3316,228,224,False
3317,228,223,False
3318,228,222,False
3319,228,221,False
3320,228,220,False
3321,228,219,False
3322,228,218,False
3323,228,217,False
3324,228,216,False
3325,228,215,False
3326,229,228,False
3327,229,227,False
3328,229,226,False
3329,229,225,False
3330,229,224,False
3331,229,223,False
3332,229,222,False
3333,229,221,False
3334,229,220,False
3335,229,219,False
3336,229,218,False
3337,229,217,False
3338,229,216,False
3339,229,215,False
3340,230,229,False
3341,230,228,False
3342,230,227,False
3343,230,226,False
3344,230,225,False
3345,230,224,False
3346,230,223,False
3347,230,222,False
3348,230,221,False
3349,230,220,False
3350,230,219,False
3351,230,218,False
3352,230,217,False
3353,230,216,False
3354,230,215,False
3355,231,230,False
3356,231,229,False
3357,231,228,False
3358,231,227,False
3359,231,226,False
3360,231,225,False
3361,231,224,False
3362,231,223,False
3363,231,222,False
3364,231,221,False
3365,231,220,False
3366,231,219,False
3367,231,218,False
3368,231,217,False
3369,231,216,False
3370,231,215,False
3371,232,231,False
3372,232,230,False
3373,232,229,False
3374,232,228,False
3375,232,227,False
3376,232,226,False
3377,232,225,False
3378,232,224,False
3379,232,223,False
3380,232,222,False
3381,232,221,False
3382,232,220,False
3383,232,219,False
3384,232,218,False
3385,232,217,False
3386,232,216,False
3387,232,215,False
3388,233,232,False
3389,233,231,False
3390,233,230,False
3391,233,229,False
3392,233,228,False
3393,233,227,False
3394,233,226,False
3395,233,225,False
3396,233,224,False
3397,233,223,False
3398,233,222,False
3399,233,221,False
3400,233,220,False
3401,233,219,False
3402,233,218,False
3403,233,217,False
3404,233,216,False
3405,233,215,False
3407,233,199,False
3408,233,189,False
3409,234,212,False
3410,234,209,False
3412,234,116,False
3414,234,110,False
3420,234,103,False
3421,234,102,False
3422,234,101,False
3423,234,100,False
3424,234,99,False
3426,234,97,False
3427,234,96,False
3430,234,93,False
3431,235,234,False
3434,235,104,False
3435,235,98,False
3436,235,96,False
3437,235,95,False
3438,236,235,False
3439,236,234,False
3440,237,236,False
3441,237,235,False
3442,237,234,False
3450,237,103,False
3451,237,102,False
3452,237,98,False
3453,237,95,False
3454,238,237,False
3455,238,236,False
3456,238,235,False
3457,238,234,False
3462,239,238,False
3463,239,237,False
3464,239,236,False
3465,239,235,False
3466,239,234,False
3467,239,213,False
3471,239,207,False
3472,239,206,False
3474,239,204,False
3479,239,102,False
3482,239,96,False
3483,239,95,False
3484,240,239,False
3485,240,238,False
3486,240,237,False
3487,240,236,False
3488,240,235,False
3489,240,234,False
3492,240,207,False
3497,240,102,False
3499,242,241,False
3500,243,242,False
3501,243,241,False
3502,244,243,False
3503,244,242,False
3504,244,241,False
3505,245,244,False
3506,245,243,False
3507,245,242,False
3508,245,241,False
3509,246,245,False
3510,246,244,False
3511,246,243,False
3512,246,242,False
3513,246,241,False
3514,247,246,False
3515,247,245,False
3516,247,244,False
3517,247,243,False
3518,247,242,False
3519,247,241,False
3520,248,247,False
3521,248,246,False
3522,248,245,False
3523,248,244,False
3524,248,243,False
3525,248,242,False
3526,248,241,False
3527,249,248,True
3528,249,247,True
3529,249,246,True
3530,249,245,True
3531,249,244,True
3532,249,243,True
3533,249,242,True
3534,249,241,True
3535,250,249,False
3536,250,248,False
3537,250,247,False
3538,250,246,False
3539,250,245,False
3540,250,244,False
3541,250,243,False
3542,250,242,False
3543,250,241,False
3544,251,250,False
3545,251,249,False
3546,251,248,False
3547,251,247,False
3548,251,246,False
3549,251,245,False
3550,251,244,False
3551,251,243,False
3552,251,242,False
3553,251,241,False
3554,252,251,False
3556,252,249,False
3557,252,248,False
3558,252,247,False
3559,252,246,False
3560,252,245,False
3561,252,244,False
3562,252,243,False
3563,252,242,False
3564,252,241,False
3565,253,252,False
3566,253,251,False
3567,253,250,False
3569,253,248,False
3570,253,247,False
3571,253,246,False
3572,253,245,False
3574,253,243,False
3575,253,242,False
3576,253,241,False
3577,254,253,False
3578,254,252,False
3579,254,251,False
3580,254,250,False
3581,254,249,False
3582,254,248,False
3583,254,247,False
3584,254,246,False
3585,254,245,False
3586,254,244,False
3587,254,243,False
3589,254,241,False
3590,255,254,False
3591,255,253,False
3592,255,252,False
3593,255,251,False
3594,255,250,False
3595,255,249,False
3596,255,248,False
3597,255,247,False
3598,255,246,False
3599,255,245,False
3600,255,244,False
3601,255,243,False
3602,255,242,False
3603,255,241,False
3604,256,255,True
3605,256,254,True
3606,256,253,True
3607,256,252,True
3608,256,251,True
3609,256,250,True
3610,256,249,True
3611,256,248,True
3612,256,247,True
3613,256,246,True
3614,256,245,True
3615,256,244,True
3616,256,243,True
3617,256,242,True
3618,256,241,True
3619,257,256,False
3620,257,255,True
3621,257,254,True
3622,257,253,True
3623,257,252,True
3624,257,251,True
3625,257,250,True
3626,257,249,True
3627,257,248,True
3628,257,247,True
3629,257,246,True
3631,257,244,True
3632,257,243,True
3633,257,242,True
3634,257,241,True
3635,258,257,False
3636,258,256,False
3637,258,255,True
3638,258,254,True
3639,258,253,True
3640,258,252,True
3641,258,251,True
3642,258,250,True
3643,258,249,True
3644,258,248,True
3645,258,247,True
3646,258,246,True
3647,258,245,True
3649,258,243,True
3650,258,242,True
3651,258,241,True
3652,259,258,False
3653,259,257,False
3654,259,256,False
3655,259,255,True
3656,259,254,True
3657,259,253,True
3659,259,251,True
3660,259,250,True
3661,259,249,True
3662,259,248,True
3663,259,247,True
3664,259,246,True
3665,259,245,True
3666,259,244,True
3667,259,243,True
3668,259,242,True
3669,259,241,True
3670,259,45,False
3671,260,259,False
3672,260,258,False
3673,260,257,False
3674,260,256,False
3675,260,255,True
3676,260,254,True
3677,260,253,True
3678,260,252,True
3679,260,251,True
3680,260,250,True
3681,260,249,True
3682,260,248,True
3683,260,247,True
3684,260,246,True
3685,260,245,True
3686,260,244,True
3687,260,243,True
3688,260,242,True
3689,260,241,True
3690,261,260,False
3691,261,259,False
3692,261,258,False
3693,261,257,False
3694,261,256,False
3695,261,255,True
3696,261,254,True
3697,261,253,True
3698,261,252,True
3699,261,251,True
3700,261,250,True
3701,261,249,True
3702,261,248,True
3703,261,247,True
3704,261,246,True
3705,261,245,True
3706,261,244,True
3707,261,243,True
3708,261,242,True
3709,261,241,True
3710,263,262,False
3711,263,67,False
3712,263,65,False
3713,264,263,True
3714,264,262,True
3716,265,264,False
3717,265,263,True
3718,265,262,True
3719,266,214,True
3720,266,213,True
3721,266,212,True
3722,266,211,True
3723,266,210,True
3724,266,209,True
3725,266,208,True
3726,266,207,True
3727,266,206,True
3728,266,205,True
3729,266,204,True
3730,266,203,True
3731,266,202,True
3732,266,201,True
3733,267,266,False
3734,267,240,False
3735,267,239,False
3736,267,214,True
3737,267,213,True
3738,267,212,True
3740,267,210,True
3741,267,209,True
3742,267,208,True
3743,267,207,True
3744,267,206,True
3745,267,205,True
3746,267,204,True
3747,267,203,True
3748,267,202,True
3749,267,201,True
3754,267,97,True
3756,269,268,False
3757,270,200,True
3758,270,199,True
3759,270,198,True
3760,270,197,True
3761,270,196,True
3762,270,195,True
3763,270,194,True
3764,270,193,True
3765,270,192,True
3766,270,191,True
3767,270,190,True
3768,270,189,True
3769,270,188,True
3770,270,187,True
3771,270,186,True
3772,270,185,True
3773,270,184,True
3774,270,183,True
3775,270,182,True
3776,270,181,True
3777,271,270,False
3778,271,269,False
3779,271,268,False
3780,271,200,True
3781,271,198,True
3783,271,196,True
3784,271,195,True
3785,271,194,True
3786,271,193,True
3787,271,192,True
3788,271,191,True
3789,271,190,True
3790,271,189,True
3791,271,188,True
3793,271,186,True
3794,271,185,True
3795,271,184,True
3797,271,182,True
3798,271,181,True
3799,272,271,False
3800,272,269,False
3801,272,268,False
3802,273,272,False
3803,273,271,False
3804,273,270,False
3805,273,269,False
3806,273,268,False
3807,273,200,True
3808,273,198,True
3809,273,197,True
3810,273,196,True
3811,273,195,True
3812,273,194,True
3813,273,193,True
3814,273,192,True
3815,273,191,True
3816,273,190,True
3817,273,189,True
3818,273,188,True
3819,273,187,True
3820,273,186,True
3821,273,185,True
3822,273,184,True
3823,273,183,True
3824,273,182,True
3825,273,181,True
3826,274,273,False
3827,274,272,False
3828,274,271,False
3829,274,270,False
3830,274,269,False
3831,274,268,False
3832,274,200,True
3833,274,198,True
3834,274,197,True
3835,274,196,True
3836,274,195,True
3837,274,194,True
3838,274,193,True
3839,274,192,True
3840,274,191,True
3841,274,190,True
3842,274,189,True
3843,274,188,True
3845,274,186,True
3846,274,185,True
3850,274,181,True
3851,275,274,False
3852,275,273,False
3853,275,272,False
3855,275,270,False
3856,275,269,False
3857,275,268,False
3858,275,200,True
3859,275,199,True
3860,275,198,True
3861,275,197,True
3862,275,196,True
3863,275,195,True
3864,275,194,True
3865,275,193,True
3866,275,192,True
3867,275,191,True
3868,275,190,True
3869,275,189,True
3870,275,188,True
3872,275,186,True
3873,275,185,True
3877,275,181,True
3878,276,275,False
3879,276,274,False
3880,276,273,False
3881,276,272,False
3883,276,270,False
3884,276,269,False
3885,276,268,False
3886,276,200,True
3887,276,199,True
3888,276,198,True
3889,276,197,True
3890,276,196,True
3891,276,195,True
3892,276,194,True
3893,276,193,True
3894,276,192,True
3895,276,191,True
3896,276,190,True
3897,276,189,True
3898,276,188,True
3899,276,187,True
3900,276,186,True
3901,276,185,True
3902,276,184,True
3905,276,181,True
3906,277,276,False
3907,277,275,False
3908,277,274,False
3909,277,273,False
3910,277,270,False
3911,277,200,True
3912,277,199,True
3913,277,198,True
3914,277,197,True
3915,277,196,True
3916,277,194,True
3917,277,193,True
3918,277,192,True
3919,277,191,True
3920,277,189,True
3921,277,188,True
3922,277,186,True
3923,277,185,True
3924,277,184,True
3925,277,183,True
3926,277,182,True
3927,277,181,True
3928,278,277,False
3929,278,276,False
3930,278,275,False
3931,278,274,False
3932,278,273,False
3933,278,272,False
3934,278,271,False
3935,278,270,False
3936,278,269,False
3937,278,268,False
3938,278,198,True
3939,278,197,True
3940,278,196,True
3941,278,195,True
3942,278,194,True
3943,278,193,True
3944,278,192,True
3945,278,191,True
3946,278,190,True
3947,278,187,True
3948,278,186,True
3949,278,185,True
3950,278,184,True
3951,278,181,True
3952,279,278,False
3953,279,277,False
3954,279,276,False
3955,279,275,False
3956,279,274,False
3957,279,273,False
3958,279,272,False
3959,279,271,False
3960,279,270,False
3961,279,269,False
3962,279,268,False
3963,279,198,True
3964,279,197,True
3965,279,196,True
3966,279,195,True
3967,279,194,True
3968,279,193,True
3969,279,192,True
3970,279,191,True
3971,279,190,True
3972,279,187,True
3973,279,186,True
3974,279,185,True
3975,279,184,True
3976,279,181,True
3977,280,279,False
3978,280,278,False
3979,280,277,False
3980,280,276,False
3981,280,275,False
3982,280,274,False
3983,280,273,False
3984,280,272,False
3985,280,271,False
3986,280,270,False
3987,280,269,False
3988,280,268,False
3989,280,198,True
3990,280,197,True
3992,280,195,True
3993,280,194,True
3994,280,193,True
3995,280,192,True
3996,280,191,True
3997,280,190,True
3998,280,187,True
3999,280,186,True
4000,280,185,True
4001,280,184,True
4002,280,181,True
4003,281,280,False
4004,281,279,False
4005,281,278,False
4006,281,276,False
4007,281,275,False
4008,281,274,False
4009,281,273,False
4010,281,272,False
4011,281,271,False
4012,281,269,False
4013,281,268,False
4014,282,281,False
4015,282,280,False
4016,282,279,False
4017,282,278,False
4018,282,276,False
4019,282,275,False
4020,282,274,False
4021,282,273,False
4022,282,272,False
4023,282,271,False
4024,282,270,False
4025,282,269,False
4026,282,268,False
4027,282,196,True
4028,282,194,True
4029,282,193,True
4030,282,191,True
4031,282,181,True
4032,283,282,False
4033,283,281,False
4034,283,280,False
4035,283,279,False
4036,283,278,False
4037,283,277,False
4038,283,276,False
4039,283,275,False
4040,283,274,False
4041,283,273,False
4042,283,272,False
4043,283,271,False
4044,283,270,False
4045,283,269,False
4046,283,268,False
4047,283,198,True
4048,283,197,True
4049,283,196,True
4050,283,195,True
4051,283,194,True
4052,283,193,True
4053,283,192,True
4054,283,191,True
4055,283,190,True
4056,283,187,True
4057,283,186,True
4058,283,185,True
4059,283,184,True
4060,283,181,True
4061,284,283,False
4062,284,282,False
4063,284,281,False
4064,284,280,False
4065,284,279,False
4066,284,278,False
4067,284,277,False
4068,284,276,False
4069,284,275,False
4070,284,274,False
4071,284,273,False
4072,284,272,False
4073,284,271,False
4074,284,270,False
4075,284,269,False
4076,284,268,False
4077,284,200,True
4078,284,199,True
4079,284,198,True
4080,284,197,True
4081,284,196,True
4082,284,195,True
4083,284,194,True
4084,284,193,True
4085,284,192,True
4086,284,191,True
4087,284,190,True
4088,284,189,True
4089,284,188,True
4090,284,187,True
4091,284,186,True
4092,284,185,True
4093,284,184,True
4094,284,183,True
4095,284,182,True
4096,284,181,True
4097,286,285,False
4098,287,286,False
4099,287,285,False
4100,288,287,True
4101,288,286,False
4102,288,285,False
4103,289,288,True
4104,289,287,True
4105,289,286,True
4106,289,285,True
4107,290,289,False
4108,290,288,False
4109,290,287,True
4110,290,286,False
4111,290,285,False
4112,291,290,True
4113,291,289,False
4114,291,288,True
4115,291,287,True
4116,291,286,True
4117,291,285,False
4118,292,291,False
4119,292,290,False
4120,292,289,False
4121,292,288,False
4122,292,287,False
4123,292,286,False
4124,292,285,False
4125,293,292,True
4127,293,290,False
4128,293,289,False
4129,293,288,False
4130,293,287,False
4131,293,286,False
4132,293,285,False
4133,294,293,False
4134,294,292,False
4135,294,291,False
4136,294,290,False
4137,294,289,False
4138,294,288,False
4139,294,287,False
4140,294,286,False
4141,294,285,False
4142,295,294,False
4143,295,293,False
4144,295,292,False
4145,295,291,False
4146,295,290,False
4147,295,289,False
4148,295,288,False
4149,295,287,False
4150,295,286,False
4151,295,285,False
4152,296,295,False
4153,296,294,False
4154,296,293,False
4155,296,292,False
4156,296,291,False
4157,296,290,False
4158,296,289,False
4159,296,288,False
4160,296,287,False
4161,296,286,False
4162,296,285,False
4163,297,296,True
4164,297,295,True
4165,297,294,True
4166,297,293,True
4167,297,292,True
4168,297,291,False
4169,297,290,False
4170,297,289,False
4171,297,288,False
4172,297,287,False
4173,297,286,False
4174,297,285,False
4175,298,297,False
4176,298,296,False
4177,298,295,False
4178,298,294,False
4179,298,293,False
4180,298,292,False
4181,298,291,False
4182,298,290,False
4183,298,289,False
4184,298,288,False
4185,298,287,False
4186,298,286,False
4187,298,285,False
4188,299,298,False
4189,299,297,False
4190,299,296,False
4191,299,295,False
4192,299,294,False
4193,299,293,False
4194,299,292,False
4195,299,291,False
4196,299,290,False
4197,299,289,False
4198,299,288,False
4199,299,287,False
4200,300,298,True
4201,300,297,True
4202,300,296,True
4203,300,295,True
4204,300,294,True
4205,300,293,True
4206,300,292,True
4207,300,291,False
4208,300,290,False
4209,300,289,False
4210,300,288,False
4211,300,287,True
4212,300,286,False
4213,300,285,False
4214,301,300,False
4215,301,299,False
4216,301,298,False
4217,301,297,False
4218,301,296,False
4219,301,295,False
4220,301,294,False
4221,301,293,False
4222,301,292,False
4223,301,291,False
4224,301,290,False
4225,301,289,False
4226,301,288,False
4227,301,287,False
4228,301,286,False
4229,301,285,False
4230,302,301,True
4231,302,300,False
4232,302,298,True
4233,302,297,True
4234,302,296,True
4235,302,295,True
4236,302,294,True
4237,302,293,True
4238,302,292,True
4239,302,291,False
4240,302,290,False
4241,302,289,False
4242,302,288,False
4243,302,287,False
4244,302,286,False
4245,302,285,False
4246,303,302,False
4247,303,301,True
4248,303,300,False
4249,303,299,True
4250,303,298,True
4251,303,297,True
4252,303,296,True
4253,303,295,True
4254,303,294,True
4255,303,293,True
4256,303,292,True
4257,303,291,False
4258,303,290,False
4259,303,289,False
4260,303,288,False
4261,303,287,False
4262,303,286,False
4263,303,285,False
4264,304,303,False
4265,304,302,False
4266,304,301,False
4267,304,300,False
4268,304,298,False
4269,304,297,False
4270,304,296,False
4271,304,295,False
4272,304,294,False
4273,304,293,False
4274,304,292,False
4275,304,291,False
4276,304,290,False
4277,304,289,False
4278,304,288,False
4279,304,287,False
4280,304,286,False
4281,304,285,False
4282,305,304,True
4283,305,303,False
4284,305,302,False
4285,305,301,True
4286,305,300,False
4287,305,299,True
4288,305,298,True
4289,305,297,False
4290,305,296,True
4291,305,295,True
4292,305,294,True
4293,305,293,True
4294,305,292,True
4295,305,291,False
4296,305,290,False
4297,305,289,False
4298,305,288,False
4299,305,287,False
4300,305,286,False
4301,305,285,False
4302,306,305,False
4303,306,304,True
4304,306,303,False
4305,306,302,False
4306,306,301,True
4307,306,300,False
4308,306,298,True
4309,306,297,False
4310,306,296,True
4311,306,295,True
4312,306,294,True
4313,306,293,True
4314,306,292,True
4315,306,291,False
4316,306,290,False
4317,306,289,False
4318,306,288,False
4319,306,287,False
4320,306,286,False
4321,306,285,False
4322,307,306,False
4323,307,305,False
4324,307,304,True
4325,307,303,False
4326,307,302,False
4327,307,300,False
4328,307,299,True
4329,307,298,True
4330,307,297,False
4331,307,296,True
4332,307,295,True
4333,307,294,True
4334,307,293,True
4335,307,292,True
4336,307,291,False
4337,307,290,False
4338,307,289,False
4339,307,288,False
4340,307,287,False
4341,307,286,False
4342,307,285,False
4343,308,307,True
4344,308,306,True
4345,308,305,True
4346,308,304,True
4347,308,302,True
4348,308,301,True
4349,308,300,True
4350,308,298,True
4351,308,297,True
4352,308,295,True
4353,308,294,True
4354,308,293,True
4355,308,291,True
4356,308,290,True
4357,308,289,True
4358,308,288,True
4359,308,287,True
4360,308,286,True
4361,308,285,True
4362,309,308,False
4363,309,307,True
4364,309,306,True
4365,309,305,True
4366,309,304,True
4367,309,303,True
4368,309,302,True
4369,309,301,True
4370,309,300,True
4371,309,299,True
4372,309,298,True
4373,309,297,True
4374,309,296,True
4375,309,295,True
4376,309,294,True
4377,309,293,True
4378,309,292,True
4379,309,291,True
4380,309,290,True
4381,309,289,True
4382,309,288,True
4383,309,287,True
4384,309,286,True
4385,309,285,True
4386,310,309,False
4387,310,308,False
4388,310,307,False
4389,310,306,False
4390,310,305,False
4391,310,304,True
4392,310,302,False
4393,310,301,True
4394,310,300,False
4395,310,298,True
4396,310,297,False
4397,310,295,True
4398,310,294,True
4399,310,293,True
4400,310,291,False
4401,310,290,False
4402,310,289,False
4403,310,288,False
4404,310,287,False
4405,310,286,False
4406,310,285,False
4407,311,309,False
4408,311,307,True
4409,311,305,True
4410,311,304,True
4411,311,303,True
4412,311,302,True
4413,311,301,True
4414,311,300,True
4415,311,299,True
4416,311,298,True
4417,311,297,True
4418,311,296,True
4419,311,295,True
4420,311,294,True
4421,311,293,True
4422,311,292,True
4423,311,291,True
4424,311,290,True
4425,311,289,True
4426,311,288,True
4427,311,287,True
4428,311,286,True
4429,311,285,True
4430,312,311,False
4431,312,310,True
4432,312,309,False
4433,312,308,False
4434,312,307,True
4435,312,306,True
4436,312,305,True
4437,312,304,True
4438,312,303,True
4439,312,302,True
4440,312,301,True
4441,312,300,True
4442,312,299,True
4443,312,298,True
4444,312,297,True
4445,312,296,True
4446,312,295,True
4447,312,294,True
4448,312,293,True
4449,312,292,True
4450,312,291,False
4451,312,290,False
4452,312,289,False
4453,312,288,False
4454,312,287,True
4455,312,286,False
4456,312,285,False
4457,313,312,False
4458,313,311,False
4459,313,310,False
4460,313,309,False
4461,313,308,False
4462,313,307,False
4463,313,306,False
4464,313,305,False
4465,313,304,True
4466,313,303,False
4467,313,302,False
4468,313,301,True
4469,313,300,False
4470,313,299,True
4471,313,298,True
4472,313,297,False
4473,313,296,True
4474,313,295,True
4475,313,294,True
4476,313,293,True
4477,313,292,True
4478,313,291,False
4479,313,290,False
4480,313,289,False
4481,313,288,False
4482,313,287,False
4483,313,286,False
4484,313,285,False
4485,314,313,True
4486,314,312,False
4487,314,311,False
4488,314,309,False
4489,314,307,False
4490,314,306,False
4491,314,305,False
4492,314,304,True
4493,314,303,False
4494,314,302,False
4495,314,301,True
4496,314,300,False
4497,314,299,True
4498,314,298,True
4499,314,297,False
4500,314,296,True
4501,314,295,True
4502,314,294,True
4503,314,293,True
4504,314,292,True
4505,314,291,False
4506,314,290,False
4507,314,289,False
4508,314,288,False
4509,314,287,False
4510,314,286,False
4511,314,285,False
4512,315,314,False
4513,315,313,True
4514,315,312,False
4515,315,309,False
4516,315,307,False
4517,315,306,False
4518,315,305,False
4519,315,304,True
4520,315,303,False
4521,315,302,False
4522,315,300,False
4523,315,298,True
4524,315,297,False
4525,315,296,True
4526,315,295,True
4527,315,294,True
4528,315,293,True
4529,315,292,True
4530,315,291,False
4531,315,290,False
4532,315,289,False
4533,315,288,False
4534,315,287,False
4535,315,286,False
4536,315,285,False
4537,316,314,False
4538,316,307,False
4539,318,317,False
4540,319,318,False
4541,319,317,False
4542,320,319,True
4543,320,318,True
4544,320,317,True
4545,321,320,False
4546,321,319,True
4547,321,318,True
4548,321,317,True
4549,323,322,False
4550,324,323,False
4551,324,322,False
4552,325,324,False
4553,325,323,False
4554,325,322,False
4555,326,325,False
4556,326,324,False
4557,326,323,False
4558,326,322,False
4559,327,326,False
4560,327,325,False
4561,327,324,False
4562,327,323,False
4563,327,322,False
4564,328,327,False
4565,328,326,False
4566,328,325,False
4567,328,324,False
4568,328,323,False
4569,328,322,False
4570,330,329,False
4571,331,330,False
4572,331,329,False
4573,332,331,False
4574,332,330,False
4575,332,329,False
4576,334,333,False
4577,335,334,False
4578,335,333,False
4579,336,335,False
4580,336,334,False
4581,336,333,False
4582,337,336,False
4583,337,335,False
4584,337,334,False
4585,337,333,False
4586,338,337,False
4587,338,336,False
4588,338,335,False
4589,338,334,False
4590,338,333,False
4591,339,338,False
4592,339,337,False
4593,339,336,False
4594,339,335,False
4595,339,334,False
4596,339,333,False
4597,341,340,False
4598,342,341,False
4599,342,340,False
4600,343,342,False
4601,343,341,False
4602,343,340,False
4603,344,343,False
4604,344,342,False
4605,344,341,False
4606,344,340,False
4607,345,344,False
4608,345,343,False
4609,345,342,False
4610,345,341,False
4611,345,340,False
4613,346,344,False
4614,346,343,False
4615,346,341,False
4616,346,340,False
4617,347,346,False
4618,347,345,False
4619,347,344,False
4620,347,343,False
4621,347,342,False
4622,347,341,False
4623,347,340,False
4624,348,347,False
4625,348,346,False
4626,348,345,False
4627,348,344,False
4628,348,343,False
4629,348,342,False
4630,348,341,False
4631,348,340,False
4632,349,348,False
4633,349,347,False
4634,349,346,False
4635,349,345,False
4636,349,344,False
4637,349,343,False
4638,349,342,False
4639,349,341,False
4640,349,340,False
4641,350,349,False
4642,350,348,False
4643,350,347,False
4644,350,346,False
4645,350,345,False
4646,350,344,False
4647,350,343,False
4648,350,342,False
4649,350,341,False
4650,350,340,False
4652,351,350,False
4653,351,349,False
4654,351,348,False
4655,351,347,False
4656,351,346,False
4657,351,345,False
4658,351,344,False
4659,351,343,False
4660,351,342,False
4661,351,341,False
4662,351,340,False
4664,352,351,False
4665,352,350,False
4666,352,349,False
4667,352,348,False
4668,352,347,False
4669,352,346,False
4670,352,345,False
4671,352,344,False
4672,352,343,False
4673,352,342,False
4674,352,341,False
4675,352,340,False
4676,353,352,False
4677,353,351,False
4678,353,350,False
4679,353,349,False
4680,353,348,False
4681,353,347,False
4682,353,345,False
4683,353,344,False
4685,353,342,False
4686,353,341,False
4687,353,340,False
4688,354,353,False
4689,354,352,False
4690,354,351,False
4691,354,350,False
4692,354,349,False
4693,354,348,False
4694,354,347,False
4695,354,346,False
4696,354,345,False
4697,354,344,False
4698,354,343,False
4699,354,342,False
4700,354,341,False
4701,354,340,False
4702,355,354,False
4703,355,353,False
4704,355,352,False
4705,355,351,False
4707,355,349,False
4708,355,348,False
4709,355,347,False
4710,355,346,False
4711,355,345,False
4712,355,344,False
4713,355,343,False
4714,355,342,False
4715,355,341,False
4716,355,340,False
4717,356,355,False
4718,356,354,False
4719,356,353,False
4720,356,352,False
4721,356,351,False
4722,356,350,False
4723,356,349,False
4724,356,348,False
4725,356,347,False
4726,356,346,False
4727,356,345,False
4728,356,344,False
4729,356,343,False
4730,356,342,False
4731,356,341,False
4732,356,340,False
4733,356,299,False
4734,357,356,False
4735,357,355,False
4736,357,354,False
4737,357,353,False
4738,357,352,False
4739,357,351,False
4740,357,350,False
4741,357,349,False
4742,357,348,False
4743,357,347,False
4744,357,346,False
4745,357,345,False
4746,357,344,False
4748,357,342,False
4749,357,341,False
4750,357,340,False
4751,358,357,False
4752,358,356,False
4753,358,355,False
4754,358,354,False
4755,358,353,False
4756,358,352,False
4757,358,351,False
4758,358,350,False
4759,358,349,False
4760,358,348,False
4761,358,347,False
4762,358,346,False
4763,358,345,False
4764,358,344,False
4766,358,342,False
4767,358,341,False
4768,358,340,False
4769,359,358,False
4770,359,357,False
4771,359,356,False
4772,359,355,False
4773,359,354,False
4774,359,353,False
4775,359,352,False
4776,359,351,False
4777,359,350,False
4778,359,349,False
4779,359,348,False
4780,359,347,False
4781,359,346,False
4782,359,345,False
4783,359,344,False
4784,359,343,False
4785,359,342,False
4786,359,341,False
4787,359,340,False
4788,360,359,False
4789,360,358,False
4790,360,357,False
4791,360,356,False
4792,360,355,False
4793,360,354,False
4794,360,353,False
4795,360,352,False
4796,360,351,False
4797,360,350,False
4798,360,349,False
4799,360,348,False
4800,360,347,False
4801,360,346,False
4802,360,345,False
4803,360,344,False
4804,360,343,False
4805,360,342,False
4806,360,341,False
4807,360,340,False
4808,361,360,False
4809,361,359,False
4810,361,358,False
4811,361,357,False
4812,361,356,False
4813,361,355,False
4814,361,354,False
4815,361,353,False
4816,361,352,False
4817,361,351,False
4818,361,350,False
4819,361,349,False
4820,361,348,False
4821,361,347,False
4822,361,346,False
4823,361,345,False
4824,361,344,False
4825,361,343,False
4826,361,342,False
4827,361,341,False
4828,361,340,False
4829,362,361,False
4830,362,360,False
4831,362,359,False
4832,362,358,False
4833,362,357,False
4834,362,356,False
4835,362,355,False
4836,362,354,False
4837,362,353,False
4838,362,352,False
4839,362,351,False
4840,362,350,False
4841,362,349,False
4842,362,348,False
4843,362,347,False
4844,362,346,False
4845,362,345,False
4846,362,344,False
4847,362,343,False
4848,362,342,False
4849,362,341,False
4850,362,340,False
4851,363,362,False
4852,363,361,False
4853,363,360,False
4854,363,359,False
4855,363,358,False
4856,363,357,False
4857,363,356,False
4858,363,355,False
4859,363,354,False
4860,363,353,False
4861,363,352,False
4862,363,351,False
4863,363,350,False
4864,363,349,False
4865,363,348,False
4866,363,347,False
4867,363,346,False
4868,363,345,False
4869,363,344,False
4870,363,343,False
4871,363,342,False
4872,363,341,False
4873,363,340,False
4874,364,363,False
4875,364,362,False
4876,364,361,False
4877,364,360,False
4878,364,359,False
4879,364,358,False
4880,364,357,False
4881,364,356,False
4882,364,355,False
4883,364,354,False
4884,364,353,False
4885,364,352,False
4886,364,351,False
4887,364,350,False
4888,364,349,False
4889,364,348,False
4890,364,347,False
4891,364,345,False
4892,364,344,False
4894,364,342,False
4895,364,341,False
4896,364,340,False
4897,365,364,False
4898,365,363,False
4899,365,362,False
4900,365,361,False
4901,365,360,False
4902,365,359,False
4903,365,358,False
4904,365,357,False
4905,365,356,False
4906,365,355,False
4907,365,354,False
4908,365,353,False
4909,365,352,False
4910,365,351,False
4911,365,350,False
4912,365,349,False
4913,365,348,False
4914,365,347,False
4915,365,346,False
4916,365,345,False
4917,365,344,False
4918,365,343,False
4919,365,342,False
4920,365,341,False
4921,365,340,False
4922,366,365,False
4923,366,364,False
4924,366,363,False
4925,366,362,False
4926,366,361,False
4927,366,360,False
4928,366,359,False
4929,366,358,False
4930,366,357,False
4931,366,356,False
4932,366,355,False
4933,366,354,False
4934,366,353,False
4935,366,352,False
4936,366,351,False
4937,366,350,False
4938,366,349,False
4939,366,348,False
4940,366,347,False
4941,366,346,False
4942,366,345,False
4943,366,344,False
4944,366,343,False
4945,366,342,False
4946,366,341,False
4947,366,340,False
4948,367,366,False
4949,367,365,False
4950,367,364,False
4951,367,363,False
4952,367,362,False
4953,367,361,False
4954,367,360,False
4955,367,359,False
4956,367,358,False
4957,367,357,False
4958,367,356,False
4959,367,355,False
4960,367,354,False
4961,367,353,False
4962,367,352,False
4963,367,351,False
4964,367,350,False
4965,367,349,False
4966,367,348,False
4967,367,347,False
4968,367,346,False
4969,367,345,False
4970,367,344,False
4972,367,342,False
4973,367,341,False
4974,367,340,False
4976,368,367,False
4977,368,366,False
4978,368,365,False
4979,368,364,False
4980,368,363,False
4981,368,362,False
4982,368,361,False
4983,368,360,False
4984,368,359,False
4985,368,358,False
4986,368,357,False
4987,368,356,False
4988,368,355,False
4989,368,354,False
4990,368,353,False
4991,368,352,False
4992,368,351,False
4994,368,349,False
4995,368,348,False
4996,368,347,False
4997,368,346,False
4998,368,345,False
4999,368,344,False
5000,368,343,False
5001,368,342,False
5002,368,341,False
5003,368,340,False
5004,369,368,False
5005,369,367,False
5006,369,366,False
5007,369,365,False
5008,369,364,False
5009,369,363,False
5010,369,362,False
5011,369,361,False
5012,369,360,False
5013,369,359,False
5014,369,358,False
5015,369,357,False
5016,369,356,False
5017,369,355,False
5018,369,354,False
5019,369,353,False
5020,369,352,False
5021,369,351,False
5022,369,350,False
5023,369,349,False
5024,369,348,False
5025,369,347,False
5026,369,346,False
5027,369,345,False
5028,369,344,False
5029,369,343,False
5030,369,342,False
5031,369,341,False
5032,369,340,False
5033,370,369,False
5034,370,368,False
5035,370,367,False
5036,370,366,False
5037,370,365,False
5038,370,364,False
5039,370,363,False
5040,370,362,False
5041,370,361,False
5042,370,360,False
5043,370,359,False
5044,370,358,False
5045,370,357,False
5046,370,356,False
5047,370,354,False
5048,370,353,False
5049,370,352,False
5050,370,351,False
5051,370,350,False
5052,370,349,False
5053,370,348,False
5054,370,347,False
5055,370,346,False
5056,370,345,False
5057,370,344,False
5058,370,343,False
5059,370,342,False
5060,370,341,False
5061,370,340,False
5062,371,370,False
5063,371,369,False
5064,371,368,False
5065,371,367,False
5066,371,366,False
5067,371,365,False
5068,371,364,False
5069,371,363,False
5070,371,362,False
5071,371,361,False
5072,371,360,False
5073,371,359,False
5074,371,358,False
5075,371,357,False
5076,371,356,False
5077,371,355,False
5078,371,354,False
5079,371,353,False
5080,371,352,False
5081,371,351,False
5082,371,350,False
5083,371,349,False
5084,371,348,False
5085,371,347,False
5086,371,346,False
5087,371,345,False
5088,371,344,False
5089,371,343,False
5090,371,342,False
5091,371,341,False
5092,371,340,False
5093,372,371,False
5095,372,369,False
5096,372,368,False
5097,372,367,False
5098,372,366,False
5099,372,365,False
5100,372,364,False
5101,372,363,False
5102,372,362,False
5103,372,361,False
5104,372,360,False
5105,372,359,False
5106,372,358,False
5107,372,357,False
5108,372,356,False
5109,372,355,False
5110,372,354,False
5111,372,353,False
5112,372,352,False
5113,372,351,False
5114,372,350,False
5115,372,349,False
5116,372,348,False
5117,372,347,False
5118,372,346,False
5119,372,345,False
5120,372,344,False
5121,372,343,False
5122,372,342,False
5123,372,341,False
5124,372,340,False
5125,373,372,False
5126,373,371,False
5127,373,370,False
5128,373,369,False
5129,373,368,False
5130,373,367,False
5131,373,366,False
5132,373,365,False
5133,373,364,False
5134,373,363,False
5135,373,362,False
5136,373,361,False
5137,373,360,False
5138,373,359,False
5139,373,358,False
5140,373,357,False
5141,373,356,False
5142,373,355,False
5143,373,354,False
5144,373,353,False
5145,373,352,False
5146,373,351,False
5147,373,350,False
5148,373,349,False
5149,373,348,False
5150,373,347,False
5151,373,346,False
5152,373,345,False
5153,373,344,False
5154,373,343,False
5155,373,342,False
5156,373,341,False
5157,373,340,False
5158,374,373,False
5159,374,372,False
5160,374,371,False
5161,374,370,False
5162,374,369,False
5163,374,368,False
5164,374,367,False
5165,374,366,False
5166,374,365,False
5167,374,364,False
5168,374,363,False
5169,374,362,False
5170,374,361,False
5171,374,360,False
5172,374,359,False
5173,374,358,False
5174,374,357,False
5175,374,356,False
5176,374,354,False
5177,374,353,False
5178,374,352,False
5179,374,351,False
5180,374,350,False
5181,374,349,False
5182,374,348,False
5183,374,347,False
5184,374,346,False
5185,374,345,False
5186,374,344,False
5187,374,343,False
5188,374,342,False
5189,374,341,False
5190,374,340,False
5191,375,374,False
5192,375,373,False
5193,375,372,False
5194,375,371,False
5195,375,370,False
5196,375,369,False
5197,375,368,False
5198,375,367,False
5199,375,366,False
5200,375,365,False
5201,375,364,False
5202,375,363,False
5203,375,362,False
5204,375,361,False
5205,375,360,False
5206,375,359,False
5207,375,358,False
5208,375,357,False
5209,375,356,False
5210,375,355,False
5211,375,354,False
5212,375,353,False
5213,375,352,False
5214,375,351,False
5215,375,350,False
5216,375,349,False
5217,375,348,False
5218,375,347,False
5219,375,346,False
5220,375,345,False
5221,375,344,False
5222,375,343,False
5223,375,342,False
5224,375,341,False
5225,375,340,False
5226,375,87,False
5227,376,375,False
5228,376,374,False
5229,376,373,False
5230,376,372,False
5231,376,371,False
5232,376,370,False
5233,376,369,False
5234,376,368,False
5235,376,367,False
5236,376,366,False
5237,376,365,False
5238,376,364,False
5239,376,363,False
5240,376,362,False
5241,376,361,False
5242,376,360,False
5243,376,359,False
5244,376,358,False
5245,376,357,False
5246,376,356,False
5247,376,355,False
5248,376,354,False
5249,376,353,False
5250,376,352,False
5251,376,351,False
5252,376,350,False
5253,376,349,False
5254,376,348,False
5255,376,347,False
5256,376,346,False
5257,376,345,False
5258,376,344,False
5259,376,343,False
5260,376,342,False
5261,376,341,False
5262,376,340,False
5263,377,376,False
5264,377,375,False
5265,377,374,False
5266,377,373,False
5267,377,372,False
5268,377,371,False
5269,377,370,False
5270,377,369,False
5271,377,368,False
5272,377,367,False
5273,377,366,False
5274,377,365,False
5275,377,364,False
5276,377,363,False
5277,377,362,False
5278,377,361,False
5279,377,360,False
5280,377,359,False
5281,377,358,False
5282,377,357,False
5284,377,355,False
5285,377,354,False
5286,377,353,False
5287,377,352,False
5288,377,351,False
5289,377,350,False
5290,377,349,False
5291,377,348,False
5292,377,347,False
5293,377,346,False
5294,377,345,False
5295,377,344,False
5296,377,343,False
5297,377,342,False
5298,377,341,False
5299,377,340,False
5300,378,377,False
5301,378,376,False
5302,378,375,False
5303,378,374,False
5304,378,373,False
5305,378,372,False
5306,378,371,False
5307,378,370,False
5308,378,369,False
5309,378,368,False
5310,378,367,False
5311,378,366,False
5312,378,365,False
5313,378,364,False
5314,378,363,False
5315,378,362,False
5316,378,361,False
5317,378,360,False
5318,378,359,False
5319,378,358,False
5320,378,357,False
5321,378,356,False
5322,378,355,False
5323,378,354,False
5324,378,353,False
5325,378,352,False
5326,378,351,False
5327,378,350,False
5328,378,349,False
5329,378,348,False
5330,378,347,False
5331,378,346,False
5332,378,345,False
5333,378,344,False
5334,378,343,False
5335,378,342,False
5336,378,341,False
5337,378,340,False
5338,379,378,False
5339,379,377,False
5340,379,376,False
5341,379,375,False
5342,379,374,False
5343,379,373,False
5344,379,372,False
5345,379,371,False
5346,379,370,False
5347,379,369,False
5348,379,368,False
5349,379,367,False
5350,379,366,False
5351,379,365,False
5352,379,364,False
5353,379,363,False
5354,379,362,False
5355,379,361,False
5356,379,360,False
5357,379,359,False
5358,379,358,False
5359,379,357,False
5360,379,356,False
5361,379,355,False
5362,379,354,False
5363,379,353,False
5364,379,352,False
5365,379,351,False
5366,379,350,False
5367,379,349,False
5368,379,348,False
5369,379,347,False
5370,379,346,False
5371,379,345,False
5372,379,344,False
5373,379,343,False
5374,379,342,False
5375,379,341,False
5376,379,340,False
5377,380,379,False
5378,380,378,False
5379,380,377,False
5380,380,376,False
5381,380,375,False
5382,380,374,False
5383,380,373,False
5384,380,372,False
5385,380,371,False
5386,380,370,False
5387,380,369,False
5388,380,368,False
5389,380,367,False
5390,380,366,False
5391,380,365,False
5392,380,364,False
5393,380,363,False
5394,380,362,False
5395,380,361,False
5396,380,360,False
5397,380,359,False
5398,380,358,False
5399,380,357,False
5401,380,355,False
5402,380,354,False
5403,380,353,False
5404,380,352,False
5405,380,351,False
5406,380,350,False
5407,380,349,False
5408,380,348,False
5409,380,347,False
5410,380,346,False
5411,380,345,False
5412,380,344,False
5413,380,343,False
5414,380,342,False
5415,380,341,False
5416,380,340,False
5417,381,380,False
5418,381,379,False
5419,381,378,False
5420,381,377,False
5421,381,376,False
5422,381,375,False
5423,381,374,False
5424,381,373,False
5425,381,372,False
5426,381,371,False
5427,381,370,False
5428,381,369,False
5429,381,368,False
5430,381,367,False
5431,381,366,False
5432,381,365,False
5433,381,364,False
5434,381,363,False
5435,381,362,False
5436,381,361,False
5437,381,360,False
5438,381,359,False
5439,381,358,False
5440,381,357,False
5441,381,356,False
5442,381,355,False
5443,381,354,False
5444,381,353,False
5445,381,352,False
5446,381,351,False
5447,381,350,False
5448,381,349,False
5449,381,348,False
5450,381,347,False
5451,381,346,False
5452,381,345,False
5453,381,344,False
5454,381,343,False
5455,381,342,False
5456,381,341,False
5457,381,340,False
5458,382,381,False
5459,382,380,False
5460,382,379,False
5461,382,378,False
5462,382,377,False
5463,382,376,False
5464,382,375,False
5465,382,374,False
5466,382,373,False
5467,382,372,False
5468,382,371,False
5469,382,370,False
5470,382,369,False
5471,382,368,False
5472,382,367,False
5473,382,366,False
5474,382,365,False
5475,382,364,False
5476,382,363,False
5477,382,362,False
5478,382,361,False
5479,382,360,False
5480,382,359,False
5481,382,358,False
5482,382,357,False
5483,382,356,False
5484,382,355,False
5485,382,354,False
5486,382,353,False
5487,382,352,False
5488,382,351,False
5489,382,350,False
5490,382,349,False
5491,382,348,False
5492,382,347,False
5493,382,346,False
5494,382,345,False
5495,382,344,False
5496,382,343,False
5497,382,342,False
5498,382,341,False
5499,382,340,False
5500,383,382,False
5501,383,381,False
5502,383,380,False
5503,383,379,False
5504,383,378,False
5505,383,377,False
5506,383,376,False
5507,383,375,False
5508,383,374,False
5509,383,373,False
5510,383,372,False
5511,383,371,False
5512,383,370,False
5513,383,369,False
5514,383,368,False
5515,383,367,False
5516,383,366,False
5517,383,365,False
5518,383,364,False
5519,383,363,False
5520,383,362,False
5521,383,361,False
5522,383,360,False
5523,383,359,False
5524,383,358,False
5525,383,357,False
5526,383,356,False
5527,383,355,False
5528,383,354,False
5529,383,353,False
5530,383,352,False
5531,383,351,False
5532,383,350,False
5533,383,349,False
5534,383,348,False
5535,383,347,False
5536,383,346,False
5537,383,345,False
5538,383,344,False
5539,383,343,False
5540,383,342,False
5541,383,341,False
5542,383,340,False
5543,384,383,True
5544,384,382,True
5545,384,381,True
5546,384,380,True
5547,384,379,True
5548,384,378,True
5549,384,377,True
5550,384,376,True
5551,384,375,True
5552,384,374,True
5553,384,373,True
5554,384,372,True
5555,384,371,True
5556,384,370,True
5557,384,369,True
5558,384,368,True
5559,384,367,True
5560,384,366,True
5561,384,365,True
5562,384,364,True
5563,384,363,True
5564,384,362,True
5565,384,361,True
5566,384,360,True
5567,384,359,True
5568,384,358,True
5569,384,357,True
5570,384,356,True
5571,384,355,True
5572,384,354,True
5573,384,353,True
5574,384,352,True
5575,384,351,True
5576,384,350,True
5577,384,349,True
5578,384,348,True
5579,384,347,True
5580,384,346,True
5581,384,345,True
5582,384,344,True
5583,384,343,True
5584,384,342,True
5585,384,341,True
5586,384,340,True
5587,385,384,False
5588,385,383,True
5589,385,382,True
5590,385,381,True
5591,385,380,True
5592,385,379,True
5593,385,378,True
5594,385,377,True
5595,385,376,True
5596,385,375,True
5597,385,374,True
5598,385,373,True
5599,385,372,True
5600,385,371,True
5601,385,370,True
5602,385,369,True
5603,385,368,True
5604,385,367,True
5605,385,366,True
5606,385,365,True
5607,385,364,True
5608,385,363,True
5609,385,362,True
5610,385,361,True
5611,385,360,True
5612,385,359,True
5613,385,358,True
5614,385,357,True
5615,385,356,True
5616,385,355,True
5617,385,354,True
5618,385,353,True
5619,385,352,True
5620,385,351,True
5621,385,350,True
5622,385,349,True
5623,385,348,True
5624,385,347,True
5625,385,346,True
5626,385,345,True
5627,385,344,True
5628,385,343,True
5629,385,342,True
5630,385,341,True
5631,385,340,True
5632,386,385,False
5633,386,384,False
5634,386,383,True
5635,386,382,True
5636,386,381,True
5637,386,380,True
5638,386,379,True
5639,386,378,True
5640,386,377,True
5641,386,376,True
5642,386,375,True
5643,386,374,True
5644,386,373,True
5645,386,372,True
5646,386,371,True
5647,386,370,True
5648,386,369,True
5649,386,368,True
5650,386,367,True
5651,386,366,True
5652,386,365,True
5653,386,364,True
5654,386,363,True
5655,386,362,True
5656,386,361,True
5657,386,360,True
5658,386,359,True
5659,386,358,True
5660,386,357,True
5661,386,356,True
5662,386,355,True
5663,386,354,True
5664,386,353,True
5665,386,352,True
5666,386,351,True
5667,386,350,True
5668,386,349,True
5669,386,348,True
5670,386,347,True
5671,386,346,True
5672,386,345,True
5673,386,344,True
5674,386,343,True
5675,386,342,True
5676,386,341,True
5677,386,340,True
5678,386,336,False
5679,386,335,False
5680,386,270,False
5681,387,386,False
5682,387,385,False
5683,387,384,False
5684,387,383,True
5685,387,382,True
5686,387,381,True
5687,387,380,True
5688,387,379,True
5689,387,378,True
5690,387,377,True
5691,387,376,True
5692,387,375,True
5693,387,374,True
5694,387,373,True
5695,387,372,True
5696,387,371,True
5697,387,370,True
5698,387,369,True
5699,387,368,True
5700,387,367,True
5701,387,366,True
5702,387,365,True
5703,387,363,True
5704,387,362,True
5705,387,361,True
5706,387,360,True
5707,387,359,True
5708,387,358,True
5709,387,357,True
5710,387,356,True
5711,387,354,True
5712,387,352,True
5713,387,351,True
5714,387,350,True
5715,387,349,True
5716,387,348,True
5717,387,347,True
5718,387,346,True
5719,387,345,True
5720,387,344,True
5721,387,343,True
5722,387,342,True
5723,387,341,True
5724,387,340,True
5725,388,387,False
5726,388,386,False
5727,388,385,False
5728,388,384,False
5729,388,383,True
5730,388,382,True
5731,388,381,True
5732,388,380,True
5734,388,378,True
5735,388,377,True
5736,388,376,True
5737,388,375,True
5738,388,374,True
5739,388,373,True
5740,388,372,True
5741,388,371,True
5742,388,370,True
5743,388,369,True
5744,388,368,True
5745,388,367,True
5746,388,366,True
5747,388,365,True
5748,388,364,True
5749,388,363,True
5750,388,362,True
5751,388,361,True
5752,388,360,True
5753,388,359,True
5754,388,358,True
5755,388,357,True
5756,388,356,True
5757,388,355,True
5758,388,354,True
5759,388,353,True
5760,388,352,True
5761,388,351,True
5762,388,350,True
5763,388,349,True
5764,388,348,True
5765,388,347,True
5766,388,346,True
5767,388,345,True
5768,388,344,True
5769,388,343,True
5770,388,342,True
5771,388,341,True
5772,388,340,True
5773,389,388,False
5774,389,386,False
5775,389,385,False
5776,389,384,False
5777,389,383,True
5778,389,382,True
5779,389,381,True
5780,389,380,True
5781,389,379,True
5782,389,378,True
5783,389,377,True
5784,389,376,True
5785,389,375,True
5786,389,374,True
5787,389,373,True
5788,389,372,True
5789,389,371,True
5790,389,370,True
5791,389,369,True
5792,389,368,True
5793,389,367,True
5794,389,366,True
5795,389,365,True
5796,389,364,True
5797,389,363,True
5798,389,362,True
5799,389,361,True
5800,389,360,True
5801,389,359,True
5802,389,358,True
5803,389,357,True
5804,389,356,True
5805,389,355,True
5806,389,354,True
5807,389,353,True
5808,389,352,True
5809,389,351,True
5810,389,350,True
5811,389,349,True
5812,389,348,True
5813,389,347,True
5814,389,346,True
5815,389,345,True
5816,389,344,True
5818,389,342,True
5819,389,341,True
5820,389,340,True
5822,390,316,False
5823,390,314,False
5824,390,307,False
5825,391,390,False
5826,392,391,False
5827,392,390,False
5828,393,392,False
5829,393,391,False
5830,393,390,False
5831,394,393,False
5832,394,392,False
5833,394,391,False
5834,394,390,False
5835,395,394,False
5836,395,393,False
5837,395,392,False
5838,395,391,False
5839,395,390,False
5840,396,395,False
5841,396,394,False
5842,396,393,False
5843,396,392,False
5844,396,391,False
5845,396,390,False
5846,396,310,True
5847,396,306,True
5848,396,287,True
5849,397,396,False
5850,397,395,False
5851,397,394,False
5852,397,393,False
5853,397,392,False
5854,397,391,False
5855,397,390,False
5856,397,312,True
5857,397,310,True
5858,397,309,True
5859,397,308,True
5860,397,305,True
5861,397,304,True
5862,397,302,True
5863,397,301,True
5864,397,300,True
5865,397,298,True
5866,397,297,True
5867,397,294,True
5868,397,293,True
5869,397,291,True
5870,397,290,True
5871,397,289,True
5872,397,288,True
5873,397,287,True
5874,397,286,True
5875,397,285,True
5876,398,397,False
5877,398,396,False
5878,398,312,True
5879,398,310,True
5880,398,309,True
5881,398,308,True
5882,398,306,True
5883,398,305,True
5884,398,304,True
5885,398,302,True
5886,398,301,True
5887,398,300,True
5888,398,297,True
5889,398,293,True
5890,398,291,True
5891,398,290,True
5892,398,289,True
5893,398,288,True
5894,398,287,True
5895,398,286,True
5896,398,285,True
5897,399,397,False
5898,399,396,False
5899,399,395,False
5900,399,394,False
5901,399,393,False
5902,399,392,False
5903,399,391,False
5904,399,390,False
5905,399,316,False
5906,399,314,False
5907,399,307,False
5908,400,387,False
5909,400,386,False
5910,400,384,False
5911,400,380,True
5912,400,379,True
5913,400,377,True
5914,400,374,True
5915,400,372,True
5916,400,370,True
5917,400,369,True
5918,400,368,True
5919,400,365,True
5920,400,364,True
5921,400,359,True
5922,400,355,True
5923,400,353,True
5924,400,352,True
5925,400,350,True
5926,400,349,True
5927,401,400,False
5928,401,388,False
5929,401,387,False
5930,401,386,False
5931,401,385,False
5932,401,384,False
5933,401,383,True
5934,401,382,True
5935,401,381,True
5936,401,380,True
5937,401,379,True
5938,401,378,True
5939,401,377,True
5940,401,376,True
5941,401,375,True
5942,401,374,True
5943,401,373,True
5944,401,372,True
5945,401,371,True
5946,401,370,True
5947,401,369,True
5948,401,368,True
5949,401,367,True
5950,401,366,True
5951,401,365,True
5952,401,363,True
5953,401,362,True
5954,401,361,True
5955,401,360,True
5956,401,359,True
5957,401,358,True
5958,401,357,True
5959,401,356,True
5960,401,354,True
5961,401,352,True
5962,401,351,True
5963,401,350,True
5964,401,349,True
5965,401,348,True
5966,401,347,True
5967,401,346,True
5968,401,345,True
5969,401,344,True
5970,401,343,True
5971,401,342,True
5972,401,341,True
5973,401,340,True
5974,402,315,True
5975,402,314,True
5976,402,313,True
5977,402,312,True
5978,402,309,True
5979,402,307,True
5980,402,306,True
5981,402,305,True
5982,402,303,True
5983,402,298,True
5984,402,297,True
5985,402,296,True
5986,402,295,True
5987,402,294,True
5988,402,293,True
5989,402,292,True
5992,402,289,True
5993,402,288,True
5994,402,287,True
5995,402,286,True
5996,403,402,False
5997,403,315,True
5998,403,314,True
5999,403,313,True
6000,403,312,True
6001,403,311,True
6002,403,309,True
6003,403,307,True
6004,403,306,True
6005,403,305,True
6006,403,303,True
6007,403,302,True
6008,403,300,True
6009,403,298,True
6010,403,297,True
6011,403,296,True
6012,403,295,True
6013,403,294,True
6014,403,293,True
6015,403,292,True
6016,403,291,True
6017,403,290,True
6018,403,289,True
6019,403,288,True
6020,403,287,True
6021,403,286,True
6022,403,285,True
6024,404,402,False
6025,404,315,True
6026,404,314,True
6027,404,313,True
6028,404,312,True
6029,404,311,True
6030,404,309,False
6031,404,307,True
6032,404,306,True
6033,404,305,True
6034,404,304,True
6035,404,303,True
6036,404,302,True
6037,404,300,True
6038,404,298,True
6039,404,297,True
6040,404,296,True
6041,404,295,True
6042,404,294,True
6043,404,293,True
6044,404,292,True
6045,404,291,True
6046,404,290,True
6048,404,288,True
6049,404,287,True
6050,404,286,True
6051,404,285,True
6052,405,404,True
6053,405,403,False
6054,405,402,False
6055,405,314,True
6056,405,313,True
6057,405,312,True
6058,405,311,True
6059,405,309,False
6060,405,307,True
6061,405,306,True
6062,405,305,True
6063,405,304,True
6064,405,303,True
6065,405,302,True
6066,405,300,True
6067,405,298,True
6068,405,297,True
6069,405,296,True
6070,405,295,True
6071,405,294,True
6072,405,293,True
6073,405,292,True
6074,405,291,True
6075,405,290,True
6076,405,289,True
6077,405,288,True
6078,405,287,True
6079,405,286,True
6080,405,285,True
6081,406,405,False
6082,406,404,True
6083,406,403,False
6084,406,402,False
6085,406,314,True
6086,406,313,True
6087,406,312,True
6088,406,311,True
6089,406,309,False
6090,406,307,True
6091,406,306,True
6092,406,305,True
6093,406,304,True
6094,406,303,True
6095,406,302,True
6096,406,300,True
6097,406,298,True
6098,406,297,True
6099,406,296,True
6100,406,295,True
6101,406,294,True
6102,406,293,True
6103,406,292,True
6104,406,291,True
6105,406,290,True
6106,406,289,True
6107,406,288,True
6108,406,287,True
6109,406,286,True
6110,406,285,True
6111,407,406,False
6112,407,405,False
6113,407,404,False
6114,407,403,False
6115,407,402,False
6116,407,315,True
6117,407,314,True
6118,407,313,True
6119,407,312,True
6120,407,309,False
6121,407,307,True
6122,407,306,True
6123,407,303,True
6124,407,298,True
6125,407,297,True
6126,407,296,True
6127,407,295,True
6128,407,294,True
6129,407,293,True
6130,407,292,True
6132,407,290,True
6133,407,289,True
6134,407,288,True
6135,407,286,True
6136,408,407,True
6137,408,406,False
6138,408,405,False
6139,408,404,False
6140,408,403,False
6141,408,402,False
6142,408,314,True
6143,408,313,True
6144,408,312,True
6145,408,311,True
6146,408,309,False
6147,408,307,True
6148,408,306,True
6149,408,305,True
6150,408,304,True
6151,408,303,True
6152,408,302,True
6153,408,300,True
6154,408,298,True
6155,408,297,True
6156,408,296,True
6157,408,295,True
6158,408,294,True
6159,408,293,True
6160,408,292,True
6161,408,291,True
6162,408,290,True
6163,408,289,True
6164,408,288,True
6165,408,287,True
6166,408,286,True
6167,408,285,True
6168,409,408,True
6169,409,407,True
6170,409,406,True
6171,409,405,True
6172,409,404,True
6173,409,403,True
6174,409,402,True
6175,409,315,True
6176,409,314,True
6177,409,313,True
6178,409,312,True
6179,409,311,True
6180,409,309,True
6181,409,307,True
6182,409,306,True
6183,409,305,True
6184,409,304,True
6185,409,303,True
6186,409,302,True
6187,409,300,True
6188,409,299,True
6189,409,298,True
6190,409,297,True
6191,409,296,True
6192,409,295,True
6193,409,294,True
6194,409,293,True
6195,409,292,True
6196,409,291,True
6197,409,290,True
6198,409,289,True
6199,409,288,True
6200,409,287,True
6201,409,286,True
6202,409,285,True
6203,410,409,False
6204,410,408,False
6205,410,407,False
6206,410,406,False
6207,410,405,False
6208,410,404,False
6209,410,403,False
6210,410,402,False
6211,410,398,False
6212,410,397,False
6213,410,396,False
6214,410,315,True
6215,410,314,True
6216,410,313,True
6217,410,312,True
6218,410,311,True
6219,410,310,True
6220,410,309,False
6221,410,308,False
6222,410,307,True
6223,410,306,True
6224,410,305,True
6225,410,304,True
6226,410,303,True
6227,410,302,True
6228,410,301,True
6229,410,300,True
6230,410,298,True
6231,410,297,True
6232,410,296,True
6233,410,295,True
6234,410,294,True
6235,410,293,True
6236,410,292,True
6237,410,291,True
6238,410,290,True
6239,410,289,True
6240,410,288,True
6241,410,287,True
6242,410,286,True
6243,410,285,True
6244,410,277,False
6245,410,72,True
6246,411,410,False
6247,411,409,False
6248,411,408,False
6249,411,407,False
6250,411,406,False
6251,411,405,False
6252,411,404,False
6253,411,403,False
6254,411,402,False
6255,411,315,False
6256,411,314,False
6258,411,312,False
6259,411,311,False
6260,411,309,False
6261,411,307,False
6262,411,306,False
6263,411,305,False
6264,411,304,True
6265,411,303,False
6266,411,302,False
6267,411,301,True
6268,411,300,False
6269,411,299,False
6270,411,298,False
6271,411,297,False
6272,411,296,False
6273,411,295,False
6274,411,294,False
6275,411,293,False
6276,411,292,False
6277,411,291,False
6278,411,290,False
6279,411,289,False
6280,411,288,False
6281,411,287,False
6282,411,286,False
6283,411,285,False
6284,412,411,True
6285,412,410,False
6286,412,409,False
6287,412,408,False
6288,412,407,False
6289,412,406,False
6290,412,405,False
6291,412,404,False
6292,412,403,False
6293,412,402,False
6294,412,314,True
6295,412,313,True
6296,412,312,True
6297,412,311,False
6298,412,309,False
6299,412,307,True
6300,412,306,True
6301,412,305,True
6302,412,304,True
6303,412,303,True
6304,412,302,True
6305,412,300,True
6306,412,298,True
6307,412,297,True
6308,412,296,True
6309,412,295,True
6310,412,294,True
6311,412,293,True
6312,412,292,True
6313,412,291,True
6314,412,290,True
6315,412,289,True
6316,412,288,True
6317,412,287,True
6318,412,286,True
6319,412,285,True
6320,413,412,False
6321,413,411,True
6322,413,410,False
6323,413,409,False
6324,413,408,False
6325,413,407,False
6326,413,406,False
6327,413,405,False
6328,413,404,False
6329,413,403,False
6330,413,402,False
6331,413,314,True
6332,413,313,True
6333,413,312,True
6334,413,311,False
6335,413,309,False
6336,413,307,True
6337,413,306,True
6338,413,305,True
6339,413,304,True
6340,413,303,True
6341,413,302,True
6342,413,300,True
6343,413,298,True
6344,413,297,True
6345,413,296,True
6346,413,295,True
6347,413,294,True
6348,413,293,True
6349,413,292,True
6350,413,291,True
6351,413,290,True
6352,413,289,True
6353,413,288,True
6354,413,287,True
6355,413,286,True
6356,413,285,True
6357,414,413,False
6358,414,412,False
6359,414,411,True
6360,414,410,False
6361,414,409,False
6362,414,408,False
6363,414,407,False
6364,414,406,False
6365,414,405,False
6366,414,404,False
6367,414,403,False
6368,414,402,False
6369,414,314,True
6370,414,313,True
6371,414,312,True
6372,414,311,False
6373,414,309,False
6374,414,307,True
6375,414,306,True
6376,414,305,True
6377,414,304,True
6378,414,303,True
6379,414,302,True
6380,414,300,True
6381,414,298,True
6382,414,297,True
6383,414,296,True
6384,414,295,True
6385,414,294,True
6386,414,293,True
6387,414,292,True
6389,414,290,True
6390,414,289,True
6391,414,288,True
6392,414,287,True
6393,414,286,True
6394,414,285,True
6395,415,414,False
6396,415,413,False
6397,415,412,False
6398,415,411,True
6399,415,410,False
6400,415,409,False
6401,415,408,False
6402,415,407,False
6403,415,406,False
6404,415,405,False
6405,415,404,False
6406,415,403,False
6407,415,402,False
6408,415,398,False
6409,415,314,True
6410,415,313,True
6411,415,312,True
6412,415,311,False
6413,415,309,False
6414,415,307,True
6415,415,306,True
6416,415,305,True
6417,415,304,True
6418,415,303,True
6419,415,302,True
6420,415,301,True
6421,415,300,True
6422,415,299,True
6423,415,298,True
6424,415,297,True
6425,415,296,True
6426,415,295,True
6427,415,294,True
6428,415,293,True
6429,415,292,True
6430,415,291,True
6431,415,290,True
6432,415,289,True
6433,415,288,True
6434,415,287,True
6435,415,286,True
6436,415,285,True
6438,415,72,True
6439,416,415,False
6440,416,414,False
6441,416,413,False
6442,416,412,False
6443,416,411,True
6444,416,410,False
6445,416,409,False
6446,416,408,False
6447,416,407,False
6448,416,406,False
6449,416,405,False
6450,416,404,False
6451,416,403,False
6452,416,402,False
6453,416,314,True
6454,416,313,True
6455,416,312,True
6456,416,311,False
6457,416,309,False
6458,416,307,True
6459,416,306,True
6460,416,305,True
6461,416,304,True
6462,416,303,True
6463,416,302,True
6464,416,301,True
6465,416,300,True
6466,416,298,True
6467,416,297,True
6468,416,296,True
6469,416,295,True
6470,416,294,True
6471,416,293,True
6472,416,292,True
6473,416,291,True
6474,416,290,True
6475,416,289,True
6476,416,288,True
6477,416,287,True
6478,416,286,True
6479,416,285,True
6480,417,416,False
6481,417,415,False
6482,417,414,False
6483,417,413,False
6484,417,412,False
6485,417,411,True
6486,417,410,False
6487,417,409,False
6488,417,408,False
6489,417,407,False
6490,417,406,False
6491,417,405,False
6492,417,404,False
6493,417,403,False
6494,417,402,False
6495,417,315,True
6496,417,314,True
6497,417,313,True
6498,417,312,True
6499,417,311,False
6500,417,309,False
6501,417,307,True
6502,417,306,True
6503,417,305,True
6504,417,304,True
6505,417,303,True
6506,417,302,True
6507,417,300,True
6508,417,299,True
6509,417,298,True
6510,417,297,True
6511,417,296,True
6512,417,295,True
6513,417,294,True
6514,417,293,True
6515,417,292,True
6516,417,291,False
6517,417,290,True
6518,417,289,False
6519,417,288,True
6520,417,287,True
6521,417,286,False
6522,417,285,False
6523,418,417,False
6524,418,416,False
6525,418,415,False
6526,418,414,False
6527,418,413,False
6528,418,412,False
6529,418,411,True
6530,418,410,False
6531,418,409,False
6532,418,408,False
6533,418,407,False
6534,418,406,False
6535,418,405,False
6536,418,404,False
6537,418,403,False
6538,418,402,False
6539,418,315,True
6540,418,314,True
6541,418,313,True
6542,418,312,True
6543,418,309,False
6544,418,307,True
6545,418,306,True
6546,418,305,True
6547,418,303,True
6548,418,298,True
6549,418,297,True
6550,418,296,True
6551,418,295,True
6552,418,294,True
6553,418,293,True
6554,418,292,True
6555,418,291,False
6556,418,290,True
6557,418,289,False
6558,418,288,True
6559,418,287,True
6560,418,286,False
6561,419,418,True
6562,419,417,True
6563,419,416,False
6564,419,415,False
6565,419,414,False
6566,419,413,False
6567,419,412,False
6568,419,411,True
6569,419,410,False
6570,419,409,False
6571,419,408,False
6572,419,407,False
6574,419,405,False
6575,419,404,False
6576,419,403,False
6577,419,402,False
6578,419,314,True
6579,419,313,True
6580,419,312,True
6581,419,311,False
6582,419,309,False
6583,419,307,True
6584,419,306,True
6585,419,305,True
6586,419,304,True
6587,419,303,True
6588,419,302,True
6589,419,300,True
6590,419,298,True
6591,419,297,True
6592,419,296,True
6593,419,295,True
6594,419,294,True
6595,419,293,True
6596,419,292,True
6597,419,291,False
6598,419,290,True
6599,419,289,False
6600,419,288,True
6601,419,287,True
6602,419,286,True
6603,419,285,False
6604,420,419,True
6605,420,418,True
6606,420,417,True
6607,420,416,False
6608,420,415,False
6609,420,414,False
6610,420,413,False
6611,420,412,False
6612,420,411,True
6613,420,410,False
6614,420,409,False
6615,420,408,False
6616,420,407,False
6617,420,406,False
6618,420,405,False
6619,420,404,False
6620,420,403,False
6621,420,402,False
6622,420,314,True
6623,420,313,True
6624,420,312,True
6625,420,311,False
6626,420,309,False
6627,420,307,True
6628,420,306,True
6629,420,305,True
6630,420,304,True
6631,420,303,True
6632,420,302,True
6633,420,300,True
6634,420,298,True
6635,420,297,True
6636,420,296,True
6637,420,295,True
6638,420,294,True
6639,420,293,True
6640,420,292,True
6641,420,291,False
6642,420,290,True
6643,420,289,False
6644,420,288,True
6645,420,287,True
6646,420,286,True
6647,420,285,False
6648,422,421,False
6649,423,422,False
6650,423,421,False
6651,424,423,False
6652,424,422,False
6653,424,421,False
6654,425,424,False
6655,425,423,False
6656,425,422,False
6657,425,421,False
6659,426,266,False
6660,426,214,True
6661,426,213,True
6662,426,212,True
6663,426,211,True
6664,426,210,True
6665,426,209,True
6667,426,207,True
6668,426,206,True
6670,426,204,True
6671,426,203,True
6672,426,201,True
6673,427,426,False
6674,427,267,False
6675,427,266,False
6676,427,214,True
6677,427,213,True
6678,427,212,True
6680,427,210,True
6681,427,209,True
6682,427,208,True
6683,427,207,True
6684,427,206,True
6685,427,205,True
6687,427,203,True
6688,427,201,True
6689,428,427,False
6690,428,426,False
6692,428,266,False
6693,428,214,True
6694,428,213,True
6695,428,212,True
6698,428,209,True
6699,428,208,True
6700,428,207,True
6701,428,206,True
6703,428,204,True
6704,428,203,True
6705,428,201,True
6706,429,428,False
6707,429,427,False
6708,429,426,False
6710,429,266,False
6711,429,214,True
6712,429,213,True
6713,429,212,True
6714,429,211,True
6716,429,209,True
6717,429,208,True
6718,429,207,True
6719,429,206,True
6720,429,205,True
6721,429,204,True
6722,429,203,True
6723,429,201,True
6724,430,429,False
6725,430,428,False
6726,430,427,False
6727,430,426,False
6728,430,267,False
6729,430,266,False
6730,430,214,True
6731,430,213,True
6732,430,212,True
6733,430,211,True
6734,430,210,True
6735,430,209,True
6737,430,207,True
6738,430,205,True
6739,430,204,True
6740,430,203,True
6741,430,202,True
6742,430,201,True
6743,431,430,False
6744,431,429,False
6745,431,428,False
6746,431,427,False
6747,431,426,False
6748,431,267,False
6749,431,266,False
6750,431,214,True
6751,431,213,True
6752,431,212,True
6753,431,211,True
6754,431,210,True
6755,431,209,True
6756,431,208,True
6757,431,207,True
6758,431,205,True
6759,431,204,True
6760,431,203,True
6761,431,202,True
6762,431,201,True
6763,432,315,False
6764,433,432,False
6765,434,433,False
6766,434,432,False
6767,436,435,False
6768,437,436,False
6769,437,435,False
6770,438,437,False
6771,438,436,False
6772,438,435,False
6773,440,439,False
6774,441,440,False
6775,441,439,False
6776,442,441,False
6777,442,440,False
6778,442,439,False
6779,442,0,False
6780,443,442,False
6781,443,441,False
6782,443,440,False
6783,443,439,False
6784,443,436,False
6785,444,443,False
6786,444,442,False
6787,444,441,False
6788,444,440,False
6789,444,439,False
6790,445,444,False
6791,445,443,False
6792,445,442,False
6793,445,441,False
6794,445,440,False
6795,445,439,False
6796,446,445,False
6797,446,444,False
6798,446,443,False
6799,446,442,False
6800,446,441,False
6801,446,440,False
6802,446,439,False
6803,447,446,False
6804,447,445,False
6805,447,444,False
6806,447,443,False
6807,447,442,False
6808,447,441,False
6809,447,440,False
6810,447,439,False
6811,448,447,True
6812,448,446,True
6813,448,445,True
6814,448,444,True
6815,448,443,True
6816,448,442,True
6817,448,441,True
6819,448,439,True
6820,449,448,False
6821,449,447,True
6822,449,446,True
6823,449,445,True
6824,449,444,True
6825,449,443,True
6826,449,442,True
6827,449,441,True
6828,449,440,True
6829,449,439,True
6830,450,197,False
6831,451,450,False
6832,451,199,False
6833,452,451,False
6834,452,450,False
6836,452,200,False
6838,452,196,False
6840,452,193,False
6841,452,191,False
6842,452,189,False
6843,452,188,False
6847,452,182,False
6849,453,451,False
6850,453,450,False
6851,453,199,False
6852,454,453,False
6853,454,452,False
6854,454,451,False
6855,454,450,False
6856,454,197,False
6857,455,454,False
6858,455,453,False
6859,455,452,False
6860,455,451,False
6861,455,450,False
6863,455,200,False
6864,455,199,False
6866,456,455,False
6867,456,454,False
6868,456,453,False
6870,456,451,False
6871,456,450,False
6873,456,200,False
6874,456,199,False
6876,456,189,False
6877,456,188,False
6878,457,438,True
6879,457,437,True
6880,457,436,True
6881,457,435,True
6882,458,457,False
6883,458,438,True
6884,458,437,True
6885,458,436,True
6886,458,435,True
6887,459,455,False
6888,459,453,False
6890,460,459,False
6891,460,456,False
6892,460,455,False
6893,460,403,False
6894,461,460,False
6895,461,459,False
6897,461,452,False
6898,462,461,False
6899,462,460,False
6900,462,459,False
6902,463,462,False
6903,463,461,False
6904,463,460,False
6905,463,459,False
6906,463,456,False
6907,463,455,False
6908,463,453,False
6909,463,451,False
6910,464,463,False
6911,464,462,False
6912,464,461,False
6913,464,460,False
6914,464,459,False
6915,465,464,False
6916,465,463,False
6917,465,462,False
6918,465,461,False
6919,465,460,False
6920,465,459,False
6921,466,465,False
6922,466,464,False
6923,466,463,False
6924,466,462,False
6925,466,461,False
6926,466,459,False
6927,467,466,False
6928,467,465,False
6929,467,464,False
6930,467,463,False
6931,467,462,False
6932,467,461,False
6933,467,460,False
6934,467,459,False
6936,467,455,False
6937,467,453,False
6938,467,451,False
6940,467,222,False
6941,468,467,False
6942,468,466,False
6943,468,465,False
6944,468,464,False
6945,468,463,False
6946,468,462,False
6947,468,461,False
6949,468,459,False
6950,469,468,False
6951,469,467,False
6952,469,466,False
6953,469,465,False
6954,469,464,False
6955,469,463,False
6956,469,462,False
6957,469,461,False
6958,469,460,False
6959,469,459,False
6961,469,454,False
6962,469,450,False
6963,470,469,False
6965,470,467,False
6966,470,466,False
6967,470,465,False
6968,470,464,False
6969,470,463,False
6971,470,461,False
6972,470,460,False
6973,470,459,False
6974,471,469,False
6975,471,468,False
6976,471,467,False
6977,471,466,False
6978,471,464,False
6979,471,463,False
6980,471,462,False
6981,471,461,False
6982,471,460,False
6983,471,459,False
6984,472,458,False
6985,472,457,False
6986,472,438,False
6987,472,437,False
6988,472,436,False
6989,472,435,False
6990,473,472,False
6991,473,458,False
6992,473,457,False
6993,473,438,False
6994,473,437,False
6995,473,436,False
6996,473,435,False
6997,474,473,False
6998,474,472,False
6999,474,458,False
7000,474,457,False
7002,474,437,False
7003,474,436,False
7004,474,435,False
7005,475,474,False
7006,475,473,False
7007,475,472,False
7008,475,458,False
7009,475,457,False
7010,475,438,False
7012,475,436,False
7013,475,435,False
7014,476,449,False
7015,476,448,False
7016,476,447,False
7017,476,446,False
7018,476,445,False
7019,476,444,False
7020,476,443,False
7021,476,442,False
7022,476,441,False
7023,476,440,False
7024,476,439,False
7025,477,476,False
7026,477,449,False
7027,477,448,False
7028,477,447,True
7029,477,446,True
7030,477,445,True
7031,477,444,True
7032,477,443,True
7033,477,442,True
7034,477,441,True
7035,477,440,True
7036,477,439,True
7037,478,477,False
7038,478,476,False
7039,478,449,False
7040,478,448,False
7041,478,447,False
7042,478,446,False
7043,478,445,False
7044,478,444,False
7045,478,443,False
7046,478,442,False
7047,478,441,False
7048,478,440,False
7049,478,439,False
7050,479,478,False
7051,479,477,False
7052,479,476,False
7053,479,449,False
7054,479,448,False
7055,479,447,False
7056,479,446,False
7057,479,445,False
7058,479,444,False
7059,479,443,False
7060,479,442,False
7061,479,441,False
7062,479,440,False
7063,479,439,False
7065,480,478,False
7066,480,477,False
7067,480,476,False
7068,480,449,False
7069,480,448,False
7070,480,447,True
7071,480,446,True
7072,480,445,True
7073,480,444,True
7074,480,443,True
7075,480,442,True
7076,480,441,True
7078,480,439,True
7079,481,480,False
7080,481,479,True
7081,481,478,True
7082,481,477,False
7083,481,476,True
7084,481,449,False
7085,481,448,False
7086,481,447,False
7087,481,446,False
7088,481,445,False
7089,481,444,False
7090,481,443,False
7091,481,442,False
7092,481,441,False
7093,481,440,False
7094,481,439,False
7095,482,481,False
7096,482,480,False
7097,482,479,False
7098,482,478,False
7099,482,477,False
7100,482,476,False
7101,482,449,False
7102,482,448,False
7103,482,447,True
7104,482,446,True
7105,482,445,True
7106,482,444,True
7107,482,443,True
7108,482,442,True
7109,482,441,True
7110,482,440,True
7111,482,439,True
7112,483,482,False
7113,483,481,False
7114,483,480,False
7115,483,479,False
7116,483,478,False
7117,483,477,False
7118,483,476,False
7119,483,449,False
7120,483,448,False
7121,483,447,True
7122,483,446,True
7123,483,445,True
7124,483,444,True
7125,483,443,True
7126,483,442,True
7127,483,441,True
7128,483,440,True
7129,483,439,True
7130,484,483,False
7131,484,482,False
7132,484,481,False
7133,484,480,False
7134,484,479,True
7135,484,478,True
7136,484,477,False
7137,484,476,True
7138,484,449,False
7139,484,448,False
7141,484,446,False
7142,484,445,False
7143,484,444,False
7144,484,443,False
7145,484,442,False
7146,484,441,False
7147,484,440,False
7148,484,439,False
7149,485,484,False
7150,485,483,True
7151,485,482,False
7152,485,481,False
7153,485,480,False
7157,485,476,False
7158,485,449,False
7159,485,448,False
7160,485,447,True
7161,485,446,True
7162,485,445,True
7163,485,444,True
7164,485,443,True
7165,485,442,True
7166,485,441,True
7167,485,440,True
7168,485,439,True
7169,486,460,True
7172,487,486,False
7173,487,470,True
7174,487,465,True
7175,488,487,False
7176,488,486,False
7177,488,460,True
7179,488,403,False
7180,489,488,False
7181,489,487,False
7182,489,486,False
7183,489,460,True
7186,490,489,False
7187,490,488,False
7188,490,487,False
7189,490,486,False
7190,490,460,True
7191,490,409,False
7192,490,403,False
7195,491,131,False
7196,491,67,False
7197,491,65,False
7198,492,491,False
7199,493,492,False
7200,493,491,False
7201,493,264,False
7203,493,131,False
7204,493,67,False
7205,493,65,False
7206,494,492,False
7207,495,493,False
7208,495,492,False
7209,495,491,False
7210,495,264,False
7212,495,131,False
7213,495,67,False
7215,496,495,False
7216,496,494,False
7217,496,493,False
7218,496,492,False
7219,496,491,False
7220,497,496,False
7221,497,494,False
7222,497,492,False
7223,498,497,False
7225,499,498,False
7226,499,497,False
7227,500,499,False
7228,500,498,False
7229,500,497,False
7230,501,500,False
7231,501,499,False
7232,501,498,False
7233,501,497,False
7234,501,496,False
7235,501,494,False
7236,501,492,False
7237,502,501,False
7238,502,500,False
7239,502,499,False
7240,502,498,False
7241,502,497,False
7243,502,494,False
7244,502,492,False
7245,503,502,False
7246,503,501,False
7247,503,500,False
7248,503,499,False
7249,503,498,False
7250,503,497,False
7251,503,496,False
7252,503,494,False
7254,504,503,False
7255,504,502,False
7256,504,501,False
7257,504,500,False
7258,504,499,False
7259,504,498,False
7260,504,497,False
7261,505,504,False
7262,505,503,False
7264,505,501,False
7265,505,500,False
7266,505,499,False
7267,505,498,False
7268,505,497,False
7269,505,496,False
7270,505,494,False
7271,505,492,False
7272,506,505,False
7273,506,504,False
7274,506,503,False
7275,506,502,False
7276,506,501,False
7277,506,500,False
7278,506,499,False
7279,506,498,False
7280,506,497,False
7281,506,496,False
7282,506,494,False
7283,506,492,False
7284,507,506,False
7285,507,505,False
7286,507,504,False
7287,507,503,False
7288,507,502,False
7289,507,501,False
7290,507,500,False
7291,507,499,False
7292,507,498,False
7293,507,497,False
7294,507,496,False
7296,507,492,False
7298,507,18,False
7299,508,507,False
7300,508,506,False
7301,508,505,False
7302,508,504,False
7303,508,503,False
7304,508,502,False
7305,508,501,False
7306,508,500,False
7307,508,499,False
7308,508,498,False
7309,508,497,False
7310,508,496,False
7311,508,494,False
7312,508,492,False
7313,509,508,False
7314,509,507,False
7315,509,506,False
7316,509,505,False
7317,509,504,False
7318,509,503,False
7319,509,502,False
7320,509,501,False
7321,509,500,False
7322,509,499,False
7323,509,498,False
7324,509,497,False
7325,510,509,False
7326,510,508,False
7327,510,507,False
7328,510,506,False
7329,510,505,False
7330,510,504,False
7331,510,503,False
7332,510,502,False
7333,510,501,False
7334,510,500,False
7335,510,499,False
7336,510,498,False
7337,510,497,False
7338,510,496,False
7340,510,492,False
7341,511,510,False
7342,511,509,False
7343,511,508,False
7344,511,507,False
7345,511,506,False
7346,511,505,False
7347,511,504,False
7349,511,502,False
7350,511,501,False
7351,511,500,False
7352,511,499,False
7353,511,498,False
7354,511,497,False
7355,511,496,False
7356,511,494,False
7357,512,511,True
7358,512,510,False
7359,512,509,True
7360,512,508,True
7361,512,507,False
7362,512,506,False
7363,512,505,False
7364,512,504,True
7365,512,503,True
7366,512,502,False
7367,512,501,False
7368,512,500,True
7371,512,497,True
7372,512,496,True
7375,513,512,False
7376,513,511,False
7377,513,510,True
7378,513,509,False
7379,513,508,False
7380,513,507,True
7381,513,506,True
7382,513,505,True
7383,513,504,False
7384,513,503,False
7385,513,502,True
7387,513,500,False
7388,513,499,False
7389,513,498,False
7390,513,497,False
7393,513,492,False
7394,514,513,False
7395,514,512,False
7396,514,510,True
7397,514,508,False
7398,514,507,True
7399,514,506,True
7400,514,505,True
7401,514,503,False
7402,514,502,True
7403,514,501,True
7404,514,497,False
7405,514,496,False
7406,514,494,False
7407,514,492,False
7409,515,512,False
7410,515,511,True
7411,515,510,False
7412,515,509,True
7413,515,508,True
7414,515,506,False
7415,515,505,False
7416,515,504,True
7417,515,503,True
7418,515,502,False
7419,515,501,False
7420,515,500,True
7421,515,499,True
7422,515,498,True
7423,515,497,True
7424,516,515,False
7425,516,513,False
7426,516,512,False
7427,516,511,True
7428,516,510,False
7429,516,509,True
7430,516,508,True
7431,516,507,False
7432,516,506,False
7433,516,505,False
7434,516,504,True
7435,516,503,True
7436,516,502,False
7437,516,501,False
7438,516,500,True
7439,516,499,True
7440,516,498,True
7441,516,497,True
7442,517,516,False
7443,517,515,False
7444,517,514,False
7445,517,513,False
7447,517,511,True
7448,517,510,False
7449,517,509,True
7450,517,508,True
7451,517,507,False
7452,517,506,False
7454,517,504,True
7455,517,503,True
7456,517,502,False
7457,517,501,False
7458,517,500,True
7459,517,499,True
7460,517,498,True
7461,517,497,True
7462,517,496,True
7463,517,494,True
7465,518,517,False
7466,518,516,False
7467,518,515,False
7468,518,513,False
7469,518,512,False
7470,518,511,True
7471,518,510,False
7473,518,508,True
7474,518,507,False
7475,518,506,False
7476,518,505,False
7477,518,504,True
7479,518,502,False
7480,518,501,False
7481,518,500,True
7482,518,499,True
7483,518,498,True
7484,518,497,True
7485,518,496,True
7486,518,494,True
7487,519,518,False
7488,519,517,False
7489,519,516,False
7490,519,515,False
7491,519,513,False
7492,519,512,False
7493,519,511,True
7494,519,510,False
7495,519,509,True
7496,519,508,True
7497,519,507,False
7498,519,506,False
7499,519,505,False
7500,519,504,True
7501,519,503,True
7502,519,502,False
7503,519,501,False
7504,519,500,True
7505,519,499,True
7506,519,498,True
7507,519,497,True
7508,519,496,True
7509,519,494,True
7510,520,519,False
7511,520,518,False
7512,520,517,False
7513,520,516,False
7514,520,515,False
7515,520,514,False
7516,520,513,False
7517,520,512,False
7518,520,511,False
7519,520,510,True
7520,520,509,False
7521,520,508,False
7522,520,507,True
7523,520,506,True
7524,520,505,True
7525,520,504,False
7526,520,503,False
7527,520,502,True
7528,520,501,True
7529,520,500,False
7530,520,499,False
7531,520,498,False
7532,520,497,False
7533,520,496,False
7535,520,492,False
7536,521,520,False
7537,521,517,False
7538,521,514,False
7539,521,513,False
7540,521,512,False
7541,521,511,True
7542,521,510,False
7543,521,508,True
7544,521,507,False
7545,521,506,False
7546,521,505,False
7547,521,503,True
7548,521,501,False
7549,521,497,True
7550,521,496,True
7551,521,492,True
7552,521,277,False
7555,522,521,False
7556,522,520,False
7557,522,519,False
7558,522,518,False
7559,522,517,False
7560,522,516,False
7561,522,515,False
7563,522,513,False
7564,522,512,False
7565,522,511,False
7566,522,510,True
7567,522,509,False
7568,522,508,False
7570,522,506,True
7571,522,505,True
7572,522,504,False
7573,522,503,False
7574,522,502,True
7575,522,501,True
7576,522,500,False
7577,522,499,False
7578,522,498,False
7579,522,497,False
7580,522,496,False
7582,522,492,False
7583,523,470,False
7586,524,523,False
7589,524,467,False
7591,524,463,False
7593,524,456,False
7595,525,524,False
7596,525,523,False
7597,525,521,False
7600,525,456,False
7601,525,455,False
7604,525,189,False
7605,526,525,False
7606,526,524,False
7607,526,523,False
7609,526,467,False
7610,526,465,False
7611,527,526,False
7612,527,525,False
7613,527,524,False
7614,527,523,False
7617,527,460,False
7619,527,455,False
7622,527,189,False
7623,528,527,False
7624,528,526,False
7625,528,525,False
7626,528,524,False
7627,528,523,False
7631,529,528,False
7632,529,527,False
7634,529,525,False
7635,529,524,False
7636,529,523,False
7640,529,455,False
7641,530,529,False
7642,530,528,False
7643,530,527,False
7644,530,526,False
7645,530,525,False
7646,530,524,False
7647,530,523,False
7649,530,467,False
7650,530,465,False
7651,531,530,False
7653,531,528,False
7654,531,527,False
7655,531,526,False
7656,531,525,False
7657,531,524,False
7658,531,523,False
7659,532,531,False
7660,532,530,False
7661,532,529,False
7662,532,528,False
7663,532,527,False
7664,532,526,False
7665,532,525,False
7666,532,524,False
7667,532,523,False
7668,532,470,False
7669,532,467,False
7671,533,532,False
7672,533,531,False
7673,533,530,False
7674,533,529,False
7675,533,528,False
7676,533,527,False
7677,533,526,False
7678,533,525,False
7679,533,524,False
7680,533,523,False
7682,534,533,False
7683,534,532,False
7684,534,531,False
7685,534,530,False
7686,534,529,False
7687,534,528,False
7688,534,527,False
7689,534,526,False
7690,534,525,False
7691,534,524,False
7692,534,523,False
7693,535,534,False
7694,535,533,False
7695,535,532,False
7696,535,531,False
7697,535,530,False
7699,535,528,False
7701,535,526,False
7703,535,524,False
7704,535,523,False
7707,535,460,False
7708,535,456,False
7709,535,455,False
7713,536,535,False
7714,536,534,False
7715,536,533,False
7717,536,531,False
7720,536,528,False
7721,536,527,False
7724,536,524,False
7725,536,523,False
7727,536,467,False
7728,536,460,False
7729,536,456,False
7733,536,189,False
7734,537,536,False
7735,537,535,False
7736,537,534,False
7737,537,533,False
7738,537,532,False
7739,537,531,False
7741,537,529,False
7742,537,528,False
7744,537,526,False
7745,537,525,False
7746,537,524,False
7747,537,523,False
7749,537,467,False
7751,537,461,False
7753,537,456,False
7754,537,455,False
7755,537,452,False
7758,537,199,False
7759,537,189,False
7760,538,537,False
7761,538,536,False
7762,538,535,False
7763,538,534,False
7764,538,533,False
7765,538,532,False
7766,538,531,False
7767,538,530,False
7768,538,529,False
7769,538,528,False
7770,538,527,False
7772,538,525,False
7773,538,524,False
7774,538,523,False
7776,539,538,False
7777,539,537,False
7779,539,535,False
7780,539,534,False
7781,539,533,False
7782,539,532,False
7783,539,531,False
7784,539,530,False
7786,539,528,False
7787,539,527,False
7788,539,526,False
7789,539,525,False
7790,539,524,False
7791,539,523,False
7793,539,464,False
7795,540,539,False
7796,540,538,False
7797,540,537,False
7798,540,536,False
7799,540,535,False
7800,540,534,False
7801,540,533,False
7802,540,532,False
7803,540,531,False
7805,540,529,False
7806,540,528,False
7809,540,525,False
7810,540,524,False
7811,540,523,False
7812,540,521,False
7814,540,467,False
7816,540,456,False
7817,540,455,False
7818,541,540,False
7819,541,539,False
7820,541,538,False
7821,541,537,False
7822,541,536,False
7823,541,535,False
7824,541,534,False
7825,541,533,False
7826,541,532,False
7827,541,531,False
7828,541,530,False
7829,541,529,False
7830,541,528,False
7831,541,527,False
7832,541,526,False
7833,541,525,False
7834,541,524,False
7835,541,523,False
7837,541,456,False
7838,541,455,False
7841,541,199,False
7842,541,189,False
7843,542,541,False
7844,542,540,False
7845,542,539,False
7846,542,538,False
7847,542,537,False
7848,542,536,False
7850,542,534,False
7851,542,533,False
7852,542,532,False
7853,542,531,False
7855,542,529,False
7856,542,528,False
7857,542,527,False
7858,542,526,False
7859,542,525,False
7860,542,524,False
7861,542,523,False
7862,542,467,False
7866,543,542,False
7867,543,541,False
7868,543,540,False
7869,543,539,False
7870,543,538,False
7871,543,537,False
7872,543,536,False
7873,543,535,False
7874,543,534,False
7875,543,533,False
7876,543,532,False
7877,543,531,False
7878,543,530,False
7879,543,529,False
7880,543,528,False
7881,543,527,False
7882,543,526,False
7883,543,525,False
7884,543,524,False
7885,543,523,False
7886,543,521,False
7890,543,455,False
7894,543,189,False
7895,544,543,False
7896,544,542,False
7897,544,541,False
7898,544,540,False
7899,544,539,False
7900,544,538,False
7901,544,537,False
7902,544,536,False
7903,544,535,False
7904,544,534,False
7905,544,533,False
7906,544,532,False
7907,544,531,False
7908,544,530,False
7909,544,529,False
7910,544,528,False
7911,544,527,False
7912,544,526,False
7913,544,525,False
7914,544,524,False
7915,544,523,False
7916,544,521,False
7920,544,455,False
7922,545,544,False
7923,545,543,False
7924,545,542,False
7925,545,541,False
7926,545,540,False
7927,545,539,False
7928,545,538,False
7929,545,537,False
7930,545,536,False
7931,545,535,False
7932,545,534,False
7933,545,533,False
7934,545,532,False
7935,545,531,False
7936,545,530,False
7937,545,529,False
7938,545,528,False
7939,545,527,False
7940,545,526,False
7941,545,525,False
7942,545,524,False
7943,545,523,False
7944,546,545,False
7946,546,543,False
7947,546,542,False
7948,546,541,False
7949,546,540,False
7950,546,539,False
7951,546,538,False
7952,546,537,False
7953,546,536,False
7954,546,535,False
7955,546,534,False
7956,546,533,False
7957,546,532,False
7958,546,531,False
7959,546,530,False
7961,546,528,False
7962,546,527,False
7964,546,525,False
7965,546,524,False
7966,546,523,False
7967,547,545,False
7968,547,539,False
7969,547,538,False
7970,547,534,False
7971,547,532,False
7972,547,531,False
7973,547,530,False
7974,547,528,False
7975,547,526,False
7976,547,523,False
7977,547,495,False
7979,547,491,False
7980,547,265,False
7984,547,131,False
7985,547,67,False
7986,547,65,False
7987,548,547,False
7988,548,545,False
7989,548,539,False
7990,548,538,False
7991,548,534,False
7992,548,532,False
7993,548,531,False
7994,548,530,False
7995,548,528,False
7996,548,526,False
7997,548,523,False
7998,548,495,False
8001,548,265,False
8002,548,264,False
8003,548,263,False
8005,548,131,False
8006,548,67,False
8007,548,65,False
8008,549,548,False
8009,549,547,False
8010,549,545,False
8011,549,539,False
8012,549,538,False
8013,549,534,False
8014,549,532,False
8015,549,531,False
8016,549,530,False
8018,549,523,False
8019,549,495,False
8020,549,493,False
8021,549,491,False
8022,549,265,False
8023,549,264,False
8025,549,262,False
8027,549,67,False
8028,549,65,False
8029,551,550,False
8030,552,551,False
8031,552,550,False
8032,553,552,False
8033,553,551,False
8034,553,550,False
8035,554,553,False
8036,554,552,False
8038,554,550,False
8040,555,554,False
8041,555,553,False
8042,555,552,False
8043,555,551,False
8044,555,550,False
8045,555,211,False
8046,556,555,False
8047,556,554,False
8048,556,553,False
8049,556,552,False
8050,556,551,False
8051,556,550,False
8052,556,208,False
8053,557,556,False
8054,557,555,False
8055,557,554,False
8056,557,553,False
8057,557,552,False
8058,557,551,False
8059,557,550,False
8060,558,557,False
8061,558,556,False
8062,558,555,False
8063,558,554,False
8064,558,553,False
8065,558,552,False
8066,558,551,False
8067,558,550,False
8068,559,558,False
8069,559,557,False
8070,559,556,False
8071,559,555,False
8072,559,554,False
8073,559,553,False
8074,559,552,False
8075,559,551,False
8076,559,550,False
8077,560,559,False
8078,560,558,False
8079,560,557,False
8080,560,556,False
8081,560,555,False
8082,560,554,False
8083,560,553,False
8084,560,552,False
8085,560,551,False
8086,560,550,False
8089,560,211,False
8090,561,560,False
8091,561,559,False
8092,561,558,False
8093,561,557,False
8094,561,556,False
8095,561,555,False
8096,561,554,False
8097,561,553,False
8098,561,552,False
8099,561,551,False
8100,561,550,False
8101,561,211,False
8102,562,561,False
8103,562,560,False
8104,562,559,False
8105,562,558,False
8106,562,557,False
8107,562,556,False
8108,562,555,False
8109,562,554,False
8110,562,553,False
8111,562,552,False
8112,562,551,False
8113,562,550,False
8114,563,562,False
8115,563,561,False
8116,563,560,False
8117,563,559,False
8118,563,558,False
8119,563,557,False
8120,563,556,False
8121,563,555,False
8122,563,554,False
8123,563,553,False
8124,563,552,False
8125,563,551,False
8126,563,550,False
8127,564,563,False
8128,564,562,False
8129,564,561,False
8130,564,560,False
8131,564,559,False
8132,564,558,False
8133,564,557,False
8134,564,556,False
8135,564,555,False
8136,564,554,False
8137,564,553,False
8138,564,552,False
8139,564,551,False
8140,564,550,False
8141,565,564,False
8142,565,563,False
8143,565,562,False
8144,565,561,False
8145,565,560,False
8146,565,559,False
8147,565,558,False
8148,565,557,False
8149,565,556,False
8150,565,555,False
8151,565,554,False
8152,565,553,False
8153,565,552,False
8154,565,551,False
8155,565,550,False
8157,566,565,False
8159,566,563,False
8160,566,562,False
8161,566,561,False
8162,566,560,False
8163,566,559,False
8164,566,558,False
8165,566,557,False
8166,566,556,False
8167,566,555,False
8168,566,554,False
8169,566,553,False
8170,566,552,False
8171,566,551,False
8173,567,566,False
8174,567,565,False
8175,567,564,False
8176,567,563,False
8177,567,562,False
8178,567,561,False
8179,567,560,False
8180,567,559,False
8181,567,558,False
8182,567,557,False
8183,567,556,False
8184,567,555,False
8185,567,554,False
8186,567,553,False
8187,567,552,False
8188,567,551,False
8189,567,550,False
8190,568,567,False
8191,568,566,False
8192,568,565,False
8193,568,564,False
8194,568,563,False
8195,568,562,False
8196,568,561,False
8197,568,560,False
8198,568,559,False
8199,568,558,False
8201,568,556,False
8202,568,555,False
8203,568,554,False
8204,568,553,False
8205,568,552,False
8206,568,551,False
8207,568,550,False
8210,569,547,False
8211,569,546,False
8212,569,545,False
8213,569,544,False
8214,569,543,False
8215,569,542,False
8216,569,541,False
8218,569,539,False
8219,569,538,False
8220,569,537,False
8222,569,535,False
8223,569,534,False
8224,569,533,False
8225,569,532,False
8226,569,531,False
8227,569,530,False
8228,569,529,False
8229,569,528,False
8230,569,527,False
8231,569,526,False
8232,569,525,False
8233,569,524,False
8234,569,523,False
8235,570,569,False
8236,570,549,False
8237,570,548,False
8238,570,547,False
8239,570,546,False
8240,570,545,False
8243,570,542,False
8244,570,541,False
8245,570,540,False
8246,570,539,False
8247,570,538,False
8248,570,537,False
8249,570,536,False
8250,570,535,False
8251,570,534,False
8252,570,533,False
8254,570,531,False
8255,570,530,False
8256,570,529,False
8257,570,528,False
8258,570,527,False
8259,570,526,False
8260,570,525,False
8261,570,524,False
8262,570,523,False
8263,571,570,False
8264,571,569,False
8265,571,548,False
8266,571,547,False
8267,571,546,False
8268,571,545,False
8271,571,542,False
8272,571,541,False
8273,571,540,False
8274,571,539,False
8275,571,538,False
8276,571,537,False
8277,571,536,False
8278,571,535,False
8279,571,534,False
8281,571,532,False
8282,571,531,False
8283,571,530,False
8285,571,528,False
8286,571,527,False
8288,571,525,False
8289,571,524,False
8290,571,523,False
8291,572,571,False
8292,572,570,False
8293,572,569,False
8294,572,549,False
8296,572,547,False
8297,572,546,False
8298,572,545,False
8300,572,543,False
8301,572,542,False
8302,572,541,False
8303,572,540,False
8304,572,539,False
8305,572,538,False
8309,572,534,False
8310,572,533,False
8311,572,532,False
8312,572,531,False
8315,572,528,False
8316,572,527,False
8317,572,526,False
8318,572,525,False
8320,572,523,False
8321,573,572,False
8322,573,571,False
8323,573,570,False
8324,573,569,False
8325,573,549,False
8326,573,548,False
8327,573,547,False
8328,573,546,False
8329,573,545,False
8330,573,544,False
8331,573,543,False
8334,573,540,False
8335,573,539,False
8336,573,538,False
8337,573,537,False
8338,573,536,False
8339,573,535,False
8340,573,534,False
8341,573,533,False
8342,573,532,False
8343,573,531,False
8344,573,530,False
8347,573,527,False
8348,573,526,False
8349,573,525,False
8350,573,524,False
8351,573,523,False
8352,574,573,False
8353,574,572,False
8354,574,571,False
8355,574,570,False
8356,574,569,False
8358,574,548,False
8360,574,546,False
8361,574,545,False
8363,574,543,False
8365,574,541,False
8367,574,539,False
8369,574,537,False
8370,574,536,False
8371,574,535,False
8372,574,534,False
8373,574,533,False
8375,574,531,False
8376,574,530,False
8377,574,529,False
8378,574,528,False
8379,574,527,False
8381,574,525,False
8382,574,524,False
8383,574,523,False
8384,575,574,False
8385,575,573,False
8386,575,572,False
8387,575,571,False
8388,575,570,False
8389,575,569,False
8390,575,549,False
8391,575,548,False
8392,575,547,False
8393,575,546,False
8394,575,545,False
8395,575,544,False
8396,575,543,False
8398,575,541,False
8400,575,539,False
8402,575,537,False
8403,575,536,False
8405,575,534,False
8406,575,533,False
8407,575,532,False
8408,575,531,False
8409,575,530,False
8410,575,529,False
8411,575,528,False
8412,575,527,False
8414,575,525,False
8415,575,524,False
8416,575,523,False
8417,576,575,False
8419,576,573,False
8420,576,572,False
8421,576,571,False
8422,576,570,False
8423,576,569,False
8424,576,549,False
8425,576,548,False
8426,576,547,False
8427,576,546,False
8428,576,545,False
8429,576,544,False
8430,576,543,False
8431,576,542,False
8432,576,541,False
8433,576,540,False
8434,576,539,False
8435,576,538,False
8436,576,537,False
8438,576,535,False
8439,576,534,False
8440,576,533,False
8441,576,532,False
8442,576,531,False
8443,576,530,False
8444,576,529,False
8445,576,528,False
8446,576,527,False
8447,576,526,False
8448,576,525,False
8450,576,523,False
8451,577,576,False
8453,577,574,False
8454,577,573,False
8455,577,572,False
8456,577,571,False
8457,577,570,False
8458,577,569,False
8460,577,548,False
8462,577,546,False
8463,577,545,False
8464,577,544,False
8466,577,542,False
8467,577,541,False
8468,577,540,False
8470,577,538,False
8473,577,535,False
8477,577,531,False
8479,577,529,False
8480,577,528,False
8481,577,527,False
8483,577,525,False
8484,577,524,False
8485,577,523,False
8486,578,577,False
8488,578,575,False
8489,578,574,False
8490,578,573,False
8491,578,572,False
8492,578,571,False
8493,578,570,False
8494,578,569,False
8495,578,549,False
8497,578,547,False
8498,578,546,False
8499,578,545,False
8500,578,544,False
8502,578,542,False
8503,578,541,False
8504,578,540,False
8505,578,539,False
8506,578,538,False
8507,578,537,False
8508,578,536,False
8510,578,534,False
8511,578,533,False
8513,578,531,False
8515,578,529,False
8516,578,528,False
8517,578,527,False
8518,578,526,False
8520,578,524,False
8521,578,523,False
8522,579,578,False
8523,579,577,False
8524,579,576,False
8525,579,575,False
8526,579,574,False
8527,579,573,False
8528,579,572,False
8529,579,571,False
8530,579,570,False
8531,579,569,False
8532,579,549,False
8533,579,548,False
8534,579,547,False
8535,579,546,False
8536,579,545,False
8539,579,542,False
8540,579,541,False
8541,579,540,False
8542,579,539,False
8543,579,538,False
8544,579,537,False
8546,579,535,False
8547,579,534,False
8548,579,533,False
8549,579,532,False
8550,579,531,False
8553,579,528,False
8554,579,527,False
8555,579,526,False
8557,579,524,False
8558,579,523,False
8559,580,579,False
8560,580,578,False
8561,580,577,False
8562,580,574,False
8563,580,573,False
8564,580,572,False
8565,580,571,False
8567,580,569,False
8568,581,580,False
8571,581,577,False
8572,581,576,False
8575,581,573,False
8576,581,572,False
8577,581,571,False
8578,581,570,False
8579,581,569,False
8580,581,549,False
8582,581,547,False
8583,581,546,False
8584,581,545,False
8588,581,541,False
8589,581,540,False
8591,581,538,False
8592,581,537,False
8593,581,536,False
8594,581,535,False
8597,581,532,False
8598,581,531,False
8599,581,530,False
8601,581,528,False
8603,581,526,False
8604,581,525,False
8606,581,523,False
8607,582,581,False
8608,582,579,False
8609,582,578,False
8610,582,577,False
8611,582,576,False
8612,582,575,False
8614,582,573,False
8615,582,572,False
8616,582,571,False
8617,582,570,False
8618,582,569,False
8619,582,549,False
8620,582,548,False
8621,582,547,False
8622,582,546,False
8623,582,545,False
8625,582,543,False
8626,582,542,False
8627,582,541,False
8628,582,540,False
8632,582,536,False
8634,582,534,False
8635,582,533,False
8636,582,532,False
8637,582,531,False
8638,582,530,False
8640,582,528,False
8641,582,527,False
8642,582,526,False
8643,582,525,False
8645,582,523,False
8646,583,582,False
8647,583,581,False
8648,583,580,False
8649,583,579,False
8650,583,578,False
8651,583,577,False
8652,583,576,False
8653,583,575,False
8654,583,574,False
8655,583,573,False
8656,583,572,False
8657,583,571,False
8658,583,570,False
8659,583,569,False
8660,583,549,False
8661,583,548,False
8662,583,547,False
8663,583,546,False
8664,583,545,False
8665,583,544,False
8666,583,543,False
8668,583,541,False
8670,583,539,False
8671,583,538,False
8673,583,536,False
8674,583,535,False
8675,583,534,False
8676,583,533,False
8677,583,532,False
8678,583,531,False
8680,583,529,False
8681,583,528,False
8682,583,527,False
8683,583,526,False
8684,583,525,False
8686,583,523,False
8687,584,583,False
8688,584,582,False
8689,584,581,False
8690,584,579,False
8691,584,578,False
8692,584,577,False
8693,584,576,False
8694,584,575,False
8696,584,573,False
8697,584,572,False
8698,584,571,False
8699,584,570,False
8700,584,569,False
8701,584,549,False
8702,584,548,False
8703,584,547,False
8704,584,546,False
8705,584,545,False
8707,584,543,False
8709,584,541,False
8710,584,540,False
8711,584,539,False
8712,584,538,False
8713,584,537,False
8715,584,535,False
8716,584,534,False
8717,584,533,False
8718,584,532,False
8719,584,531,False
8720,584,530,False
8722,584,528,False
8724,584,526,False
8725,584,525,False
8727,584,523,False
8728,585,584,False
8729,585,583,False
8730,585,582,False
8732,585,579,False
8733,585,578,False
8736,585,575,False
8738,585,573,False
8739,585,572,False
8740,585,571,False
8741,585,570,False
8742,585,569,False
8743,585,549,False
8745,585,547,False
8746,585,546,False
8747,585,545,False
8749,585,543,False
8751,585,541,False
8752,585,540,False
8753,585,539,False
8754,585,538,False
8755,585,537,False
8757,585,535,False
8758,585,534,False
8759,585,533,False
8760,585,532,False
8761,585,531,False
8762,585,530,False
8764,585,528,False
8765,585,527,False
8766,585,526,False
8768,585,524,False
8769,585,523,False
8770,586,568,False
8772,586,566,False
8773,586,565,False
8775,586,563,False
8776,586,562,False
8777,586,561,False
8778,586,560,False
8779,586,559,False
8780,586,558,False
8781,586,557,False
8782,586,556,False
8784,586,554,False
8785,586,553,False
8786,586,552,False
8787,586,551,False
8788,586,550,False
8789,586,208,False
8790,587,586,False
8791,587,568,False
8792,587,567,False
8793,587,566,False
8794,587,565,False
8795,587,564,False
8796,587,563,False
8797,587,562,False
8798,587,561,False
8799,587,560,False
8800,587,559,False
8801,587,558,False
8802,587,557,False
8803,587,556,False
8804,587,555,False
8805,587,554,False
8806,587,553,False
8807,587,552,False
8808,587,551,False
8809,587,550,False
8810,587,430,False
8812,588,587,False
8813,588,586,False
8814,588,568,False
8815,588,567,False
8817,588,565,False
8819,588,563,False
8820,588,562,False
8822,588,560,False
8823,588,559,False
8824,588,558,False
8825,588,557,False
8826,588,556,False
8827,588,555,False
8828,588,554,False
8829,588,553,False
8830,588,552,False
8831,588,551,False
8832,588,550,False
8834,590,589,False
8835,591,590,False
8836,591,589,False
8837,592,591,False
8838,592,590,False
8839,592,589,False
8840,593,592,False
8841,593,591,False
8842,593,590,False
8843,593,589,False
8844,594,593,False
8845,594,592,False
8846,594,591,False
8847,594,590,False
8848,594,589,False
8849,596,595,False
8850,597,596,False
8851,597,595,False
8852,598,597,False
8853,598,596,False
8854,598,595,False
8855,599,598,False
8856,599,597,False
8857,599,596,False
8858,599,595,False
8859,599,549,False
8865,599,264,False
8867,599,70,False
8869,599,68,False
8870,599,67,False
8871,599,66,False
8872,599,65,False
8873,599,64,False
8874,599,63,False
8875,601,600,False
8876,602,601,False
8877,602,600,False
8878,603,602,False
8879,603,601,False
8880,603,600,False
8881,603,597,False
8882,603,421,False
8883,604,603,False
8884,604,602,False
8885,604,601,False
8886,604,600,False
8888,605,604,False
8889,605,603,False
8890,605,602,False
8891,605,601,False
8892,605,600,False
8893,606,605,False
8894,606,604,False
8895,606,603,False
8896,606,602,False
8897,606,601,False
8898,606,600,False
8899,607,606,False
8900,607,605,False
8901,607,604,False
8902,607,603,False
8903,607,602,False
8904,607,601,False
8905,607,600,False
8906,608,607,True
8907,608,606,True
8908,608,605,True
8909,608,604,True
8910,608,603,True
8911,608,602,True
8912,608,601,True
8913,608,600,True
8914,609,604,False
8915,609,599,True
8916,609,598,True
8917,609,597,True
8918,609,596,True
8919,609,595,True
8920,610,594,True
8921,610,593,True
8922,610,592,True
8923,610,591,True
8924,610,590,True
8925,610,589,True
8928,611,610,False
8929,611,594,True
8930,611,593,True
8931,611,592,True
8932,611,591,True
8933,611,590,True
8934,611,589,True
8935,612,609,False
8936,612,599,True
8937,612,598,True
8938,612,597,True
8939,612,596,True
8940,612,595,True
8941,613,612,False
8942,613,609,False
8943,613,599,True
8944,613,598,True
8945,613,597,True
8946,613,596,True
8947,613,595,True
8949,614,613,False
8950,614,612,False
8951,614,609,False
8952,614,599,True
8953,614,598,True
8954,614,597,True
8955,614,596,True
8956,614,595,True
8957,615,614,False
8958,615,613,False
8959,615,612,False
8960,615,609,False
8962,615,603,False
8963,615,599,True
8964,615,598,True
8965,615,597,True
8966,615,596,True
8967,615,595,True
8968,615,421,False
8969,617,616,False
8970,618,617,False
8971,618,616,False
8972,619,618,False
8973,619,617,False
8974,619,616,False
8975,620,619,False
8976,620,618,False
8978,620,616,False
8979,621,620,False
8980,621,619,False
8981,621,618,False
8982,621,617,False
8983,621,616,False
8985,623,621,False
8986,623,620,False
8987,623,619,False
8988,623,618,False
8989,623,617,False
8990,623,616,False
8991,624,623,False
8993,624,620,False
8994,624,619,False
8995,624,618,False
8996,624,617,False
8997,624,616,False
8998,625,624,False
8999,625,623,False
9000,625,621,False
9001,625,620,False
9002,625,619,False
9003,625,618,False
9004,625,617,False
9005,625,616,False
9006,626,621,False
9007,626,616,False
9008,627,626,False
9011,627,621,False
9012,627,620,False
9014,627,617,False
9016,628,627,False
9017,628,626,False
9018,628,621,False
9020,628,616,False
9021,629,628,False
9022,629,627,False
9023,629,626,False
9025,629,623,False
9026,629,621,False
9027,629,620,False
9028,629,619,False
9030,629,616,False
9031,630,629,False
9032,630,628,False
9033,630,627,False
9034,630,626,False
9035,630,624,False
9036,630,623,False
9037,630,621,False
9038,630,620,False
9040,630,618,False
9041,630,617,False
9042,630,616,False
9044,631,629,False
9045,631,628,False
9046,631,627,False
9047,631,626,False
9049,631,623,False
9050,631,621,False
9051,631,620,False
9052,631,619,False
9053,631,617,False
9054,631,616,False
9055,632,631,False
9056,632,630,False
9057,632,629,False
9059,632,627,False
9061,632,624,False
9062,632,623,False
9063,632,621,False
9065,632,619,False
9066,632,618,False
9067,632,617,False
9068,632,616,False
9069,633,632,False
9070,633,631,False
9071,633,630,False
9072,633,629,False
9073,633,628,False
9074,633,627,False
9075,633,626,False
9076,633,625,False
9077,633,624,False
9078,633,623,False
9079,633,621,False
9080,633,620,False
9081,633,619,False
9082,633,618,False
9083,633,617,False
9084,633,616,False
9085,634,633,False
9086,634,632,False
9087,634,631,False
9088,634,630,False
9089,634,629,False
9090,634,628,False
9091,634,627,False
9092,634,626,False
9093,635,634,False
9094,635,633,False
9095,635,632,False
9096,635,631,False
9097,635,630,False
9098,635,629,False
9099,635,628,False
9100,635,627,False
9101,635,626,False
9102,636,635,False
9103,636,634,False
9104,636,633,False
9105,636,632,False
9106,636,631,False
9107,636,630,False
9108,636,629,False
9109,636,628,False
9110,636,627,False
9111,636,626,False
9112,637,636,False
9113,637,635,False
9114,637,634,False
9116,637,632,False
9117,637,631,False
9118,637,630,False
9119,637,629,False
9120,637,628,False
9121,637,627,False
9122,637,626,False
9123,637,624,False
9124,637,623,False
9125,637,621,False
9126,637,620,False
9127,637,619,False
9130,637,616,False
9131,638,637,False
9132,638,636,False
9133,638,635,False
9134,638,634,False
9135,638,633,False
9136,638,632,False
9137,638,631,False
9138,638,630,False
9139,638,629,False
9140,638,628,False
9141,638,627,False
9142,638,626,False
9143,638,624,False
9144,638,623,False
9145,638,621,False
9146,638,620,False
9147,638,619,False
9148,638,617,False
9149,638,616,False
9150,639,638,False
9153,639,635,False
9154,639,634,False
9155,639,633,False
9156,639,632,False
9157,639,631,False
9158,639,630,False
9159,639,629,False
9160,639,628,False
9161,639,627,False
9162,639,626,False
9163,639,624,False
9164,639,623,False
9166,639,620,False
9167,639,619,False
9169,639,616,False
9170,640,639,True
9171,640,638,True
9172,640,637,True
9173,640,636,True
9174,640,635,True
9175,640,634,True
9176,640,633,True
9177,640,632,True
9178,640,631,True
9179,640,630,True
9180,640,629,True
9181,640,628,True
9182,640,627,True
9183,640,626,True
9184,640,624,False
9185,640,623,False
9186,640,621,False
9187,640,620,False
9188,640,619,False
9190,640,616,False
9191,641,640,False
9192,641,639,True
9193,641,638,True
9194,641,637,True
9195,641,636,True
9196,641,635,True
9197,641,634,True
9199,641,632,True
9200,641,631,True
9201,641,630,True
9202,641,629,True
9203,641,628,True
9204,641,627,True
9205,641,626,True
9209,645,644,False
9210,645,643,False
9211,645,642,False
9212,646,645,False
9213,646,644,False
9214,646,643,False
9215,646,642,False
9216,647,646,False
9217,647,645,False
9218,647,644,False
9219,647,643,False
9220,647,642,False
9221,648,647,False
9222,648,646,False
9223,648,645,False
9224,648,644,False
9225,648,643,False
9226,648,642,False
9227,649,648,False
9228,649,647,False
9229,649,646,False
9230,649,645,False
9231,649,644,False
9232,649,643,False
9233,649,642,False
9234,650,649,False
9235,650,648,False
9236,650,647,False
9237,650,646,False
9238,650,645,False
9239,650,644,False
9240,650,643,False
9241,650,642,False
9242,651,650,False
9243,651,649,False
9244,651,648,False
9245,651,647,False
9246,651,646,False
9247,651,645,False
9248,651,644,False
9249,651,643,False
9250,651,642,False
9251,652,651,False
9252,652,650,False
9253,652,649,False
9254,652,648,False
9255,652,647,False
9256,652,646,False
9258,652,644,False
9259,652,643,False
9260,652,642,False
9261,653,652,False
9262,653,651,False
9263,653,650,False
9264,653,649,False
9265,653,648,False
9266,653,647,False
9267,653,646,False
9268,653,645,False
9269,653,644,False
9270,653,643,False
9271,653,642,False
9272,654,653,False
9273,654,652,False
9274,654,651,False
9275,654,650,False
9276,654,649,False
9277,654,648,False
9278,654,647,False
9279,654,646,False
9280,654,645,False
9281,654,644,False
9282,654,643,False
9283,654,642,False
9284,655,654,False
9285,655,653,False
9286,655,652,False
9287,655,651,False
9288,655,650,False
9289,655,649,False
9290,655,648,False
9291,655,647,False
9292,655,646,False
9293,655,645,False
9294,655,644,False
9295,655,643,False
9296,655,642,False
9297,656,655,False
9298,656,654,False
9299,656,653,False
9300,656,652,False
9301,656,651,False
9302,656,650,False
9303,656,649,False
9304,656,648,False
9305,656,647,False
9306,656,646,False
9307,656,645,False
9308,656,644,False
9309,656,643,False
9310,656,642,False
9311,657,656,False
9312,657,655,False
9313,657,654,False
9314,657,653,False
9315,657,652,False
9316,657,651,False
9317,657,650,False
9318,657,649,False
9319,657,648,False
9320,657,647,False
9321,657,646,False
9322,657,645,False
9323,657,644,False
9324,657,643,False
9325,657,642,False
9326,658,657,False
9327,658,656,False
9328,658,655,False
9329,658,654,False
9330,658,653,False
9331,658,652,False
9332,658,651,False
9333,658,650,False
9334,658,649,False
9335,658,648,False
9336,658,647,False
9337,658,646,False
9338,658,645,False
9339,658,644,False
9340,658,643,False
9341,658,642,False
9342,659,658,False
9343,659,657,False
9344,659,656,False
9345,659,655,False
9346,659,654,False
9347,659,653,False
9348,659,652,False
9349,659,651,False
9350,659,650,False
9351,659,649,False
9352,659,648,False
9353,659,647,False
9354,659,646,False
9355,659,645,False
9356,659,644,False
9357,659,643,False
9358,659,642,False
9359,660,659,False
9360,660,658,False
9361,660,657,False
9362,660,656,False
9363,660,655,False
9364,660,654,False
9365,660,653,False
9366,660,652,False
9367,660,651,False
9368,660,650,False
9369,660,649,False
9370,660,648,False
9371,660,647,False
9372,660,646,False
9373,660,645,False
9374,660,644,False
9375,660,643,False
9376,660,642,False
9377,661,660,False
9378,661,659,False
9379,661,658,False
9380,661,657,False
9381,661,656,False
9382,661,655,False
9383,661,654,False
9384,661,653,False
9385,661,652,False
9386,661,651,False
9387,661,650,False
9388,661,649,False
9389,661,648,False
9390,661,647,False
9391,661,646,False
9392,661,645,False
9393,661,644,False
9394,661,643,False
9395,661,642,False
9396,662,661,False
9397,662,660,False
9398,662,659,False
9399,662,658,False
9400,662,657,False
9401,662,656,False
9402,662,655,False
9403,662,654,False
9404,662,653,False
9405,662,652,False
9406,662,651,False
9407,662,650,False
9408,662,649,False
9409,662,648,False
9410,662,647,False
9411,662,646,False
9412,662,645,False
9413,662,644,False
9414,662,643,False
9415,662,642,False
9416,663,662,False
9417,663,661,False
9418,663,660,False
9419,663,659,False
9420,663,658,False
9421,663,657,False
9422,663,656,False
9423,663,655,False
9424,663,654,False
9425,663,653,False
9426,663,652,False
9427,663,651,False
9428,663,650,False
9429,663,649,False
9430,663,648,False
9431,663,647,False
9432,663,646,False
9433,663,645,False
9434,663,644,False
9435,663,643,False
9436,663,642,False
9437,664,663,False
9438,664,662,False
9439,664,661,False
9440,664,660,False
9441,664,659,False
9442,664,658,False
9443,664,657,False
9444,664,656,False
9445,664,655,False
9446,664,654,False
9447,664,653,False
9448,664,652,False
9449,664,651,False
9450,664,650,False
9451,664,649,False
9452,664,648,False
9453,664,647,False
9454,664,646,False
9455,664,645,False
9456,664,644,False
9457,664,643,False
9458,664,642,False
9459,665,664,False
9460,665,663,False
9461,665,662,False
9462,665,661,False
9463,665,660,False
9464,665,659,False
9465,665,658,False
9466,665,657,False
9467,665,656,False
9468,665,655,False
9469,665,654,False
9470,665,653,False
9471,665,652,False
9472,665,651,False
9473,665,650,False
9474,665,649,False
9475,665,648,False
9476,665,647,False
9477,665,646,False
9478,665,645,False
9479,665,644,False
9480,665,643,False
9481,665,642,False
9482,666,665,False
9483,666,664,False
9484,666,663,False
9485,666,662,False
9486,666,661,False
9487,666,660,False
9488,666,659,False
9489,666,658,False
9490,666,657,False
9491,666,656,False
9492,666,655,False
9493,666,654,False
9494,666,653,False
9495,666,652,False
9496,666,651,False
9497,666,650,False
9498,666,649,False
9499,666,648,False
9500,666,647,False
9501,666,646,False
9502,666,645,False
9503,666,644,False
9504,666,643,False
9505,666,642,False
9506,667,666,False
9507,667,665,False
9508,667,664,False
9509,667,663,False
9510,667,662,False
9511,667,661,False
9512,667,660,False
9513,667,659,False
9514,667,658,False
9515,667,657,False
9516,667,656,False
9517,667,655,False
9518,667,654,False
9519,667,653,False
9520,667,652,False
9521,667,651,False
9522,667,650,False
9523,667,649,False
9524,667,648,False
9525,667,647,False
9526,667,646,False
9527,667,645,False
9528,667,644,False
9529,667,643,False
9530,667,642,False
9533,668,667,False
9534,668,666,False
9535,668,665,False
9536,668,664,False
9537,668,663,False
9538,668,662,False
9539,668,661,False
9540,668,660,False
9541,668,659,False
9542,668,658,False
9543,668,657,False
9544,668,656,False
9545,668,655,False
9546,668,654,False
9547,668,653,False
9548,668,652,False
9549,668,651,False
9550,668,650,False
9551,668,649,False
9552,668,648,False
9553,668,647,False
9554,668,646,False
9555,668,645,False
9556,668,644,False
9557,668,643,False
9558,668,642,False
9559,669,668,False
9560,669,667,False
9561,669,666,False
9562,669,665,False
9563,669,664,False
9564,669,663,False
9565,669,662,False
9566,669,661,False
9567,669,660,False
9568,669,659,False
9569,669,658,False
9570,669,657,False
9571,669,656,False
9572,669,655,False
9573,669,654,False
9574,669,653,False
9575,669,652,False
9576,669,651,False
9577,669,650,False
9578,669,649,False
9579,669,648,False
9580,669,647,False
9581,669,646,False
9582,669,645,False
9583,669,644,False
9584,669,643,False
9585,669,642,False
9586,670,669,False
9587,670,668,False
9588,670,667,False
9589,670,666,False
9590,670,665,False
9591,670,664,False
9592,670,663,False
9593,670,662,False
9594,670,661,False
9595,670,660,False
9596,670,659,False
9597,670,658,False
9598,670,657,False
9600,670,655,False
9601,670,654,False
9602,670,653,False
9603,670,652,False
9604,670,651,False
9605,670,650,False
9606,670,649,False
9607,670,648,False
9608,670,647,False
9609,670,646,False
9610,670,645,False
9611,670,644,False
9612,670,643,False
9613,670,642,False
9614,671,670,False
9615,671,669,False
9616,671,668,False
9617,671,667,False
9618,671,666,False
9619,671,665,False
9620,671,664,False
9622,671,662,False
9623,671,661,False
9624,671,660,False
9625,671,659,False
9626,671,658,False
9627,671,657,False
9628,671,656,False
9629,671,655,False
9630,671,654,False
9631,671,653,False
9632,671,652,False
9633,671,651,False
9634,671,650,False
9635,671,649,False
9636,671,648,False
9637,671,647,False
9638,671,646,False
9639,671,645,False
9640,671,644,False
9641,671,643,False
9642,671,642,False
9643,672,671,False
9644,672,670,False
9645,672,669,False
9646,672,668,False
9647,672,667,False
9648,672,666,False
9649,672,665,False
9650,672,664,False
9651,672,663,False
9652,672,662,False
9653,672,661,False
9654,672,660,False
9655,672,659,False
9656,672,658,False
9657,672,657,False
9658,672,656,False
9659,672,655,False
9660,672,654,False
9661,672,653,False
9662,672,652,False
9663,672,651,False
9664,672,650,False
9665,672,649,False
9666,672,648,False
9667,672,647,False
9668,672,646,False
9669,672,645,False
9670,672,644,False
9671,672,643,False
9672,672,642,False
9674,672,7,False
9675,673,672,False
9676,673,671,False
9677,673,670,False
9678,673,669,False
9679,673,668,False
9680,673,667,False
9681,673,666,False
9682,673,665,False
9683,673,664,False
9684,673,663,False
9685,673,662,False
9686,673,661,False
9687,673,660,False
9688,673,659,False
9689,673,658,False
9690,673,657,False
9692,673,655,False
9693,673,654,False
9694,673,653,False
9695,673,652,False
9696,673,651,False
9697,673,650,False
9698,673,649,False
9699,673,648,False
9700,673,647,False
9701,673,646,False
9702,673,645,False
9703,673,644,False
9704,673,643,False
9705,673,642,False
9706,674,673,False
9707,674,672,False
9708,674,671,False
9709,674,670,False
9710,674,669,False
9711,674,668,False
9712,674,667,False
9713,674,666,False
9715,674,664,False
9716,674,663,False
9717,674,662,False
9718,674,661,False
9719,674,660,False
9720,674,659,False
9721,674,658,False
9722,674,657,False
9723,674,656,False
9724,674,655,False
9725,674,654,False
9726,674,653,False
9727,674,652,False
9728,674,651,False
9729,674,650,False
9730,674,649,False
9731,674,648,False
9732,674,647,False
9733,674,646,False
9734,674,645,False
9735,674,644,False
9736,674,643,False
9737,674,642,False
9738,675,674,False
9739,675,673,False
9740,675,672,False
9741,675,671,False
9742,675,670,False
9743,675,669,False
9744,675,668,False
9745,675,667,False
9746,675,666,False
9747,675,665,False
9748,675,664,False
9749,675,663,False
9750,675,662,False
9751,675,661,False
9752,675,660,False
9753,675,659,False
9754,675,658,False
9755,675,657,False
9756,675,656,False
9757,675,655,False
9758,675,654,False
9759,675,653,False
9760,675,652,False
9761,675,651,False
9762,675,650,False
9763,675,649,False
9764,675,648,False
9765,675,647,False
9766,675,646,False
9767,675,645,False
9768,675,644,False
9770,675,642,False
9771,676,675,False
9772,676,674,False
9773,676,673,False
9774,676,672,False
9775,676,671,False
9776,676,670,False
9777,676,669,False
9778,676,668,False
9779,676,667,False
9780,676,666,False
9781,676,665,False
9782,676,664,False
9783,676,663,False
9784,676,662,False
9785,676,661,False
9786,676,660,False
9787,676,659,False
9788,676,658,False
9789,676,657,False
9790,676,656,False
9791,676,655,False
9792,676,654,False
9793,676,653,False
9794,676,652,False
9795,676,651,False
9796,676,650,False
9797,676,649,False
9798,676,648,False
9799,676,647,False
9800,676,646,False
9801,676,645,False
9802,676,644,False
9803,676,643,False
9804,676,642,False
9805,677,676,False
9806,677,675,False
9807,677,674,False
9808,677,673,False
9809,677,672,False
9810,677,671,False
9812,677,669,False
9813,677,668,False
9814,677,667,False
9815,677,666,False
9816,677,665,False
9817,677,664,False
9818,677,663,False
9819,677,662,False
9820,677,661,False
9821,677,660,False
9822,677,659,False
9823,677,658,False
9824,677,657,False
9825,677,656,False
9826,677,655,False
9827,677,654,False
9828,677,653,False
9829,677,652,False
9830,677,651,False
9831,677,650,False
9832,677,649,False
9833,677,648,False
9834,677,647,False
9835,677,646,False
9836,677,645,False
9838,677,643,False
9839,677,642,False
9840,678,677,False
9841,678,676,False
9842,678,675,False
9843,678,674,False
9844,678,673,False
9845,678,672,False
9846,678,671,False
9847,678,670,False
9848,678,669,False
9849,678,668,False
9850,678,667,False
9851,678,666,False
9852,678,665,False
9853,678,664,False
9854,678,663,False
9855,678,662,False
9856,678,661,False
9857,678,660,False
9858,678,659,False
9859,678,658,False
9860,678,657,False
9861,678,656,False
9862,678,655,False
9863,678,654,False
9864,678,653,False
9865,678,652,False
9866,678,651,False
9867,678,650,False
9868,678,649,False
9869,678,648,False
9870,678,647,False
9871,678,646,False
9872,678,645,False
9873,678,644,False
9874,678,643,False
9875,678,642,False
9876,679,674,False
9877,679,671,False
9878,679,645,False
9879,680,679,False
9880,680,677,False
9881,680,671,False
9882,680,665,False
9883,680,664,False
9884,680,660,False
9885,680,657,False
9886,680,656,False
9887,680,654,False
9888,680,650,False
9889,680,642,False
9890,681,680,False
9891,681,679,False
9892,681,678,False
9893,681,677,False
9894,681,673,False
9895,681,671,False
9896,681,670,False
9897,681,669,False
9899,681,664,False
9900,681,663,False
9901,681,662,False
9902,681,660,False
9903,681,659,False
9904,681,658,False
9905,681,657,False
9906,681,656,False
9907,681,654,False
9908,681,652,False
9909,681,650,False
9910,681,649,False
9911,681,648,False
9912,681,647,False
9913,681,646,False
9914,681,644,False
9915,681,643,False
9916,681,642,False
9917,682,681,False
9918,682,680,False
9920,683,682,False
9921,683,681,False
9922,683,680,False
9923,683,679,False
9924,683,676,False
9925,683,675,False
9926,683,668,False
9927,683,666,False
9928,683,661,False
9929,683,655,False
9930,683,651,False
9931,684,683,False
9932,684,682,False
9933,684,681,False
9934,684,680,False
9935,684,679,False
9936,684,678,False
9937,684,677,False
9938,684,673,False
9939,684,671,False
9940,684,670,False
9941,684,669,False
9942,684,665,False
9943,684,664,False
9944,684,663,False
9945,684,662,False
9946,684,660,False
9947,684,659,False
9948,684,658,False
9949,684,657,False
9950,684,656,False
9951,684,654,False
9952,684,652,False
9953,684,650,False
9954,684,649,False
9955,684,648,False
9956,684,647,False
9957,684,646,False
9958,684,644,False
9959,684,643,False
9960,684,642,False
9961,686,685,False
9962,687,686,False
9963,687,685,False
9964,688,687,False
9965,688,686,False
9966,688,685,False
9967,689,688,False
9968,689,687,False
9969,689,686,False
9970,689,685,False
9971,690,689,False
9972,690,688,False
9973,690,687,False
9974,690,686,False
9975,690,685,False
9976,690,672,False
9978,691,690,False
9979,691,689,False
9980,691,688,False
9981,691,687,False
9982,691,686,False
9983,691,685,False
9984,692,691,False
9985,692,690,False
9986,692,689,False
9987,692,688,False
9988,692,687,False
9989,692,686,False
9990,692,685,False
9991,693,692,False
9992,693,691,False
9993,693,690,False
9994,693,689,False
9995,693,688,False
9996,693,687,False
9997,693,686,False
9998,693,685,False
9999,694,693,False
10000,694,692,False
10001,694,691,False
10002,694,690,False
10003,694,689,False
10004,694,688,False
10005,694,687,False
10006,694,686,False
10007,694,685,False
10008,695,694,False
10009,695,693,False
10010,695,692,False
10011,695,691,False
10012,695,690,False
10013,695,689,False
10014,695,688,False
10015,695,687,False
10016,695,686,False
10017,695,685,False
10018,696,695,False
10019,696,694,False
10020,696,693,False
10021,696,692,False
10022,696,691,False
10023,696,690,False
10024,696,689,False
10025,696,688,False
10026,696,687,False
10027,696,686,False
10028,696,685,False
10029,697,696,False
10030,697,695,False
10031,697,694,False
10032,697,693,False
10033,697,692,False
10034,697,691,False
10035,697,690,False
10036,697,689,False
10037,697,688,False
10038,697,687,False
10039,697,686,False
10040,697,685,False
10041,698,697,False
10042,698,696,False
10043,698,695,False
10044,698,694,False
10045,698,693,False
10046,698,692,False
10047,698,691,False
10048,698,690,False
10049,698,689,False
10050,698,688,False
10051,698,687,False
10052,698,686,False
10053,698,685,False
10054,699,698,False
10055,699,697,False
10056,699,696,False
10057,699,695,False
10058,699,694,False
10059,699,693,False
10060,699,692,False
10061,699,691,False
10062,699,690,False
10063,699,689,False
10064,699,688,False
10065,699,687,False
10066,699,686,False
10067,699,685,False
10068,700,699,False
10069,700,698,False
10070,700,697,False
10071,700,696,False
10072,700,695,False
10073,700,694,False
10074,700,693,False
10075,700,692,False
10076,700,691,False
10077,700,690,False
10078,700,689,False
10079,700,688,False
10080,700,687,False
10081,700,686,False
10082,700,685,False
10083,701,700,False
10084,701,699,False
10085,701,698,False
10086,701,697,False
10087,701,696,False
10088,701,695,False
10089,701,694,False
10090,701,693,False
10091,701,692,False
10092,701,691,False
10093,701,690,False
10094,701,689,False
10095,701,688,False
10096,701,687,False
10097,701,686,False
10098,701,685,False
10099,702,701,False
10100,702,700,False
10101,702,699,False
10102,702,698,False
10103,702,697,False
10104,702,696,False
10105,702,695,False
10106,702,694,False
10107,702,693,False
10108,702,692,False
10109,702,691,False
10110,702,690,False
10111,702,689,False
10112,702,688,False
10113,702,687,False
10114,702,686,False
10115,702,685,False
10116,703,702,False
10117,703,701,False
10118,703,700,False
10119,703,699,False
10120,703,698,False
10121,703,697,False
10122,703,696,False
10123,703,695,False
10124,703,694,False
10125,703,693,False
10126,703,692,False
10127,703,691,False
10128,703,690,False
10129,703,689,False
10130,703,688,False
10131,703,687,False
10132,703,686,False
10133,703,685,False
10134,704,703,False
10135,704,702,False
10136,704,701,False
10137,704,700,False
10138,704,699,False
10139,704,698,False
10140,704,697,False
10141,704,696,False
10142,704,695,False
10143,704,694,False
10144,704,693,False
10145,704,692,False
10146,704,691,False
10147,704,690,False
10148,704,689,False
10149,704,688,False
10150,704,687,False
10151,704,686,False
10152,704,685,False
10153,704,672,False
10154,704,667,False
10155,705,704,False
10156,705,703,False
10157,705,702,False
10158,705,701,False
10159,705,700,False
10160,705,699,False
10161,705,698,False
10162,705,697,False
10163,705,696,False
10164,705,695,False
10165,705,694,False
10166,705,693,False
10167,705,692,False
10168,705,691,False
10169,705,690,False
10170,705,689,False
10171,705,688,False
10172,705,687,False
10173,705,686,False
10174,705,685,False
10175,706,705,False
10176,706,704,False
10177,706,703,False
10178,706,702,False
10179,706,701,False
10180,706,700,False
10181,706,699,False
10182,706,698,False
10183,706,697,False
10184,706,696,False
10185,706,695,False
10186,706,694,False
10187,706,693,False
10188,706,692,False
10189,706,691,False
10190,706,690,False
10191,706,689,False
10192,706,688,False
10193,706,687,False
10194,706,686,False
10195,706,685,False
10197,707,705,False
10198,707,704,False
10199,707,703,False
10200,707,702,False
10201,707,701,False
10202,707,700,False
10203,707,699,False
10204,707,698,False
10205,707,697,False
10206,707,696,False
10207,707,695,False
10208,707,694,False
10209,707,693,False
10210,707,692,False
10211,707,691,False
10212,707,690,False
10213,707,689,False
10214,707,688,False
10215,707,687,False
10216,707,686,False
10217,707,685,False
10218,708,707,False
10219,708,706,False
10220,708,705,False
10221,708,704,False
10222,708,703,False
10223,708,702,False
10224,708,701,False
10225,708,700,False
10226,708,699,False
10227,708,698,False
10228,708,697,False
10229,708,696,False
10230,708,695,False
10231,708,694,False
10232,708,693,False
10233,708,692,False
10234,708,691,False
10235,708,690,False
10236,708,689,False
10237,708,688,False
10238,708,687,False
10239,708,686,False
10240,708,685,False
10241,710,131,False
10242,711,710,False
10243,712,711,True
10244,712,710,True
10245,713,712,False
10246,713,711,True
10247,713,710,True
10248,714,658,False
10250,714,647,False
10251,714,642,False
10252,715,714,False
10253,715,645,False
10254,716,715,False
10255,716,714,False
10256,717,716,False
10257,717,715,False
10258,717,714,False
10259,718,717,False
10260,718,716,False
10261,718,715,False
10262,718,714,False
10263,719,718,False
10264,719,717,False
10265,719,716,False
10266,719,715,False
10267,719,714,False
10268,720,719,False
10269,720,718,False
10270,720,717,False
10271,720,716,False
10272,720,715,False
10273,720,714,False
10274,720,675,False
10275,720,668,False
10276,720,666,False
10277,720,658,False
10279,720,647,False
10280,720,644,False
10281,720,642,False
10282,721,720,False
10283,721,719,False
10284,721,718,False
10286,721,716,False
10287,721,715,False
10288,721,714,False
10289,721,658,False
10290,721,657,False
10291,721,647,False
10292,721,642,False
10293,722,721,False
10294,722,720,False
10295,722,719,False
10296,722,718,False
10297,722,717,False
10298,722,716,False
10299,722,715,False
10300,722,714,False
10301,722,645,False
10302,723,722,False
10303,723,721,False
10304,723,720,False
10305,723,719,False
10306,723,718,False
10307,723,717,False
10308,723,716,False
10309,723,715,False
10310,723,714,False
10311,724,723,False
10312,724,722,False
10313,724,721,False
10314,724,720,False
10315,724,719,False
10316,724,718,False
10317,724,717,False
10318,724,716,False
10319,724,715,False
10320,724,714,False
10321,724,659,False
10322,725,724,False
10323,725,723,False
10324,725,722,False
10325,725,721,False
10326,725,720,False
10327,725,719,False
10328,725,718,False
10329,725,717,False
10330,725,716,False
10332,725,714,False
10333,725,663,False
10335,726,725,True
10336,726,724,True
10337,726,723,True
10338,726,722,True
10339,726,721,True
10340,726,720,True
10341,726,719,True
10342,726,718,True
10343,726,717,True
10344,726,716,True
10345,726,715,True
10346,726,714,True
10347,726,645,False
10348,727,726,False
10349,727,725,False
10350,727,724,False
10351,727,723,False
10352,727,722,False
10353,727,721,False
10354,727,720,False
10355,727,719,False
10356,727,718,False
10357,727,717,False
10358,727,716,False
10359,727,715,False
10360,727,714,False
10361,728,727,False
10362,728,726,False
10363,728,725,False
10364,728,724,False
10365,728,723,False
10366,728,722,False
10367,728,721,False
10368,728,720,False
10369,728,719,False
10370,728,718,False
10371,728,717,False
10372,728,716,False
10373,728,715,False
10374,728,714,False
10375,728,645,False
10376,729,728,False
10377,729,727,False
10378,729,726,False
10379,729,725,False
10380,729,724,False
10381,729,723,False
10382,729,722,False
10383,729,721,False
10384,729,720,False
10385,729,719,False
10386,729,718,False
10387,729,717,False
10388,729,716,False
10389,729,715,False
10390,729,714,False
10391,729,675,False
10392,729,668,False
10393,729,666,False
10394,729,657,False
10395,729,654,False
10396,729,642,False
10397,730,729,False
10398,730,728,False
10399,730,727,False
10400,730,726,False
10401,730,725,False
10402,730,724,False
10403,730,723,False
10404,730,722,False
10405,730,721,False
10406,730,720,False
10407,730,719,False
10408,730,718,False
10409,730,717,False
10410,730,716,False
10411,730,715,False
10412,730,714,False
10413,731,730,False
10414,731,729,False
10415,731,728,False
10416,731,727,False
10417,731,726,False
10418,731,725,False
10419,731,724,False
10420,731,723,False
10421,731,722,False
10422,731,721,False
10423,731,720,False
10424,731,719,False
10425,731,718,False
10426,731,717,False
10427,731,716,False
10428,731,715,False
10429,731,714,False
10430,732,731,False
10431,732,730,False
10432,732,729,False
10433,732,728,False
10434,732,727,False
10435,732,726,False
10436,732,725,False
10437,732,724,False
10438,732,723,False
10439,732,722,False
10440,732,721,False
10441,732,720,False
10442,732,719,False
10443,732,718,False
10444,732,717,False
10445,732,716,False
10446,732,715,False
10447,732,714,False
10448,732,675,False
10449,732,668,False
10450,732,666,False
10451,732,657,False
10452,732,654,False
10453,732,642,False
10454,733,732,False
10455,733,731,False
10456,733,730,True
10457,733,729,False
10458,733,728,False
10459,733,727,False
10460,733,726,False
10461,733,725,False
10462,733,724,False
10463,733,723,False
10464,733,722,False
10465,733,721,False
10467,733,719,False
10468,733,718,False
10469,733,717,False
10470,733,716,False
10471,733,715,False
10472,733,714,False
10473,734,733,False
10474,734,732,False
10475,734,731,False
10476,734,730,False
10477,734,729,False
10478,734,728,False
10479,734,727,False
10481,734,725,False
10482,734,724,False
10483,734,723,False
10484,734,722,False
10485,734,721,False
10486,734,720,False
10487,734,719,False
10488,734,718,False
10489,734,717,False
10490,734,716,False
10491,734,715,False
10492,734,714,False
10493,735,734,False
10494,735,733,False
10495,735,732,False
10496,735,731,False
10497,735,730,False
10498,735,729,False
10499,735,728,False
10500,735,727,False
10501,735,726,False
10502,735,725,False
10503,735,724,False
10504,735,723,False
10505,735,722,False
10506,735,721,False
10507,735,720,False
10508,735,719,False
10509,735,718,False
10510,735,717,False
10511,735,716,False
10512,735,715,False
10513,735,714,False
10514,735,663,False
10515,735,652,False
10516,736,735,False
10517,736,734,False
10518,736,733,True
10519,736,732,False
10520,736,731,False
10521,736,730,True
10522,736,729,False
10523,736,728,False
10524,736,727,False
10525,736,726,False
10526,736,725,False
10527,736,724,False
10528,736,723,False
10529,736,722,False
10530,736,721,False
10531,736,720,False
10532,736,719,False
10533,736,718,False
10534,736,717,False
10535,736,716,False
10536,736,715,False
10537,736,714,False
10538,737,736,False
10539,737,735,False
10540,737,734,False
10541,737,733,False
10542,737,732,False
10543,737,731,False
10544,737,730,False
10545,737,729,False
10546,737,728,False
10547,737,727,False
10548,737,726,False
10549,737,725,False
10550,737,724,False
10551,737,723,False
10552,737,722,False
10553,737,721,False
10554,737,720,False
10555,737,719,False
10556,737,718,False
10557,737,717,False
10558,737,716,False
10559,737,715,False
10560,737,714,False
10561,738,737,False
10562,738,736,False
10563,738,735,False
10564,738,734,False
10565,738,733,False
10567,738,731,False
10568,738,730,False
10569,738,729,False
10570,738,728,False
10571,738,727,False
10572,738,726,False
10573,738,725,False
10574,738,724,False
10575,738,723,False
10576,738,722,False
10577,738,721,False
10578,738,720,False
10579,738,719,False
10580,738,718,False
10581,738,717,False
10582,738,716,False
10583,738,715,False
10584,738,714,False
10585,739,738,False
10586,739,737,False
10587,739,736,False
10588,739,735,False
10589,739,734,False
10590,739,733,False
10591,739,732,False
10592,739,731,False
10593,739,730,False
10594,739,729,False
10595,739,728,False
10596,739,727,False
10597,739,726,False
10598,739,725,False
10599,739,724,False
10600,739,723,False
10601,739,722,False
10602,739,721,False
10603,739,720,False
10604,739,719,False
10605,739,718,False
10606,739,717,False
10607,739,716,False
10608,739,715,False
10609,739,714,False
10610,739,658,False
10611,739,657,False
10612,739,647,False
10613,739,642,False
10614,740,739,False
10615,740,738,False
10616,740,737,False
10617,740,736,False
10618,740,735,False
10619,740,734,False
10620,740,733,False
10621,740,732,False
10622,740,731,False
10623,740,730,False
10624,740,729,False
10625,740,728,False
10626,740,727,False
10627,740,726,False
10628,740,725,False
10629,740,724,False
10630,740,723,False
10631,740,722,False
10632,740,721,False
10633,740,720,False
10634,740,719,False
10635,740,718,False
10636,740,717,False
10637,740,716,False
10638,740,715,False
10639,740,714,False
10640,741,740,False
10641,741,739,False
10642,741,738,False
10643,741,737,False
10644,741,736,False
10645,741,735,False
10646,741,734,False
10647,741,733,True
10648,741,732,False
10649,741,731,False
10650,741,730,True
10651,741,729,False
10652,741,728,False
10653,741,727,False
10654,741,726,False
10655,741,725,False
10656,741,724,False
10657,741,723,False
10658,741,722,False
10659,741,721,False
10660,741,720,False
10661,741,719,False
10662,741,718,False
10663,741,717,False
10664,741,716,False
10665,741,715,False
10666,741,714,False
10667,742,741,False
10668,742,740,False
10669,742,739,False
10670,742,738,False
10671,742,737,False
10672,742,736,False
10673,742,735,False
10674,742,734,False
10675,742,733,False
10676,742,732,False
10677,742,731,False
10678,742,730,False
10679,742,729,False
10680,742,728,False
10681,742,727,False
10682,742,726,False
10683,742,725,False
10684,742,724,False
10685,742,723,False
10686,742,722,False
10687,742,721,False
10688,742,720,False
10689,742,719,False
10690,742,718,False
10691,742,717,False
10692,742,716,False
10693,742,715,False
10694,742,714,False
10695,743,742,False
10696,743,741,False
10697,743,740,False
10698,743,739,False
10699,743,738,False
10700,743,737,False
10701,743,736,False
10702,743,735,False
10703,743,734,False
10704,743,733,False
10705,743,732,False
10706,743,731,False
10707,743,730,False
10708,743,729,False
10709,743,728,False
10710,743,727,False
10711,743,726,False
10712,743,725,False
10713,743,724,False
10714,743,723,False
10715,743,722,False
10716,743,721,False
10717,743,720,False
10718,743,719,False
10719,743,718,False
10720,743,717,False
10721,743,716,False
10722,743,715,False
10723,743,714,False
10724,744,743,False
10725,744,742,False
10726,744,741,False
10727,744,740,False
10728,744,739,False
10729,744,738,False
10730,744,737,False
10731,744,736,False
10732,744,735,False
10733,744,734,False
10734,744,733,False
10735,744,732,False
10736,744,731,False
10737,744,730,False
10738,744,729,False
10739,744,728,False
10740,744,727,False
10741,744,726,False
10742,744,725,False
10743,744,724,False
10744,744,723,False
10745,744,722,False
10746,744,721,False
10747,744,720,False
10748,744,719,False
10750,744,717,False
10751,744,716,False
10752,744,715,False
10753,744,714,False
10754,744,663,False
10756,745,744,False
10757,745,743,False
10758,745,742,False
10759,745,741,False
10760,745,740,False
10761,745,739,False
10762,745,738,False
10763,745,737,False
10764,745,736,False
10765,745,735,False
10766,745,734,False
10767,745,733,False
10768,745,732,False
10769,745,731,False
10770,745,730,False
10771,745,729,False
10772,745,728,False
10773,745,727,False
10774,745,726,False
10775,745,725,False
10776,745,724,False
10777,745,723,False
10778,745,722,False
10779,745,721,False
10781,745,719,False
10782,745,718,False
10783,745,717,False
10784,745,716,False
10785,745,715,False
10786,745,714,False
10787,745,660,False
10788,746,745,False
10789,746,744,False
10790,746,743,False
10791,746,742,False
10792,746,741,False
10793,746,740,False
10794,746,739,False
10795,746,738,False
10796,746,737,False
10797,746,736,False
10798,746,735,False
10799,746,734,False
10800,746,733,False
10801,746,732,False
10802,746,731,False
10803,746,730,False
10804,746,729,False
10805,746,728,False
10806,746,727,False
10807,746,726,False
10808,746,725,False
10809,746,724,False
10810,746,723,False
10811,746,722,False
10812,746,721,False
10814,746,719,False
10815,746,718,False
10816,746,717,False
10817,746,716,False
10819,746,714,False
10821,747,746,False
10822,747,745,False
10823,747,744,False
10824,747,743,False
10825,747,742,False
10826,747,741,False
10827,747,740,False
10828,747,739,False
10829,747,738,False
10830,747,737,False
10831,747,736,False
10832,747,735,False
10833,747,734,False
10834,747,733,False
10835,747,732,False
10836,747,731,False
10837,747,730,False
10838,747,729,False
10839,747,728,False
10840,747,727,False
10841,747,726,False
10842,747,725,False
10843,747,724,False
10844,747,723,False
10845,747,722,False
10846,747,721,False
10847,747,720,False
10848,747,719,False
10849,747,718,False
10850,747,717,False
10851,747,716,False
10853,747,714,False
10858,748,747,False
10859,748,746,False
10860,748,745,False
10861,748,744,False
10862,748,743,False
10863,748,742,False
10864,748,741,False
10865,748,740,False
10866,748,739,False
10867,748,738,False
10868,748,737,False
10869,748,736,False
10870,748,735,False
10871,748,734,False
10872,748,733,False
10873,748,732,False
10874,748,731,False
10875,748,730,True
10876,748,729,False
10877,748,728,False
10878,748,727,False
10879,748,726,False
10880,748,725,False
10881,748,724,False
10882,748,723,False
10883,748,722,False
10884,748,721,False
10885,748,720,False
10886,748,719,False
10887,748,718,False
10888,748,717,False
10889,748,716,False
10890,748,715,False
10891,748,714,False
10892,748,657,False
10893,748,644,False
10894,748,642,False
10895,749,748,False
10896,749,747,False
10897,749,746,False
10898,749,745,False
10900,749,743,False
10901,749,742,False
10902,749,741,False
10903,749,740,False
10904,749,739,False
10905,749,738,False
10906,749,737,False
10907,749,736,False
10910,749,733,False
10911,749,732,False
10912,749,731,False
10913,749,730,False
10914,749,729,False
10915,749,728,False
10916,749,727,False
10917,749,726,False
10918,749,725,False
10919,749,724,False
10922,749,721,False
10923,749,720,False
10924,749,719,False
10925,749,718,False
10926,749,717,False
10927,749,716,False
10928,749,715,False
10929,749,714,False
10932,749,656,False
10934,750,749,False
10935,750,748,False
10936,750,747,False
10937,750,746,False
10938,750,745,False
10939,750,744,False
10940,750,743,False
10941,750,742,False
10942,750,741,False
10944,750,739,False
10945,750,738,False
10946,750,737,False
10947,750,736,False
10948,750,735,False
10949,750,734,False
10950,750,733,False
10951,750,732,False
10952,750,731,False
10953,750,730,False
10954,750,729,False
10955,750,728,False
10956,750,727,False
10957,750,726,False
10958,750,725,False
10959,750,724,False
10960,750,723,False
10961,750,722,False
10962,750,721,False
10963,750,720,False
10964,750,719,False
10965,750,718,False
10966,750,717,False
10967,750,716,False
10969,750,714,False
10971,751,750,False
10972,751,749,False
10973,751,748,False
10974,751,747,False
10975,751,746,False
10976,751,745,False
10977,751,744,False
10978,751,743,False
10979,751,742,False
10980,751,741,False
10981,751,740,False
10982,751,739,False
10983,751,738,False
10984,751,737,False
10985,751,736,False
10986,751,735,False
10987,751,734,False
10988,751,733,False
10989,751,732,False
10990,751,731,False
10991,751,730,False
10992,751,729,False
10993,751,728,False
10994,751,727,False
10995,751,726,False
10996,751,725,False
10997,751,724,False
10998,751,723,False
10999,751,722,False
11000,751,721,False
11001,751,720,False
11002,751,719,False
11003,751,718,False
11004,751,717,False
11005,751,716,False
11006,751,715,False
11007,751,714,False
11010,751,656,False
11011,752,751,False
11012,752,750,False
11013,752,749,False
11014,752,748,False
11015,752,747,False
11016,752,746,False
11017,752,745,False
11018,752,744,False
11019,752,743,False
11020,752,742,False
11021,752,741,False
11022,752,740,False
11023,752,739,False
11024,752,738,False
11025,752,737,False
11026,752,736,False
11027,752,735,False
11028,752,734,False
11029,752,733,False
11030,752,732,False
11031,752,731,False
11032,752,730,False
11033,752,729,False
11034,752,728,False
11035,752,727,False
11036,752,726,False
11037,752,725,False
11038,752,724,False
11039,752,723,False
11040,752,722,False
11041,752,721,False
11042,752,720,False
11043,752,719,False
11044,752,718,False
11045,752,717,False
11046,752,715,False
11047,752,714,False
11048,753,752,False
11049,753,751,False
11050,753,750,False
11051,753,749,False
11052,753,748,False
11053,753,747,False
11054,753,746,False
11055,753,745,False
11056,753,744,False
11057,753,743,False
11058,753,742,False
11059,753,741,False
11060,753,740,False
11061,753,739,False
11062,753,738,False
11063,753,737,False
11064,753,736,False
11065,753,735,False
11066,753,734,False
11067,753,733,False
11069,753,731,False
11070,753,730,False
11071,753,729,False
11072,753,728,False
11073,753,727,False
11074,753,726,False
11075,753,725,False
11076,753,724,False
11077,753,723,False
11078,753,722,False
11079,753,721,False
11080,753,720,False
11081,753,719,False
11082,753,718,False
11083,753,717,False
11084,753,716,False
11085,753,715,False
11086,753,714,False
11087,755,754,False
11088,756,755,False
11090,758,757,False
11091,759,758,False
11092,759,757,False
11093,759,454,False
11094,759,450,False
11095,760,759,False
11096,760,758,False
11097,760,757,False
11098,761,760,False
11099,761,759,False
11100,761,758,False
11101,761,757,False
11102,762,761,False
11103,762,760,False
11104,762,759,False
11105,762,758,False
11106,762,757,False
11107,762,454,False
11108,762,450,False
11109,763,762,False
11110,763,761,False
11111,763,760,False
11112,763,759,False
11113,763,758,False
11114,763,757,False
11115,764,763,False
11116,764,762,False
11117,764,761,False
11119,764,759,False
11120,764,758,False
11121,764,757,False
11122,765,764,False
11123,765,763,False
11125,765,761,False
11127,765,759,False
11128,765,758,False
11130,766,765,False
11131,766,764,False
11132,766,763,False
11133,766,762,False
11134,766,761,False
11135,766,760,False
11136,766,759,False
11137,766,758,False
11138,766,757,False
11139,768,766,False
11140,768,765,False
11141,768,764,False
11142,768,763,False
11143,768,762,True
11144,768,761,False
11145,768,760,True
11146,768,759,True
11147,768,758,False
11148,768,757,False
11149,768,454,False
11150,768,450,False
11151,769,768,False
11152,769,766,True
11153,769,765,True
11154,769,764,True
11155,769,763,True
11156,769,762,False
11157,769,761,True
11158,769,760,False
11159,769,759,False
11160,769,758,True
11161,769,757,True
11162,770,769,False
11163,770,768,False
11164,770,766,False
11165,770,765,False
11166,770,764,False
11167,770,763,False
11168,770,762,True
11169,770,761,False
11170,770,760,True
11171,770,759,True
11172,770,758,False
11173,770,757,False
11174,771,770,False
11175,771,769,False
11176,771,768,False
11177,771,766,True
11178,771,765,True
11179,771,764,True
11180,771,763,True
11181,771,762,False
11182,771,761,True
11183,771,760,False
11184,771,759,False
11185,771,758,True
11186,771,757,True
11187,772,771,False
11188,772,770,False
11189,772,769,False
11191,772,767,True
11192,772,766,False
11193,772,765,False
11194,772,764,False
11195,772,763,False
11196,772,762,True
11197,772,761,False
11199,772,759,True
11200,773,772,False
11201,773,771,False
11202,773,770,False
11203,773,769,False
11204,773,768,False
11205,773,766,False
11206,773,765,False
11207,773,764,False
11208,773,763,False
11209,773,762,True
11210,773,761,False
11212,773,759,True
11213,773,758,False
11214,773,757,False
11215,773,454,False
11216,773,450,False
11217,774,773,False
11218,774,772,False
11219,774,771,False
11220,774,770,False
11221,774,769,False
11222,774,768,False
11223,774,766,False
11224,774,765,False
11225,774,764,False
11226,774,763,False
11227,774,762,True
11228,774,761,False
11229,774,760,True
11230,774,759,True
11231,774,758,False
11232,774,757,False
11234,775,772,False
11235,775,768,False
11236,775,767,True
11237,775,762,True
11238,775,759,True
11239,776,775,False
11240,776,767,True
11243,777,773,False
11244,777,772,False
11245,777,771,False
11246,777,770,False
11247,777,769,False
11248,777,768,False
11249,777,766,True
11250,777,765,True
11251,777,764,True
11252,777,763,True
11253,777,762,False
11254,777,761,True
11255,777,760,False
11256,777,759,False
11257,777,758,True
11258,777,757,True
11259,778,777,False
11260,778,776,False
11261,778,775,False
11262,778,774,False
11264,778,772,False
11265,778,771,False
11266,778,770,False
11267,778,769,False
11268,778,768,False
11269,778,766,False
11270,778,765,False
11271,778,764,False
11272,778,763,False
11273,778,762,True
11274,778,761,False
11275,778,760,True
11276,778,759,True
11277,778,758,False
11278,778,757,False
11279,778,716,False
11281,781,780,False
11282,781,447,False
11283,781,0,False
11284,782,781,False
11285,782,780,False
11287,783,782,False
11288,783,781,False
11289,783,780,False
11290,784,783,False
11291,784,782,False
11292,784,781,False
11293,784,780,False
11294,785,784,False
11295,785,783,False
11296,785,782,False
11297,785,781,False
11298,785,780,False
11299,785,442,False
11300,785,0,False
11301,786,785,False
11302,786,784,False
11303,786,783,False
11304,786,782,False
11305,786,781,False
11306,786,780,False
11307,787,786,False
11308,787,785,False
11309,787,784,False
11310,787,783,False
11311,787,782,False
11312,787,781,False
11313,787,780,False
11314,787,442,False
11315,787,0,False
11316,788,787,False
11317,788,786,False
11318,788,785,False
11319,788,784,False
11320,788,783,False
11321,788,782,False
11322,788,781,False
11323,788,780,False
11324,788,447,False
11325,788,445,False
11326,788,443,False
11327,789,788,False
11328,789,787,False
11329,789,786,False
11330,789,785,False
11331,789,784,False
11332,789,783,False
11333,789,782,False
11334,789,781,False
11335,789,780,False
11336,789,403,False
11337,790,789,False
11338,790,788,False
11339,790,787,False
11340,790,786,False
11341,790,785,False
11342,790,784,False
11343,790,783,False
11344,790,782,False
11345,790,781,False
11346,790,780,False
11347,790,442,False
11348,790,0,False
11349,791,790,False
11350,791,789,False
11351,791,788,False
11352,791,787,False
11353,791,786,False
11354,791,785,False
11355,791,784,False
11356,791,783,False
11357,791,782,False
11358,791,781,False
11359,791,780,False
11360,791,449,False
11361,791,446,False
11362,791,444,False
11363,792,791,False
11364,792,790,False
11365,792,789,False
11366,792,788,False
11368,792,786,False
11369,792,785,False
11370,792,784,False
11371,792,783,False
11372,792,782,False
11373,792,781,False
11374,792,780,False
11375,793,792,False
11376,793,791,False
11377,793,790,False
11378,793,789,False
11379,793,788,False
11380,793,787,False
11381,793,786,False
11382,793,785,False
11383,793,784,False
11384,793,783,False
11385,793,782,False
11386,793,781,False
11387,793,780,False
11388,793,403,False
11389,794,793,False
11390,794,792,False
11391,794,791,False
11392,794,790,False
11393,794,789,False
11394,794,788,False
11395,794,787,False
11396,794,786,False
11397,794,785,False
11398,794,784,False
11399,794,783,False
11400,794,782,False
11401,794,781,False
11402,794,780,False
11403,794,442,False
11405,795,794,False
11406,795,793,False
11407,795,792,False
11408,795,791,False
11410,795,789,False
11411,795,788,False
11412,795,787,False
11413,795,786,False
11414,795,785,False
11415,795,784,False
11416,795,783,False
11417,795,782,False
11418,795,781,False
11419,795,780,False
11420,796,795,False
11421,796,794,False
11422,796,793,False
11423,796,792,False
11424,796,791,False
11425,796,790,False
11426,796,789,False
11427,796,788,False
11428,796,787,False
11429,796,786,False
11430,796,785,False
11431,796,784,False
11432,796,783,False
11433,796,782,False
11434,796,781,False
11435,796,780,False
11436,796,178,False
11437,796,177,False
11440,797,796,False
11441,797,795,False
11442,797,794,False
11443,797,793,False
11444,797,791,False
11445,797,790,False
11446,797,789,False
11447,797,788,False
11448,797,787,False
11449,797,786,False
11451,797,784,False
11452,797,783,False
11453,797,782,False
11454,797,781,False
11455,797,780,False
11456,798,796,False
11457,798,795,False
11458,798,794,False
11459,798,793,False
11460,798,792,False
11461,798,791,False
11462,798,790,False
11463,798,789,False
11464,798,788,False
11465,798,787,False
11466,798,786,False
11467,798,785,False
11468,798,784,False
11469,798,783,False
11470,798,782,False
11471,798,781,False
11472,798,780,False
11473,798,797,False
11474,799,796,False
11475,799,795,False
11476,799,794,False
11477,799,793,False
11478,799,792,False
11479,799,791,False
11480,799,790,False
11481,799,789,False
11482,799,788,False
11483,799,787,False
11484,799,786,False
11485,799,785,False
11486,799,784,False
11487,799,783,False
11488,799,782,False
11489,799,781,False
11490,799,780,False
11491,799,798,False
11492,799,797,False
11493,800,796,False
11494,800,795,False
11495,800,794,False
11496,800,793,False
11497,800,792,False
11498,800,791,False
11499,800,790,False
11500,800,789,False
11501,800,788,False
11502,800,787,False
11503,800,786,False
11504,800,785,False
11505,800,784,False
11506,800,783,False
11507,800,782,False
11508,800,781,False
11509,800,780,False
11510,800,797,False
11511,800,445,False
11516,800,798,False
11517,800,0,False
11518,801,796,False
11520,801,794,False
11521,801,793,False
11522,801,792,False
11523,801,791,False
11524,801,790,False
11525,801,789,False
11526,801,788,False
11527,801,787,False
11528,801,786,False
11529,801,785,False
11530,801,784,False
11531,801,783,False
11532,801,782,False
11533,801,781,False
11534,801,780,False
11535,801,797,False
11537,801,445,False
11538,801,443,False
11539,801,800,False
11540,801,799,False
11541,801,798,False
11542,802,796,False
11543,802,795,False
11544,802,794,False
11545,802,793,False
11546,802,792,False
11547,802,791,False
11548,802,790,False
11549,802,789,False
11550,802,788,False
11551,802,787,False
11552,802,786,False
11553,802,785,False
11554,802,784,False
11555,802,783,False
11556,802,782,False
11557,802,781,False
11558,802,780,False
11559,802,797,False
11560,802,447,False
11561,802,445,False
11563,802,801,False
11564,802,800,False
11565,802,799,False
11566,802,798,False
11567,803,796,False
11568,803,795,False
11569,803,794,False
11570,803,793,False
11571,803,792,False
11572,803,791,False
11573,803,790,False
11574,803,789,False
11575,803,788,False
11576,803,787,False
11577,803,786,False
11578,803,785,False
11579,803,784,False
11580,803,783,False
11581,803,782,False
11582,803,781,False
11583,803,780,False
11584,803,449,False
11585,803,446,False
11586,803,444,False
11587,803,802,False
11588,803,801,False
11589,803,800,False
11590,803,799,False
11591,803,798,False
11592,803,797,False
11593,804,624,False
11595,804,619,False
11596,805,804,False
11597,806,805,False
11598,806,804,False
11599,807,672,False
11601,807,593,False
11603,808,232,False
11607,808,807,False
11609,809,228,False
11611,809,223,False
11612,809,221,False
11613,809,220,False
11615,809,217,False
11616,809,808,False
11617,809,807,False
11619,810,216,False
11620,810,809,False
11621,810,808,False
11622,810,807,False
11623,811,230,False
11624,811,229,False
11625,811,224,False
11626,811,215,False
11627,811,810,False
11628,811,809,False
11629,811,808,False
11630,811,807,False
11633,812,219,False
11634,812,811,False
11635,812,810,False
11636,812,809,False
11637,812,808,False
11638,812,807,False
11639,813,812,False
11640,813,811,False
11642,813,809,False
11644,813,807,False
11645,814,232,False
11646,814,228,False
11647,814,225,False
11649,814,221,False
11651,814,219,False
11652,814,813,False
11653,814,812,False
11654,814,811,False
11655,814,810,False
11656,814,809,False
11657,814,808,False
11658,814,807,False
11660,815,814,False
11661,815,813,False
11662,815,812,False
11663,815,811,False
11664,815,810,False
11665,815,809,False
11666,815,808,False
11667,815,807,False
11669,816,221,False
11671,816,815,False
11672,816,814,False
11673,816,813,False
11674,816,812,False
11675,816,811,False
11676,816,810,False
11677,816,809,False
11678,816,808,False
11679,816,807,False
11680,817,816,False
11681,817,815,False
11682,817,814,False
11683,817,813,False
11684,817,812,False
11685,817,811,False
11686,817,810,False
11687,817,809,False
11688,817,808,False
11689,817,807,False
11690,818,817,False
11691,818,816,False
11692,818,814,False
11694,818,812,False
11695,818,811,False
11696,818,810,False
11697,818,809,False
11698,818,808,False
11699,819,818,False
11700,819,817,False
11701,819,816,False
11702,819,814,False
11703,819,813,False
11705,819,811,False
11706,819,810,False
11707,819,809,False
11708,819,808,False
11709,820,819,False
11710,820,818,False
11711,820,817,False
11712,820,816,False
11713,820,815,False
11714,820,814,False
11715,820,813,False
11716,820,812,False
11717,820,811,False
11718,820,810,False
11719,820,809,False
11720,820,808,False
11721,820,807,False
11722,821,820,False
11723,821,819,False
11724,821,818,False
11725,821,817,False
11726,821,816,False
11727,821,815,False
11728,821,814,False
11729,821,813,False
11730,821,812,False
11731,821,811,False
11732,821,810,False
11733,821,809,False
11734,821,808,False
11736,822,821,False
11737,822,820,False
11738,822,819,False
11739,822,818,False
11740,822,817,False
11741,822,816,False
11742,822,815,False
11743,822,814,False
11744,822,813,False
11745,822,812,False
11746,822,811,False
11747,822,810,False
11748,822,809,False
11749,822,808,False
11750,822,807,False
11755,823,822,False
11756,823,821,False
11757,823,820,False
11758,823,817,False
11759,823,816,False
11760,823,815,False
11761,823,814,False
11762,823,813,False
11763,823,812,False
11764,823,811,False
11765,823,810,False
11766,823,809,False
11767,823,808,False
11768,823,807,False
11769,824,216,False
11770,824,823,False
11771,824,822,False
11772,824,821,False
11773,824,820,False
11774,824,819,False
11775,824,818,False
11776,824,817,False
11777,824,816,False
11778,824,815,False
11779,824,814,False
11780,824,813,False
11781,824,812,False
11782,824,811,False
11783,824,810,False
11784,824,809,False
11785,824,808,False
11786,824,807,False
11787,825,824,False
11788,825,823,False
11789,825,822,False
11790,825,821,False
11791,825,820,False
11792,825,819,False
11793,825,818,False
11794,825,817,False
11795,825,816,False
11796,825,815,False
11797,825,814,False
11798,825,813,False
11799,825,812,False
11800,825,811,False
11801,825,810,False
11802,825,809,False
11803,825,808,False
11804,825,807,False
11805,826,825,False
11806,826,824,False
11807,826,823,False
11808,826,822,False
11809,826,821,False
11810,826,820,False
11811,826,819,False
11812,826,818,False
11813,826,817,False
11814,826,816,False
11816,826,814,False
11817,826,813,False
11818,826,812,False
11819,826,811,False
11820,826,810,False
11821,826,809,False
11822,826,808,False
11823,826,807,False
11825,827,826,False
11826,827,825,False
11827,827,824,False
11828,827,823,False
11829,827,822,False
11830,827,821,False
11831,827,820,False
11832,827,819,False
11833,827,818,False
11834,827,817,False
11835,827,816,False
11836,827,815,False
11837,827,814,False
11838,827,813,False
11839,827,812,False
11840,827,811,False
11841,827,810,False
11842,827,809,False
11843,827,808,False
11844,827,807,False
11845,828,216,False
11846,828,827,False
11847,828,826,False
11848,828,825,False
11849,828,824,False
11850,828,823,False
11851,828,822,False
11852,828,821,False
11853,828,820,False
11854,828,817,False
11855,828,816,False
11856,828,815,False
11857,828,814,False
11858,828,813,False
11859,828,812,False
11860,828,811,False
11861,828,810,False
11862,828,809,False
11863,828,808,False
11864,828,807,False
11865,829,828,False
11866,829,827,False
11867,829,826,False
11868,829,825,False
11869,829,824,False
11870,829,823,False
11871,829,822,False
11872,829,821,False
11873,829,820,False
11874,829,819,False
11875,829,818,False
11876,829,817,False
11877,829,816,False
11878,829,815,False
11879,829,814,False
11880,829,813,False
11881,829,812,False
11882,829,811,False
11883,829,810,False
11884,829,809,False
11885,829,808,False
11886,829,807,False
11887,830,829,False
11888,830,828,False
11889,830,827,False
11890,830,826,False
11891,830,825,False
11892,830,824,False
11893,830,823,False
11894,830,822,False
11895,830,821,False
11896,830,820,False
11897,830,819,False
11898,830,818,False
11899,830,817,False
11900,830,816,False
11901,830,815,False
11902,830,814,False
11903,830,813,False
11904,830,812,False
11905,830,811,False
11906,830,810,False
11907,830,809,False
11908,830,808,False
11909,830,807,False
11910,831,830,False
11911,831,829,False
11912,831,828,False
11913,831,827,False
11914,831,826,False
11915,831,825,False
11916,831,824,False
11917,831,823,False
11919,831,821,False
11920,831,820,False
11921,831,819,False
11922,831,818,False
11923,831,817,False
11924,831,816,False
11925,831,815,False
11926,831,814,False
11927,831,813,False
11928,831,812,False
11929,831,811,False
11930,831,810,False
11931,831,809,False
11932,831,808,False
11933,831,807,False
11934,832,216,False
11935,832,831,False
11936,832,830,False
11937,832,829,False
11938,832,828,False
11940,832,826,False
11941,832,825,False
11942,832,824,False
11943,832,823,False
11944,832,822,False
11945,832,821,False
11946,832,820,False
11947,832,817,False
11948,832,816,False
11950,832,814,False
11951,832,813,False
11952,832,812,False
11953,832,810,False
11954,832,809,False
11955,832,808,False
11956,832,807,False
11957,833,832,False
11958,833,831,False
11959,833,830,False
11960,833,829,False
11961,833,828,False
11962,833,827,False
11963,833,826,False
11964,833,825,False
11965,833,824,False
11966,833,823,False
11967,833,822,False
11968,833,821,False
11969,833,820,False
11970,833,819,False
11971,833,818,False
11972,833,817,False
11973,833,816,False
11975,833,814,False
11976,833,813,False
11977,833,812,False
11978,833,811,False
11979,833,810,False
11980,833,809,False
11982,833,807,False
11983,834,708,False
11984,834,707,False
11985,834,706,False
11986,834,704,False
11987,834,703,False
11988,834,702,False
11989,834,701,False
11990,834,700,False
11991,834,699,False
11992,834,698,False
11993,834,697,False
11994,834,696,False
11995,834,695,False
11996,834,694,False
11997,834,692,False
11998,834,691,True
11999,834,690,False
12000,834,689,False
12002,834,686,False
12003,834,685,True
12005,835,707,False
12006,835,706,False
12007,835,704,False
12008,835,703,False
12009,835,702,False
12010,835,701,False
12011,835,700,False
12012,835,699,False
12013,835,698,False
12014,835,697,False
12015,835,696,False
12016,835,695,False
12017,835,694,False
12018,835,692,False
12019,835,691,False
12020,835,690,False
12021,835,689,False
12023,835,686,False
12024,835,685,False
12026,836,701,False
12027,836,485,False
12028,836,484,False
12030,836,480,False
12032,836,835,False
12033,836,834,False
12034,837,708,False
12035,837,707,False
12036,837,706,False
12037,837,704,False
12038,837,703,False
12039,837,702,False
12040,837,701,False
12041,837,700,False
12042,837,699,False
12043,837,698,False
12045,837,696,False
12046,837,695,False
12047,837,694,False
12048,837,692,False
12049,837,691,False
12050,837,690,False
12051,837,689,False
12052,837,687,False
12053,837,686,False
12054,837,685,False
12055,837,836,False
12056,837,835,False
12057,837,834,False
12058,838,708,False
12059,838,707,False
12060,838,706,False
12061,838,704,False
12062,838,703,False
12063,838,702,False
12064,838,701,False
12065,838,700,False
12066,838,699,False
12067,838,698,False
12068,838,697,False
12070,838,695,False
12071,838,694,False
12072,838,692,False
12073,838,691,False
12074,838,690,False
12075,838,689,False
12076,838,687,False
12077,838,686,False
12078,838,685,False
12079,838,837,False
12080,838,836,False
12081,838,835,False
12082,838,834,False
12083,839,708,False
12084,839,707,False
12085,839,706,False
12086,839,704,False
12088,839,702,False
12089,839,701,False
12090,839,700,False
12091,839,699,False
12092,839,698,False
12093,839,697,False
12094,839,696,False
12095,839,695,False
12096,839,694,False
12097,839,692,False
12098,839,691,True
12099,839,690,False
12100,839,689,False
12101,839,687,False
12102,839,686,False
12103,839,685,True
12104,839,838,False
12105,839,837,False
12106,839,836,False
12107,839,835,False
12108,839,834,False
12109,840,708,False
12110,840,707,False
12111,840,706,False
12112,840,704,False
12114,840,702,False
12115,840,701,False
12116,840,700,False
12117,840,699,False
12118,840,698,False
12119,840,697,False
12120,840,696,False
12121,840,695,False
12122,840,694,False
12123,840,692,False
12124,840,691,True
12125,840,690,False
12128,840,686,False
12129,840,685,True
12130,840,839,False
12131,840,838,False
12132,840,837,False
12133,840,836,False
12134,840,835,False
12135,840,834,False
12136,841,708,False
12137,841,707,False
12138,841,706,False
12139,841,703,False
12140,841,702,False
12141,841,701,False
12143,841,699,False
12144,841,698,False
12145,841,697,False
12146,841,696,False
12147,841,695,False
12148,841,694,False
12149,841,692,False
12150,841,691,False
12151,841,689,False
12152,841,687,False
12153,841,686,False
12154,841,485,False
12155,841,483,False
12156,841,482,False
12157,841,480,False
12158,841,477,False
12159,841,840,False
12160,841,839,False
12161,841,838,False
12162,841,837,False
12163,841,836,False
12164,841,835,False
12165,841,834,False
12166,842,708,False
12167,842,707,False
12168,842,706,False
12169,842,704,False
12171,842,702,False
12172,842,701,False
12173,842,700,False
12174,842,699,False
12175,842,698,False
12176,842,697,False
12178,842,695,False
12180,842,692,False
12181,842,691,True
12182,842,690,False
12185,842,686,False
12186,842,685,True
12187,842,841,False
12188,842,840,False
12189,842,839,False
12190,842,838,False
12191,842,837,False
12192,842,836,False
12193,842,835,False
12194,842,834,False
12195,843,708,False
12196,843,707,False
12198,843,704,False
12200,843,702,False
12201,843,701,False
12202,843,700,False
12203,843,699,False
12204,843,698,False
12205,843,697,False
12207,843,695,False
12208,843,694,False
12210,843,691,False
12211,843,690,False
12212,843,689,False
12214,843,686,False
12215,843,685,False
12216,843,842,False
12217,843,841,False
12218,843,840,False
12219,843,839,False
12220,843,838,False
12221,843,837,False
12222,843,836,False
12223,843,835,False
12224,843,834,False
12225,844,708,False
12226,844,707,False
12227,844,706,False
12228,844,704,False
12229,844,703,False
12230,844,702,False
12231,844,701,False
12232,844,700,False
12233,844,699,False
12234,844,698,False
12235,844,697,False
12236,844,696,False
12237,844,695,False
12238,844,694,False
12240,844,691,False
12241,844,690,False
12242,844,689,False
12243,844,687,False
12244,844,686,False
12245,844,685,False
12246,844,843,False
12247,844,842,False
12248,844,841,False
12249,844,840,False
12250,844,839,False
12251,844,838,False
12252,844,837,False
12253,844,836,False
12254,844,835,False
12255,844,834,False
12256,845,708,False
12257,845,707,False
12258,845,706,False
12260,845,702,False
12261,845,701,False
12263,845,699,False
12264,845,698,False
12265,845,697,False
12266,845,696,False
12267,845,695,False
12268,845,694,False
12269,845,692,False
12270,845,691,False
12271,845,689,False
12272,845,687,False
12273,845,686,False
12274,845,485,False
12277,845,480,False
12279,845,844,False
12280,845,843,False
12281,845,842,False
12282,845,841,False
12283,845,840,False
12284,845,839,False
12285,845,838,False
12286,845,837,False
12287,845,836,False
12288,845,835,False
12289,845,834,False
12290,846,708,False
12292,846,706,False
12293,846,703,False
12294,846,702,False
12295,846,701,False
12296,846,700,False
12297,846,699,False
12300,846,696,False
12301,846,695,False
12302,846,694,False
12303,846,692,False
12304,846,691,False
12305,846,689,False
12307,846,686,False
12308,846,485,False
12309,846,483,False
12310,846,482,False
12311,846,480,False
12312,846,477,False
12313,846,845,False
12314,846,844,False
12315,846,843,False
12316,846,842,False
12317,846,841,False
12318,846,840,False
12319,846,839,False
12320,846,838,False
12321,846,837,False
12322,846,836,False
12323,846,835,False
12324,846,834,False
12325,847,708,False
12326,847,707,False
12327,847,706,False
12328,847,704,False
12330,847,702,False
12331,847,701,False
12332,847,700,False
12333,847,699,False
12334,847,698,False
12335,847,697,False
12336,847,696,False
12337,847,695,False
12338,847,694,False
12339,847,692,False
12340,847,691,True
12341,847,690,False
12344,847,686,False
12345,847,685,False
12346,847,846,False
12347,847,845,False
12348,847,844,False
12349,847,843,False
12350,847,842,False
12351,847,841,False
12352,847,840,False
12353,847,839,False
12354,847,838,False
12355,847,837,False
12356,847,836,False
12357,847,835,False
12358,847,834,False
12359,848,708,False
12360,848,707,False
12361,848,706,False
12362,848,704,False
12363,848,703,False
12365,848,701,False
12366,848,700,False
12367,848,699,False
12368,848,698,False
12369,848,697,False
12370,848,696,False
12371,848,695,False
12372,848,694,False
12373,848,692,False
12375,848,690,False
12376,848,689,False
12377,848,687,False
12378,848,686,False
12379,848,685,False
12380,848,847,False
12381,848,846,False
12382,848,845,False
12383,848,844,False
12384,848,843,False
12385,848,842,False
12386,848,841,False
12387,848,840,False
12388,848,839,False
12389,848,838,False
12390,848,837,False
12391,848,836,False
12392,848,835,False
12393,848,834,False
12394,849,708,False
12395,849,707,False
12396,849,706,False
12397,849,703,False
12398,849,702,False
12399,849,701,False
12400,849,700,False
12401,849,699,False
12402,849,698,False
12403,849,697,False
12406,849,694,False
12407,849,692,False
12408,849,691,False
12409,849,689,False
12411,849,686,False
12412,849,485,False
12414,849,482,False
12415,849,480,False
12416,849,477,False
12417,849,848,False
12418,849,847,False
12419,849,846,False
12420,849,845,False
12421,849,844,False
12422,849,843,False
12423,849,842,False
12424,849,841,False
12425,849,840,False
12426,849,839,False
12427,849,838,False
12428,849,837,False
12429,849,836,False
12430,849,835,False
12431,849,834,False
12432,850,708,False
12433,850,707,False
12434,850,706,False
12436,850,702,False
12437,850,701,False
12438,850,700,False
12440,850,698,False
12441,850,697,False
12442,850,696,False
12443,850,695,False
12444,850,694,False
12446,850,691,False
12447,850,689,False
12448,850,687,False
12449,850,686,False
12450,850,485,False
12451,850,483,False
12452,850,482,False
12453,850,480,False
12454,850,477,False
12455,850,849,False
12456,850,848,False
12457,850,847,False
12458,850,846,False
12459,850,845,False
12460,850,844,False
12461,850,843,False
12462,850,842,False
12463,850,841,False
12464,850,840,False
12465,850,839,False
12466,850,838,False
12467,850,837,False
12468,850,836,False
12469,850,835,False
12470,850,834,False
12471,851,708,False
12472,851,707,False
12473,851,706,False
12474,851,703,False
12475,851,702,False
12476,851,701,False
12477,851,700,False
12478,851,699,False
12479,851,698,False
12480,851,697,False
12481,851,696,False
12482,851,695,False
12483,851,694,False
12484,851,692,False
12485,851,691,False
12486,851,689,False
12487,851,687,False
12488,851,686,False
12489,851,850,False
12490,851,849,False
12491,851,848,False
12492,851,847,False
12493,851,846,False
12494,851,845,False
12495,851,844,False
12496,851,843,False
12497,851,842,False
12498,851,841,False
12499,851,840,False
12500,851,839,False
12501,851,838,False
12502,851,837,False
12503,851,836,False
12504,851,835,False
12505,851,834,False
12506,852,708,False
12507,852,707,False
12508,852,706,False
12509,852,704,False
12510,852,703,False
12512,852,701,False
12513,852,700,False
12514,852,699,False
12515,852,698,False
12516,852,697,False
12517,852,696,False
12518,852,695,False
12519,852,694,False
12520,852,692,False
12521,852,691,False
12522,852,690,False
12525,852,686,False
12527,852,851,False
12528,852,850,False
12529,852,849,False
12530,852,848,False
12531,852,847,False
12532,852,846,False
12533,852,845,False
12534,852,844,False
12535,852,843,False
12536,852,842,False
12537,852,841,False
12538,852,840,False
12539,852,839,False
12540,852,838,False
12541,852,837,False
12542,852,836,False
12543,852,835,False
12544,852,834,False
12545,853,708,False
12546,853,707,False
12547,853,706,False
12548,853,704,False
12549,853,703,False
12550,853,702,False
12551,853,701,False
12552,853,700,False
12553,853,699,False
12554,853,698,False
12555,853,697,False
12556,853,696,False
12557,853,695,False
12558,853,694,False
12560,853,691,False
12561,853,690,False
12562,853,689,False
12564,853,686,False
12565,853,685,False
12566,853,852,False
12567,853,851,False
12568,853,850,False
12569,853,849,False
12570,853,848,False
12571,853,847,False
12572,853,846,False
12573,853,845,False
12574,853,844,False
12575,853,843,False
12576,853,842,False
12577,853,841,False
12578,853,840,False
12579,853,839,False
12580,853,838,False
12581,853,837,False
12582,853,836,False
12583,853,835,False
12584,853,834,False
12586,854,707,False
12587,854,706,False
12589,854,702,False
12590,854,701,False
12591,854,700,False
12592,854,699,False
12593,854,698,False
12594,854,697,False
12595,854,696,False
12596,854,695,False
12597,854,694,False
12598,854,692,False
12599,854,691,False
12600,854,689,False
12602,854,686,False
12603,854,853,False
12604,854,852,False
12605,854,851,False
12606,854,850,False
12607,854,849,False
12608,854,848,False
12609,854,847,False
12610,854,846,False
12611,854,845,False
12612,854,844,False
12613,854,843,False
12614,854,842,False
12615,854,841,False
12616,854,840,False
12617,854,839,False
12618,854,838,False
12619,854,837,False
12620,854,836,False
12621,854,835,False
12622,854,834,False
12625,855,672,False
12626,855,667,False
12627,855,553,False
12628,855,36,False
12630,855,807,False
12632,856,855,False
12633,857,856,False
12634,857,855,False
12635,858,857,False
12636,858,856,False
12637,858,855,False
12638,859,241,False
12639,859,858,False
12640,859,857,False
12641,859,856,False
12642,859,855,False
12643,860,859,False
12644,860,858,False
12645,860,857,False
12646,860,856,False
12647,860,855,False
12648,861,860,False
12649,861,859,False
12650,861,858,False
12651,861,857,False
12652,861,856,False
12653,861,855,False
12654,862,861,False
12655,862,860,False
12656,862,859,False
12657,862,858,False
12658,862,857,False
12659,862,856,False
12661,863,862,False
12662,863,861,False
12663,863,860,False
12664,863,859,False
12665,863,858,False
12666,863,857,False
12667,863,856,False
12668,863,855,False
12669,864,704,False
12670,864,690,False
12671,864,672,False
12672,864,667,False
12673,864,553,False
12674,864,863,False
12675,864,862,False
12676,864,861,False
12677,864,860,False
12678,864,859,False
12679,864,858,False
12680,864,857,False
12681,864,856,False
12682,864,855,False
12683,864,36,False
12684,864,823,False
12685,864,807,False
12687,865,855,False
12688,865,857,False
12689,865,859,False
12690,865,863,False
12691,865,860,False
12692,865,864,False
12694,865,861,False
12695,865,858,False
12696,865,856,False
12697,866,865,False
12698,866,864,False
12699,866,863,False
12700,866,862,False
12701,866,861,False
12702,866,860,False
12703,866,859,False
12704,866,858,False
12705,866,857,False
12706,866,856,False
12707,866,855,False
12708,867,866,False
12709,867,865,False
12710,867,864,False
12711,867,863,False
12712,867,862,False
12713,867,861,False
12715,867,859,False
12716,867,858,False
12717,867,857,False
12718,867,856,False
12719,867,855,False
12720,868,865,False
12721,868,863,False
12722,868,867,False
12723,868,860,False
12724,868,866,False
12725,868,864,False
12726,868,862,False
12727,868,861,False
12728,868,859,False
12729,868,858,False
12730,868,857,False
12731,868,856,False
12732,868,855,False
12733,869,868,False
12734,869,867,False
12735,869,866,False
12736,869,865,False
12737,869,864,False
12738,869,863,False
12739,869,862,False
12740,869,861,False
12741,869,860,False
12742,869,859,False
12743,869,858,False
12744,869,857,False
12745,869,856,False
12746,869,855,False
12747,870,869,False
12748,870,868,False
12749,870,867,False
12750,870,866,False
12751,870,865,False
12752,870,864,False
12753,870,863,False
12754,870,862,False
12755,870,861,False
12757,870,859,False
12758,870,858,False
12759,870,857,False
12760,870,856,False
12761,870,855,False
12762,871,870,False
12764,871,868,False
12765,871,867,False
12766,871,866,False
12767,871,865,False
12768,871,864,False
12770,871,862,False
12771,871,861,False
12772,871,860,False
12773,871,859,False
12774,871,858,False
12775,871,857,False
12776,871,856,False
12777,871,855,False
12778,872,865,False
12779,872,861,False
12780,872,863,False
12781,872,867,False
12782,872,860,False
12783,872,866,False
12784,872,871,False
12785,872,870,False
12786,872,869,False
12787,872,868,False
12788,872,864,False
12789,872,862,False
12790,872,859,False
12791,872,858,False
12792,872,857,False
12793,872,856,False
12794,872,855,False
12798,873,553,False
12800,873,872,False
12801,873,871,False
12802,873,870,False
12803,873,869,False
12804,873,868,False
12805,873,867,False
12806,873,866,False
12807,873,865,False
12808,873,864,False
12809,873,863,False
12810,873,862,False
12811,873,861,False
12812,873,860,False
12813,873,859,False
12814,873,858,False
12815,873,857,False
12816,873,856,False
12817,873,855,False
12818,873,36,False
12820,873,807,False
12821,874,868,False
12822,874,873,False
12823,874,872,False
12824,874,871,False
12825,874,870,False
12826,874,869,False
12827,874,867,False
12828,874,866,False
12829,874,865,False
12830,874,864,False
12831,874,863,False
12832,874,862,False
12833,874,861,False
12834,874,860,False
12835,874,859,False
12836,874,858,False
12837,874,857,False
12838,874,856,False
12839,874,855,False
12840,875,874,False
12841,875,873,False
12842,875,872,False
12844,875,870,False
12845,875,869,False
12846,875,868,False
12847,875,867,False
12848,875,866,False
12849,875,865,False
12850,875,864,False
12852,875,862,False
12853,875,861,False
12854,875,860,False
12855,875,859,False
12856,875,858,False
12857,875,857,False
12858,875,856,False
12859,875,855,False
12860,876,875,False
12861,876,874,False
12862,876,873,False
12863,876,872,False
12864,876,871,False
12865,876,870,False
12866,876,869,False
12867,876,868,False
12868,876,867,False
12869,876,866,False
12870,876,865,False
12871,876,864,False
12872,876,863,False
12873,876,862,False
12874,876,861,False
12875,876,860,False
12876,876,859,False
12877,876,858,False
12878,876,857,False
12879,876,856,False
12880,876,855,False
12882,877,690,False
12884,877,667,False
12885,877,553,False
12886,877,876,False
12887,877,875,False
12888,877,874,False
12889,877,873,False
12890,877,872,False
12891,877,871,False
12892,877,870,False
12893,877,869,False
12894,877,868,False
12895,877,867,False
12896,877,866,False
12897,877,865,False
12898,877,864,False
12899,877,863,False
12900,877,862,False
12901,877,861,False
12902,877,860,False
12903,877,859,False
12904,877,858,False
12905,877,857,False
12906,877,856,False
12907,877,855,False
12909,877,823,False
12910,877,807,False
12911,877,7,False
12912,878,865,False
12913,878,863,False
12914,878,867,False
12915,878,860,False
12916,878,866,False
12917,878,877,False
12918,878,876,False
12919,878,875,False
12920,878,874,False
12921,878,873,False
12922,878,872,False
12923,878,871,False
12924,878,870,False
12925,878,869,False
12926,878,868,False
12927,878,864,False
12928,878,862,False
12929,878,861,False
12930,878,859,False
12931,878,858,False
12932,878,857,False
12934,878,855,False
12935,879,704,False
12938,879,667,False
12939,879,553,False
12940,879,878,False
12941,879,877,False
12942,879,876,False
12943,879,875,False
12944,879,874,False
12945,879,873,False
12946,879,872,False
12947,879,871,False
12948,879,870,False
12949,879,869,False
12950,879,868,False
12951,879,867,False
12952,879,866,False
12953,879,865,False
12954,879,864,False
12955,879,863,False
12956,879,862,False
12957,879,861,False
12958,879,860,False
12959,879,859,False
12960,879,858,False
12961,879,857,False
12962,879,856,False
12963,879,855,False
12966,879,807,False
12967,879,7,False
12968,880,865,False
12969,880,863,False
12970,880,867,False
12971,880,860,False
12972,880,866,False
12973,880,879,False
12974,880,878,False
12975,880,877,False
12976,880,876,False
12977,880,875,False
12978,880,874,False
12979,880,873,False
12980,880,872,False
12981,880,871,False
12982,880,870,False
12983,880,869,False
12984,880,868,False
12985,880,864,False
12986,880,862,False
12987,880,861,False
12988,880,859,False
12989,880,858,False
12990,880,857,False
12992,880,855,False
12993,881,880,False
12994,881,879,False
12995,881,878,False
12996,881,877,False
12997,881,876,False
12998,881,875,False
12999,881,874,False
13000,881,873,False
13001,881,872,False
13002,881,871,False
13003,881,870,False
13004,881,869,False
13005,881,868,False
13006,881,867,False
13007,881,866,False
13008,881,865,False
13009,881,864,False
13010,881,863,False
13011,881,862,False
13012,881,861,False
13013,881,860,False
13014,881,859,False
13015,881,858,False
13016,881,857,False
13017,881,856,False
13018,881,855,False
13019,882,881,False
13020,882,880,False
13021,882,879,False
13022,882,878,False
13023,882,877,False
13024,882,876,False
13025,882,875,False
13026,882,874,False
13027,882,873,False
13028,882,872,False
13030,882,870,False
13032,882,868,False
13033,882,867,False
13034,882,866,False
13035,882,865,False
13036,882,864,False
13037,882,863,False
13038,882,862,False
13039,882,861,False
13040,882,860,False
13041,882,859,False
13042,882,858,False
13043,882,857,False
13044,882,856,False
13045,882,855,False
13046,883,882,False
13048,883,880,False
13049,883,879,False
13050,883,878,False
13051,883,877,False
13052,883,876,False
13053,883,875,False
13054,883,874,False
13055,883,873,False
13056,883,872,False
13057,883,871,False
13058,883,870,False
13059,883,869,False
13060,883,868,False
13061,883,867,False
13062,883,866,False
13063,883,865,False
13064,883,864,False
13065,883,863,False
13066,883,862,False
13067,883,861,False
13068,883,860,False
13069,883,859,False
13070,883,858,False
13072,883,856,False
13073,883,855,False
13075,884,690,False
13076,884,672,False
13077,884,667,False
13078,884,553,False
13079,884,883,False
13080,884,882,False
13081,884,881,False
13082,884,880,False
13083,884,879,False
13084,884,878,False
13085,884,877,False
13086,884,876,False
13087,884,875,False
13088,884,874,False
13089,884,873,False
13090,884,872,False
13091,884,871,False
13092,884,870,False
13093,884,869,False
13094,884,868,False
13095,884,867,False
13096,884,866,False
13097,884,865,False
13098,884,864,False
13099,884,863,False
13100,884,862,False
13101,884,861,False
13102,884,860,False
13103,884,859,False
13104,884,858,False
13105,884,857,False
13106,884,856,False
13107,884,855,False
13108,884,36,False
13109,884,823,False
13110,884,807,False
13111,884,7,False
13113,885,690,False
13114,885,672,False
13116,885,553,False
13117,885,884,False
13118,885,883,False
13119,885,882,False
13120,885,881,False
13121,885,880,False
13122,885,879,False
13123,885,878,False
13124,885,877,False
13125,885,876,False
13126,885,875,False
13127,885,874,False
13128,885,873,False
13129,885,872,False
13130,885,871,False
13131,885,870,False
13132,885,869,False
13133,885,868,False
13134,885,867,False
13135,885,866,False
13136,885,865,False
13137,885,864,False
13138,885,863,False
13139,885,862,False
13140,885,861,False
13141,885,860,False
13142,885,859,False
13143,885,858,False
13144,885,857,False
13145,885,856,False
13146,885,855,False
13147,885,36,False
13148,885,823,False
13151,886,704,False
13152,886,690,False
13153,886,672,False
13154,886,667,False
13155,886,553,False
13156,886,885,False
13157,886,884,False
13158,886,883,False
13159,886,882,False
13160,886,881,False
13161,886,880,False
13162,886,879,False
13163,886,878,False
13164,886,877,False
13165,886,876,False
13166,886,875,False
13167,886,874,False
13168,886,873,False
13169,886,872,False
13170,886,871,False
13171,886,870,False
13172,886,869,False
13173,886,868,False
13174,886,867,False
13175,886,866,False
13176,886,865,False
13177,886,864,False
13178,886,863,False
13179,886,862,False
13180,886,861,False
13181,886,860,False
13182,886,859,False
13183,886,858,False
13184,886,857,False
13185,886,856,False
13186,886,855,False
13187,886,36,False
13188,886,823,False
13189,886,807,False
13191,887,554,False
13192,888,253,False
13193,888,252,False
13194,888,886,False
13195,888,885,False
13196,888,884,False
13197,888,883,False
13198,888,882,False
13199,888,881,False
13200,888,880,False
13201,888,879,False
13202,888,878,False
13203,888,877,False
13205,888,875,False
13206,888,874,False
13207,888,873,False
13208,888,872,False
13209,888,871,False
13210,888,870,False
13211,888,869,False
13212,888,868,False
13213,888,867,False
13214,888,866,False
13215,888,865,False
13216,888,864,False
13217,888,863,False
13218,888,862,False
13219,888,861,False
13220,888,860,False
13221,888,859,False
13222,888,858,False
13223,888,857,False
13224,888,856,False
13225,888,855,False
13226,889,888,False
13227,889,886,False
13228,889,885,False
13229,889,884,False
13230,889,883,False
13231,889,882,False
13232,889,881,False
13233,889,880,False
13234,889,879,False
13235,889,878,False
13236,889,877,False
13238,889,875,False
13239,889,874,False
13240,889,873,False
13241,889,872,False
13242,889,871,False
13244,889,869,False
13245,889,868,False
13246,889,867,False
13247,889,866,False
13248,889,865,False
13249,889,864,False
13250,889,863,False
13251,889,862,False
13252,889,861,False
13253,889,860,False
13254,889,859,False
13255,889,858,False
13256,889,857,False
13257,889,856,False
13258,889,855,False
13259,890,253,False
13260,890,252,False
13261,890,889,False
13262,890,888,False
13263,890,886,False
13264,890,885,False
13265,890,884,False
13266,890,883,False
13267,890,882,False
13268,890,881,False
13269,890,880,False
13270,890,879,False
13271,890,878,False
13272,890,877,False
13273,890,876,False
13274,890,875,False
13275,890,874,False
13276,890,873,False
13277,890,872,False
13278,890,871,False
13279,890,870,False
13280,890,869,False
13281,890,868,False
13282,890,867,False
13283,890,866,False
13284,890,865,False
13285,890,864,False
13286,890,863,False
13287,890,862,False
13288,890,861,False
13289,890,860,False
13290,890,859,False
13291,890,858,False
13292,890,857,False
13293,890,856,False
13294,890,855,False
13295,891,868,False
13296,891,890,False
13297,891,889,False
13298,891,888,False
13299,891,886,False
13300,891,885,False
13301,891,884,False
13302,891,883,False
13303,891,882,False
13304,891,881,False
13305,891,880,False
13306,891,879,False
13307,891,878,False
13308,891,877,False
13309,891,876,False
13310,891,875,False
13311,891,874,False
13312,891,873,False
13313,891,872,False
13314,891,871,False
13315,891,870,False
13316,891,869,False
13317,891,867,False
13318,891,866,False
13319,891,865,False
13320,891,864,False
13321,891,863,False
13322,891,862,False
13323,891,861,False
13324,891,860,False
13325,891,859,False
13327,891,857,False
13328,891,856,False
13329,891,855,False
13330,892,891,False
13331,892,890,False
13332,892,889,False
13333,892,888,False
13334,892,886,False
13335,892,885,False
13336,892,884,False
13337,892,883,False
13338,892,882,False
13339,892,881,False
13340,892,880,False
13341,892,879,False
13342,892,878,False
13343,892,877,False
13344,892,876,False
13345,892,875,False
13346,892,874,False
13347,892,873,False
13348,892,872,False
13349,892,871,False
13351,892,869,False
13352,892,868,False
13353,892,867,False
13354,892,866,False
13355,892,865,False
13356,892,864,False
13357,892,863,False
13358,892,862,False
13359,892,861,False
13360,892,860,False
13361,892,859,False
13362,892,858,False
13363,892,857,False
13364,892,856,False
13365,892,855,False
13370,893,553,False
13371,893,892,False
13372,893,891,False
13373,893,890,False
13374,893,889,False
13375,893,888,False
13377,893,885,False
13378,893,884,False
13379,893,883,False
13380,893,882,False
13381,893,881,False
13382,893,880,False
13383,893,879,False
13384,893,878,False
13385,893,877,False
13386,893,876,False
13387,893,875,False
13388,893,874,False
13389,893,873,False
13390,893,872,False
13391,893,871,False
13392,893,870,False
13393,893,869,False
13394,893,868,False
13395,893,867,False
13396,893,866,False
13397,893,865,False
13398,893,864,False
13399,893,863,False
13400,893,862,False
13401,893,861,False
13402,893,860,False
13403,893,859,False
13404,893,858,False
13405,893,857,False
13406,893,856,False
13407,893,855,False
13408,893,36,False
13409,893,823,False
13410,893,807,False
13412,894,893,False
13413,894,892,False
13414,894,891,False
13415,894,890,False
13416,894,889,False
13417,894,888,False
13418,894,886,False
13419,894,885,False
13420,894,884,False
13421,894,883,False
13422,894,882,False
13423,894,881,False
13424,894,880,False
13425,894,879,False
13426,894,878,False
13427,894,877,False
13428,894,876,False
13429,894,875,False
13430,894,874,False
13431,894,873,False
13432,894,872,False
13433,894,871,False
13434,894,870,False
13435,894,869,False
13436,894,868,False
13437,894,867,False
13438,894,866,False
13439,894,865,False
13440,894,864,False
13441,894,863,False
13442,894,862,False
13443,894,861,False
13444,894,860,False
13445,894,859,False
13446,894,858,False
13447,894,857,False
13448,894,856,False
13449,894,855,False
13450,895,704,False
13451,895,690,False
13452,895,672,False
13453,895,667,False
13455,895,894,False
13456,895,893,False
13457,895,892,False
13458,895,891,False
13459,895,890,False
13460,895,889,False
13461,895,888,False
13462,895,886,False
13463,895,885,False
13464,895,884,False
13465,895,883,False
13466,895,882,False
13467,895,881,False
13468,895,880,False
13469,895,879,False
13470,895,878,False
13471,895,877,False
13472,895,876,False
13473,895,875,False
13474,895,874,False
13475,895,873,False
13476,895,872,False
13477,895,871,False
13478,895,870,False
13479,895,869,False
13480,895,868,False
13481,895,867,False
13482,895,866,False
13483,895,865,False
13484,895,864,False
13485,895,863,False
13486,895,862,False
13487,895,861,False
13488,895,860,False
13489,895,859,False
13490,895,858,False
13491,895,857,False
13492,895,856,False
13493,895,855,False
13494,895,36,False
13495,895,823,False
13497,895,7,False
13498,896,704,False
13501,896,667,False
13502,896,553,False
13503,896,895,True
13504,896,894,True
13505,896,893,True
13506,896,892,True
13507,896,891,True
13508,896,890,True
13509,896,889,True
13510,896,888,True
13512,896,885,True
13513,896,884,True
13514,896,883,True
13515,896,882,True
13516,896,881,True
13517,896,880,True
13518,896,879,True
13519,896,878,True
13520,896,877,True
13521,896,876,True
13522,896,875,True
13523,896,874,True
13524,896,873,True
13525,896,872,True
13526,896,871,True
13527,896,870,True
13528,896,869,True
13529,896,868,True
13530,896,867,True
13531,896,866,True
13532,896,865,True
13533,896,864,True
13534,896,863,True
13535,896,862,True
13536,896,861,True
13537,896,860,True
13538,896,859,True
13539,896,858,True
13540,896,857,True
13541,896,856,True
13542,896,855,True
13543,896,36,False
13544,896,823,False
13545,896,807,False
13547,897,865,True
13548,897,855,True
13549,897,857,True
13550,897,859,True
13551,897,863,True
13552,897,866,True
13553,897,867,True
13554,897,869,True
13555,897,860,True
13556,897,896,False
13557,897,895,True
13558,897,894,True
13559,897,893,True
13560,897,892,True
13561,897,891,True
13562,897,890,True
13564,897,888,True
13565,897,886,True
13566,897,885,True
13567,897,884,True
13568,897,883,True
13569,897,882,True
13570,897,881,True
13571,897,880,True
13572,897,879,True
13573,897,878,True
13574,897,877,True
13576,897,875,True
13577,897,874,True
13578,897,873,True
13579,897,872,True
13580,897,871,True
13581,897,870,True
13582,897,868,True
13583,897,864,True
13584,897,862,True
13585,897,861,True
13586,897,858,True
13588,898,897,False
13589,898,896,False
13590,898,895,True
13591,898,894,True
13592,898,893,True
13594,898,891,True
13595,898,890,True
13596,898,889,True
13597,898,888,True
13598,898,886,True
13599,898,885,True
13600,898,884,True
13601,898,883,True
13602,898,882,True
13603,898,881,True
13604,898,880,True
13605,898,879,True
13606,898,878,True
13607,898,877,True
13608,898,876,True
13609,898,875,True
13610,898,874,True
13611,898,873,True
13612,898,872,True
13613,898,871,True
13614,898,870,True
13615,898,869,True
13616,898,868,True
13617,898,867,True
13618,898,866,True
13619,898,865,True
13620,898,864,True
13621,898,863,True
13622,898,862,True
13625,898,859,True
13626,898,858,True
13627,898,857,True
13628,898,856,True
13629,898,855,True
13630,899,868,True
13631,899,898,False
13632,899,897,False
13633,899,896,False
13634,899,895,True
13635,899,894,True
13636,899,893,True
13638,899,891,True
13639,899,890,True
13640,899,889,True
13641,899,888,True
13642,899,886,True
13643,899,885,True
13644,899,884,True
13645,899,883,True
13646,899,882,True
13647,899,881,True
13648,899,880,True
13649,899,879,True
13650,899,878,True
13651,899,877,True
13652,899,876,True
13653,899,875,True
13654,899,874,True
13655,899,873,True
13656,899,872,True
13657,899,871,True
13658,899,870,True
13659,899,869,True
13660,899,867,True
13661,899,866,True
13662,899,865,True
13663,899,864,True
13664,899,863,True
13665,899,862,True
13666,899,861,True
13667,899,860,True
13668,899,859,True
13669,899,858,True
13670,899,857,True
13671,899,856,True
13672,899,855,True
13673,900,899,False
13674,900,898,False
13675,900,897,False
13676,900,896,False
13677,900,895,True
13678,900,894,True
13679,900,893,True
13680,900,892,True
13681,900,891,True
13682,900,890,True
13683,900,889,True
13684,900,888,True
13685,900,886,True
13686,900,885,True
13687,900,884,True
13688,900,883,True
13689,900,882,True
13690,900,881,True
13691,900,880,True
13692,900,879,True
13693,900,878,True
13694,900,877,True
13695,900,876,True
13696,900,875,True
13698,900,873,True
13699,900,872,True
13700,900,871,True
13701,900,870,True
13702,900,869,True
13703,900,868,True
13704,900,867,True
13705,900,866,True
13706,900,865,True
13707,900,864,True
13708,900,863,True
13709,900,862,True
13710,900,861,True
13711,900,860,True
13712,900,859,True
13713,900,858,True
13714,900,857,True
13716,900,855,True
13717,901,900,False
13718,901,899,False
13719,901,898,False
13720,901,897,False
13721,901,896,False
13722,901,895,True
13723,901,894,True
13724,901,893,True
13725,901,892,True
13726,901,891,True
13728,901,889,True
13729,901,888,True
13730,901,886,True
13731,901,885,True
13732,901,884,True
13733,901,883,True
13734,901,882,True
13735,901,881,True
13736,901,880,True
13737,901,879,True
13738,901,878,True
13739,901,877,True
13740,901,876,True
13741,901,875,True
13742,901,874,True
13743,901,873,True
13744,901,872,True
13745,901,871,True
13746,901,870,True
13747,901,869,True
13748,901,868,True
13749,901,867,True
13750,901,866,True
13751,901,865,True
13752,901,864,True
13753,901,863,True
13754,901,862,True
13755,901,861,True
13756,901,860,True
13757,901,859,True
13758,901,858,True
13759,901,857,True
13760,901,856,True
13761,901,855,True
13762,902,901,False
13763,902,900,False
13764,902,899,False
13765,902,898,False
13766,902,897,False
13767,902,896,False
13768,902,895,True
13769,902,894,True
13770,902,893,True
13771,902,892,True
13773,902,890,True
13774,902,889,True
13775,902,888,True
13776,902,886,True
13777,902,885,True
13778,902,884,True
13779,902,883,True
13780,902,882,True
13781,902,881,True
13782,902,880,True
13783,902,879,True
13784,902,878,True
13785,902,877,True
13786,902,876,True
13787,902,875,True
13788,902,874,True
13789,902,873,True
13790,902,872,True
13791,902,871,True
13792,902,870,True
13793,902,869,True
13794,902,868,True
13795,902,867,True
13796,902,866,True
13797,902,865,True
13798,902,864,True
13799,902,863,True
13800,902,862,True
13801,902,861,True
13803,902,859,True
13804,902,858,True
13805,902,857,True
13806,902,856,True
13807,902,855,True
13808,903,887,True
13809,904,258,False
13810,905,258,False
13811,905,904,False
13812,906,261,False
13813,906,258,False
13815,906,251,False
13816,906,249,False
13817,906,247,False
13818,906,241,False
13819,906,905,False
13820,906,904,False
13821,907,261,False
13822,907,260,False
13823,907,258,False
13824,907,257,False
13825,907,256,False
13826,907,255,False
13827,907,254,False
13829,907,250,False
13830,907,249,False
13831,907,247,False
13833,907,244,False
13834,907,242,False
13835,907,241,False
13836,907,906,False
13837,907,905,False
13838,907,904,False
13840,908,248,False
13841,908,246,False
13843,908,907,False
13844,908,906,False
13845,908,905,False
13846,908,904,False
13847,909,908,False
13848,909,907,False
13849,909,906,False
13850,909,905,False
13851,909,904,False
13852,910,261,False
13854,910,258,False
13855,910,254,False
13856,910,251,False
13857,910,249,False
13858,910,247,False
13859,910,241,False
13860,910,909,False
13861,910,908,False
13862,910,907,False
13863,910,906,False
13864,910,905,False
13865,910,904,False
13866,911,328,False
13867,911,323,False
13868,911,317,False
13869,911,258,False
13871,911,246,False
13873,911,910,False
13874,911,909,False
13875,911,908,False
13876,911,907,False
13877,911,906,False
13878,911,905,False
13879,911,904,False
13880,912,328,False
13881,912,323,False
13882,912,317,False
13883,912,258,False
13887,912,911,False
13888,912,910,False
13889,912,909,False
13890,912,908,False
13891,912,907,False
13892,912,906,False
13893,912,905,False
13894,912,904,False
13895,913,261,False
13896,913,260,False
13897,913,258,False
13898,913,254,False
13899,913,251,False
13900,913,249,False
13901,913,247,False
13903,913,912,False
13904,913,911,False
13905,913,910,False
13906,913,909,False
13907,913,908,False
13908,913,907,False
13909,913,906,False
13910,913,905,False
13911,913,904,False
13912,914,913,False
13913,914,912,False
13914,914,911,False
13915,914,910,False
13916,914,906,False
13917,915,914,False
13918,915,913,False
13919,915,912,False
13920,915,911,False
13921,915,910,False
13922,915,909,False
13923,915,908,False
13924,915,907,False
13925,915,906,False
13926,915,905,False
13927,915,904,False
13928,916,260,False
13929,916,251,False
13930,916,249,False
13931,916,247,False
13932,916,915,False
13933,916,914,False
13934,916,913,False
13935,916,912,False
13936,916,911,False
13937,916,910,False
13938,916,909,False
13939,916,908,False
13940,916,907,False
13941,916,906,False
13942,916,905,False
13943,916,904,False
13944,917,258,False
13946,917,256,False
13947,917,916,False
13948,917,915,False
13949,917,913,False
13950,917,912,False
13951,917,911,False
13952,917,910,False
13953,917,909,False
13954,917,908,False
13955,917,907,False
13956,917,906,False
13957,917,905,False
13958,917,904,False
13959,918,258,False
13960,918,257,False
13962,918,917,False
13963,918,916,False
13964,918,915,False
13966,918,912,False
13967,918,911,False
13968,918,910,False
13969,918,909,False
13970,918,908,False
13971,918,907,False
13972,918,906,False
13973,918,905,False
13974,918,904,False
13975,919,261,False
13976,919,260,False
13977,919,258,False
13979,919,251,False
13980,919,249,False
13981,919,247,False
13982,919,241,False
13983,919,918,False
13984,919,917,False
13985,919,916,False
13986,919,915,False
13987,919,913,False
13988,919,912,False
13989,919,911,False
13990,919,910,False
13991,919,909,False
13992,919,908,False
13993,919,907,False
13994,919,906,False
13996,919,904,False
13997,920,261,False
13999,920,258,False
14000,920,254,False
14001,920,251,False
14002,920,249,False
14003,920,247,False
14004,920,241,False
14005,920,919,False
14006,920,918,False
14007,920,917,False
14008,920,916,False
14009,920,915,False
14010,920,914,False
14011,920,913,False
14012,920,912,False
14013,920,911,False
14014,920,910,False
14015,920,909,False
14016,920,908,False
14017,920,907,False
14018,920,906,False
14019,920,905,False
14020,920,904,False
14021,921,920,False
14022,921,919,False
14023,921,918,False
14024,921,917,False
14025,921,916,False
14026,921,915,False
14027,921,914,False
14028,921,913,False
14030,921,911,False
14031,921,910,False
14032,921,909,False
14033,921,908,False
14034,921,907,False
14035,921,906,False
14036,921,905,False
14037,921,904,False
14038,922,260,False
14039,922,258,False
14040,922,257,False
14041,922,256,False
14042,922,255,False
14044,922,250,False
14045,922,249,False
14046,922,247,False
14047,922,244,False
14048,922,242,False
14049,922,921,False
14050,922,920,False
14051,922,919,False
14052,922,918,False
14053,922,917,False
14054,922,916,False
14055,922,915,False
14056,922,914,False
14057,922,913,False
14058,922,912,False
14059,922,911,False
14060,922,910,False
14061,922,909,False
14062,922,908,False
14063,922,907,False
14064,922,906,False
14065,922,905,False
14066,922,904,False
14067,923,778,False
14068,923,774,False
14069,923,773,False
14071,923,769,False
14072,923,768,False
14073,923,762,False
14074,923,760,False
14075,923,759,False
14076,924,778,False
14077,924,774,False
14078,924,773,False
14079,924,768,False
14080,924,766,False
14081,924,765,False
14083,924,763,False
14084,924,762,False
14085,924,759,False
14086,924,923,False
14088,925,777,False
14092,925,769,False
14093,925,768,False
14094,925,766,False
14095,925,765,False
14096,925,764,False
14098,925,762,False
14101,925,759,False
14102,925,924,False
14103,925,923,False
14104,926,770,False
14107,926,925,False
14108,926,924,False
14109,926,923,False
14110,927,774,False
14111,927,772,False
14113,927,770,False
14114,927,926,False
14115,927,925,False
14116,927,924,False
14117,927,923,False
14118,928,778,False
14119,928,774,False
14120,928,773,False
14121,928,771,False
14122,928,769,False
14123,928,768,False
14124,928,762,False
14125,928,760,False
14126,928,759,False
14127,928,927,False
14128,928,926,False
14129,928,925,False
14130,928,924,False
14131,928,923,False
14132,929,778,False
14133,929,777,False
14134,929,774,False
14135,929,773,False
14136,929,772,False
14138,929,770,False
14139,929,769,False
14141,929,762,False
14143,929,760,False
14144,929,759,False
14145,929,928,False
14146,929,927,False
14147,929,926,False
14148,929,925,False
14149,929,924,False
14150,929,923,False
14151,930,929,False
14152,930,928,False
14153,930,927,False
14154,930,926,False
14155,930,925,False
14156,930,924,False
14157,930,923,False
14158,931,758,False
14160,931,930,False
14161,931,929,False
14162,931,928,False
14163,931,927,False
14164,931,926,False
14165,931,925,False
14166,931,924,False
14167,931,923,False
14170,932,931,False
14171,932,930,False
14172,932,929,False
14173,932,928,False
14174,932,927,False
14175,932,926,False
14176,932,925,False
14177,932,924,False
14178,932,923,False
14179,933,778,False
14180,933,777,False
14182,933,773,False
14184,933,771,False
14185,933,770,False
14186,933,769,False
14187,933,768,False
14188,933,762,False
14189,933,761,False
14190,933,760,False
14191,933,759,False
14192,933,932,False
14193,933,931,False
14194,933,930,False
14195,933,929,False
14196,933,928,False
14197,933,927,False
14198,933,926,False
14199,933,925,False
14200,933,924,False
14201,933,923,False
14203,934,777,False
14204,934,774,False
14208,934,768,False
14209,934,766,False
14212,934,763,False
14216,934,759,False
14217,934,933,False
14218,934,932,False
14219,934,931,False
14221,934,929,False
14222,934,928,False
14223,934,927,False
14224,934,926,False
14225,934,925,False
14226,934,924,False
14227,934,923,False
14229,935,933,False
14231,935,931,False
14233,935,929,False
14234,935,928,False
14235,935,927,False
14236,935,926,False
14237,935,925,False
14238,935,924,False
14239,935,923,False
14241,936,774,False
14242,936,772,False
14246,936,766,False
14248,936,764,False
14250,936,761,False
14251,936,935,False
14252,936,934,False
14253,936,933,False
14254,936,932,False
14255,936,931,False
14256,936,930,False
14257,936,929,False
14258,936,928,False
14259,936,927,False
14260,936,926,False
14261,936,925,False
14262,936,924,False
14263,936,923,False
14266,937,771,False
14267,937,770,False
14268,937,936,False
14270,937,934,False
14271,937,933,False
14272,937,932,False
14273,937,931,False
14274,937,930,False
14275,937,929,False
14276,937,928,False
14277,937,927,False
14278,937,926,False
14279,937,925,False
14280,937,924,False
14281,937,923,False
14282,938,769,False
14283,938,766,False
14284,938,765,False
14285,938,764,False
14286,938,763,False
14287,938,758,False
14288,938,757,False
14289,938,937,False
14290,938,936,False
14291,938,935,False
14292,938,934,False
14293,938,933,False
14294,938,932,False
14295,938,931,False
14296,938,929,False
14297,938,928,False
14298,938,927,False
14299,938,926,False
14300,938,925,False
14301,938,924,False
14302,938,923,False
14303,939,938,False
14304,939,937,False
14305,939,936,False
14306,939,935,False
14307,939,934,False
14308,939,933,False
14309,939,932,False
14310,939,931,False
14311,939,930,False
14312,939,929,False
14313,939,928,False
14314,939,927,False
14315,939,926,False
14316,939,925,False
14317,939,924,True
14318,939,923,False
14319,940,777,False
14320,940,774,False
14321,940,772,False
14323,940,770,False
14324,940,769,False
14325,940,761,False
14326,940,939,False
14327,940,938,False
14328,940,937,False
14329,940,936,False
14330,940,935,False
14331,940,934,False
14332,940,933,False
14333,940,932,False
14334,940,931,False
14335,940,930,False
14336,940,929,False
14337,940,928,False
14338,940,927,False
14339,940,926,False
14340,940,925,False
14341,940,924,False
14342,940,923,False
14343,941,771,False
14344,941,769,False
14346,941,940,False
14347,941,939,False
14348,941,938,False
14349,941,937,False
14350,941,936,False
14351,941,935,False
14352,941,934,False
14353,941,933,False
14354,941,932,False
14355,941,931,False
14356,941,930,False
14357,941,929,False
14358,941,928,False
14359,941,927,False
14360,941,926,False
14361,941,925,False
14362,941,924,False
14363,941,923,False
14365,942,777,False
14366,942,774,False
14367,942,773,False
14368,942,772,False
14371,942,769,False
14372,942,768,False
14373,942,762,False
14374,942,761,False
14375,942,760,False
14376,942,759,False
14377,942,941,False
14378,942,940,False
14379,942,939,False
14380,942,938,False
14381,942,937,False
14382,942,936,False
14383,942,935,False
14384,942,934,False
14385,942,933,False
14386,942,932,False
14387,942,931,False
14388,942,930,False
14389,942,929,False
14390,942,928,False
14391,942,927,False
14392,942,926,False
14393,942,925,False
14394,942,924,False
14395,942,923,False
14396,943,778,False
14397,943,774,False
14398,943,773,False
14399,943,768,False
14400,943,766,False
14401,943,765,False
14402,943,764,False
14404,943,762,False
14405,943,759,False
14406,943,942,False
14407,943,941,False
14408,943,940,False
14409,943,939,False
14410,943,938,False
14411,943,937,False
14412,943,936,False
14413,943,935,False
14414,943,934,False
14415,943,933,False
14416,943,932,False
14417,943,931,False
14418,943,930,False
14419,943,929,False
14420,943,928,False
14421,943,927,False
14422,943,926,False
14423,943,925,False
14424,943,924,True
14425,943,923,False
14426,944,778,False
14428,944,773,False
14429,944,768,False
14432,944,764,False
14434,944,762,False
14436,944,943,False
14437,944,942,False
14438,944,941,False
14439,944,940,False
14440,944,939,False
14441,944,938,False
14442,944,937,False
14443,944,936,False
14444,944,935,False
14445,944,934,False
14446,944,933,False
14447,944,932,False
14448,944,931,False
14449,944,930,False
14450,944,929,False
14451,944,928,False
14452,944,927,False
14453,944,926,False
14454,944,925,False
14455,944,924,True
14456,944,923,False
14458,945,777,False
14459,945,773,False
14462,945,768,False
14464,945,765,False
14465,945,764,False
14468,945,761,False
14469,945,759,False
14470,945,944,False
14471,945,943,False
14472,945,942,False
14473,945,941,False
14474,945,940,False
14475,945,939,False
14476,945,938,False
14477,945,937,False
14478,945,936,False
14479,945,935,False
14480,945,934,False
14481,945,933,False
14482,945,932,False
14483,945,931,False
14484,945,930,False
14485,945,929,False
14486,945,928,False
14487,945,927,False
14488,945,926,False
14489,945,925,False
14490,945,924,True
14491,945,923,False
14492,946,778,False
14493,946,777,False
14495,946,773,False
14496,946,772,False
14497,946,771,False
14498,946,770,False
14499,946,769,False
14501,946,766,False
14503,946,764,False
14504,946,763,False
14505,946,762,False
14507,946,760,False
14508,946,759,False
14509,946,945,False
14510,946,944,False
14511,946,943,False
14512,946,942,False
14513,946,941,False
14514,946,940,False
14515,946,939,False
14516,946,938,False
14517,946,937,False
14518,946,936,False
14519,946,935,False
14520,946,934,False
14521,946,933,False
14522,946,932,False
14523,946,931,False
14524,946,930,False
14525,946,929,False
14526,946,928,False
14527,946,927,False
14528,946,926,False
14529,946,925,False
14530,946,924,False
14531,946,923,False
14532,947,778,False
14534,947,774,False
14535,947,773,False
14536,947,772,False
14538,947,770,False
14541,947,766,False
14542,947,765,False
14543,947,764,False
14544,947,763,False
14545,947,762,False
14546,947,761,False
14547,947,760,False
14548,947,759,False
14549,947,946,False
14550,947,945,False
14551,947,944,False
14552,947,943,False
14553,947,942,False
14554,947,941,False
14555,947,940,False
14556,947,939,False
14557,947,937,False
14558,947,936,False
14559,947,935,False
14560,947,934,False
14561,947,933,False
14562,947,932,False
14563,947,931,False
14564,947,930,False
14565,947,929,False
14566,947,928,False
14567,947,927,False
14568,947,926,False
14569,947,925,False
14570,947,924,False
14571,947,923,False
14572,948,778,False
14574,948,773,False
14577,948,765,False
14578,948,764,False
14579,948,763,False
14580,948,762,False
14581,948,759,False
14582,948,947,False
14583,948,946,False
14584,948,945,False
14585,948,944,False
14586,948,943,False
14587,948,942,False
14588,948,941,False
14589,948,940,False
14590,948,939,False
14591,948,938,False
14592,948,937,False
14593,948,936,False
14594,948,935,False
14595,948,934,False
14596,948,933,False
14597,948,932,False
14598,948,931,False
14599,948,930,False
14600,948,929,False
14601,948,928,False
14602,948,927,False
14603,948,926,False
14604,948,925,False
14605,948,924,True
14606,948,923,False
14607,949,778,False
14609,949,773,False
14610,949,771,False
14611,949,769,False
14612,949,768,False
14615,949,764,False
14616,949,763,False
14617,949,762,False
14619,949,759,False
14620,949,948,False
14621,949,947,False
14622,949,946,False
14623,949,945,False
14624,949,944,False
14625,949,943,False
14626,949,942,False
14627,949,941,False
14628,949,940,False
14629,949,939,False
14630,949,938,False
14631,949,937,False
14632,949,936,False
14633,949,935,False
14634,949,934,False
14635,949,933,False
14636,949,932,False
14637,949,931,False
14638,949,930,False
14639,949,929,False
14640,949,928,False
14641,949,927,False
14642,949,926,False
14643,949,925,False
14644,949,924,True
14645,949,923,False
14646,950,949,False
14647,950,948,False
14648,950,947,False
14649,950,945,False
14650,950,944,False
14651,950,943,False
14652,950,942,False
14653,950,939,False
14654,950,937,False
14655,950,936,False
14656,950,935,False
14657,950,934,False
14658,950,933,False
14659,950,932,False
14660,950,931,False
14661,950,930,False
14662,950,929,False
14664,950,927,False
14666,950,925,False
14667,950,924,False
14668,950,923,False
14669,951,778,False
14672,951,773,False
14674,951,769,False
14675,951,768,False
14676,951,766,False
14679,951,763,False
14680,951,762,False
14682,951,760,False
14683,951,759,False
14684,951,950,False
14685,951,949,False
14686,951,948,False
14687,951,947,False
14688,951,946,False
14689,951,945,False
14690,951,944,False
14691,951,943,False
14692,951,942,False
14693,951,941,False
14694,951,940,False
14695,951,939,False
14696,951,938,False
14697,951,937,False
14698,951,936,False
14699,951,935,False
14700,951,934,False
14701,951,933,False
14702,951,932,False
14703,951,931,False
14704,951,930,False
14705,951,929,False
14706,951,928,False
14708,951,926,False
14709,951,925,False
14710,951,924,True
14711,951,923,False
14712,952,774,False
14713,952,772,False
14716,952,951,False
14717,952,950,False
14718,952,949,False
14719,952,948,False
14720,952,947,False
14721,952,946,False
14722,952,945,False
14723,952,944,False
14724,952,943,False
14726,952,941,False
14727,952,940,False
14728,952,939,False
14729,952,938,False
14730,952,937,False
14731,952,936,False
14732,952,935,False
14733,952,934,False
14734,952,933,False
14735,952,932,False
14736,952,931,False
14737,952,930,False
14738,952,929,False
14739,952,928,False
14740,952,927,False
14741,952,926,False
14742,952,925,False
14743,952,924,False
14744,952,923,False
14745,953,771,False
14746,953,769,False
14747,953,758,False
14749,953,952,False
14750,953,951,False
14751,953,949,False
14752,953,948,False
14753,953,947,False
14754,953,946,False
14755,953,945,False
14756,953,944,False
14757,953,943,False
14758,953,942,False
14759,953,941,False
14760,953,940,False
14761,953,939,False
14763,953,937,False
14764,953,936,False
14765,953,935,False
14766,953,934,False
14767,953,933,False
14768,953,932,False
14769,953,931,False
14770,953,930,False
14771,953,929,False
14772,953,928,False
14773,953,927,False
14774,953,926,False
14775,953,925,False
14776,953,924,False
14777,953,923,False
14779,954,774,False
14780,954,773,False
14781,954,768,False
14784,954,764,False
14786,954,762,False
14787,954,759,False
14788,954,953,False
14789,954,952,False
14790,954,951,False
14791,954,950,False
14792,954,949,False
14793,954,948,False
14794,954,947,False
14795,954,946,False
14796,954,945,False
14797,954,944,False
14798,954,943,False
14799,954,942,False
14800,954,941,False
14801,954,940,False
14802,954,939,False
14803,954,938,False
14804,954,937,False
14805,954,936,False
14806,954,935,False
14807,954,934,False
14808,954,933,False
14809,954,932,False
14810,954,931,False
14811,954,930,False
14812,954,929,False
14813,954,928,False
14814,954,927,False
14815,954,926,False
14816,954,925,False
14817,954,924,True
14818,954,923,False
14821,955,774,False
14822,955,773,False
14823,955,771,False
14825,955,768,False
14826,955,766,False
14828,955,764,False
14829,955,763,False
14830,955,762,False
14831,955,761,False
14833,955,759,False
14834,955,954,False
14835,955,953,False
14836,955,952,False
14837,955,951,False
14838,955,950,False
14839,955,949,False
14840,955,948,False
14841,955,947,False
14842,955,946,False
14843,955,945,False
14844,955,944,False
14845,955,943,False
14846,955,942,False
14847,955,941,False
14848,955,940,False
14849,955,939,False
14850,955,937,False
14851,955,936,False
14852,955,935,False
14853,955,934,False
14854,955,933,False
14855,955,932,False
14856,955,931,False
14857,955,930,False
14858,955,929,False
14859,955,928,False
14860,955,927,False
14861,955,926,False
14862,955,925,False
14863,955,924,False
14864,955,923,False
14865,956,778,False
14866,956,777,False
14868,956,773,False
14869,956,772,False
14871,956,770,False
14872,956,769,False
14873,956,768,False
14874,956,762,False
14876,956,760,False
14877,956,759,False
14878,956,955,False
14879,956,954,False
14880,956,953,False
14881,956,952,False
14882,956,951,False
14883,956,950,False
14884,956,949,False
14885,956,948,False
14886,956,947,False
14887,956,946,False
14888,956,945,False
14889,956,944,False
14890,956,943,False
14891,956,942,False
14892,956,941,False
14893,956,940,False
14894,956,939,False
14895,956,938,False
14896,956,937,False
14897,956,936,False
14898,956,935,False
14899,956,934,False
14900,956,933,False
14901,956,932,False
14902,956,931,False
14903,956,930,False
14904,956,929,False
14905,956,928,False
14906,956,927,False
14907,956,926,False
14908,956,925,False
14909,956,924,False
14911,957,778,False
14913,957,773,False
14914,957,768,False
14915,957,766,False
14917,957,764,False
14918,957,763,False
14919,957,762,False
14920,957,759,False
14921,957,956,False
14922,957,955,False
14923,957,954,False
14924,957,953,False
14925,957,952,False
14926,957,951,False
14927,957,950,False
14928,957,949,False
14930,957,947,False
14931,957,946,False
14932,957,945,False
14933,957,944,False
14934,957,943,False
14935,957,942,False
14936,957,941,False
14937,957,940,False
14938,957,939,False
14939,957,938,False
14940,957,937,False
14941,957,936,False
14942,957,935,False
14943,957,934,False
14944,957,933,False
14945,957,932,False
14946,957,931,False
14947,957,930,False
14948,957,929,False
14949,957,928,False
14950,957,927,False
14951,957,926,False
14952,957,925,False
14953,957,924,False
14954,957,923,False
14955,958,778,False
14956,958,774,False
14958,958,768,False
14959,958,766,False
14960,958,765,False
14961,958,764,False
14962,958,763,False
14963,958,762,False
14965,958,957,False
14966,958,956,False
14967,958,955,False
14968,958,954,False
14969,958,953,False
14970,958,952,False
14971,958,951,False
14972,958,950,False
14973,958,949,False
14974,958,948,False
14975,958,947,False
14976,958,946,False
14977,958,945,False
14978,958,944,False
14979,958,943,False
14980,958,942,False
14981,958,941,False
14982,958,940,False
14983,958,939,False
14984,958,938,False
14985,958,937,False
14986,958,936,False
14987,958,935,False
14988,958,934,False
14989,958,933,False
14990,958,932,False
14991,958,931,False
14992,958,930,False
14993,958,929,False
14994,958,928,False
14995,958,927,False
14996,958,926,False
14997,958,925,False
14998,958,924,False
14999,958,923,False
15000,959,769,False
15001,959,958,False
15002,959,957,False
15003,959,956,False
15004,959,955,False
15005,959,954,False
15006,959,953,False
15007,959,952,False
15008,959,951,False
15009,959,950,False
15010,959,949,False
15011,959,948,False
15012,959,947,False
15013,959,946,False
15014,959,945,False
15015,959,944,False
15016,959,943,False
15017,959,942,False
15018,959,941,False
15019,959,940,False
15020,959,939,False
15021,959,938,False
15022,959,937,False
15023,959,936,False
15024,959,935,False
15025,959,934,False
15026,959,933,False
15027,959,932,False
15028,959,931,False
15029,959,930,False
15030,959,929,False
15031,959,928,False
15032,959,927,False
15033,959,926,False
15034,959,925,False
15035,959,924,False
15036,959,923,False
15037,960,778,False
15038,960,774,False
15039,960,773,False
15040,960,768,False
15042,960,765,False
15043,960,764,False
15044,960,763,False
15047,960,959,False
15048,960,958,True
15049,960,957,True
15050,960,956,False
15051,960,955,False
15052,960,954,True
15053,960,953,False
15054,960,952,False
15055,960,951,True
15056,960,950,False
15057,960,949,True
15058,960,948,True
15059,960,947,False
15060,960,946,False
15061,960,945,True
15062,960,944,True
15063,960,943,True
15064,960,942,False
15065,960,941,False
15066,960,940,False
15067,960,939,True
15068,960,938,False
15069,960,937,False
15070,960,936,False
15071,960,935,False
15072,960,934,False
15073,960,933,False
15074,960,932,False
15075,960,931,False
15076,960,930,False
15077,960,929,False
15078,960,928,False
15079,960,927,False
15080,960,926,False
15081,960,925,False
15082,960,924,True
15083,960,923,False
15084,961,774,False
15085,961,772,False
15086,961,771,False
15087,961,770,False
15088,961,960,False
15089,961,959,False
15090,961,958,False
15091,961,957,False
15092,961,956,False
15093,961,955,False
15094,961,954,False
15095,961,953,False
15096,961,952,False
15097,961,951,False
15098,961,950,False
15099,961,949,False
15100,961,948,False
15101,961,947,False
15102,961,946,False
15103,961,945,False
15104,961,944,False
15106,961,942,False
15107,961,941,False
15108,961,940,False
15109,961,939,False
15110,961,938,False
15111,961,937,False
15112,961,936,False
15114,961,934,False
15115,961,933,False
15116,961,932,False
15117,961,931,False
15118,961,930,False
15119,961,929,False
15120,961,928,False
15121,961,927,False
15122,961,926,False
15123,961,925,False
15124,961,924,False
15125,961,923,False
15126,962,778,False
15127,962,777,False
15130,962,771,False
15131,962,769,False
15132,962,768,False
15135,962,764,False
15138,962,761,False
15140,962,759,False
15141,962,961,False
15143,962,959,False
15144,962,958,True
15145,962,957,True
15146,962,956,False
15147,962,955,False
15148,962,954,True
15149,962,953,False
15150,962,952,False
15151,962,951,True
15152,962,950,False
15153,962,949,True
15154,962,948,True
15155,962,947,False
15156,962,946,False
15157,962,945,True
15159,962,943,True
15160,962,942,False
15161,962,941,False
15162,962,940,False
15163,962,939,True
15164,962,938,False
15165,962,937,False
15166,962,936,False
15167,962,935,False
15168,962,934,False
15169,962,933,False
15170,962,932,False
15171,962,931,False
15172,962,930,False
15173,962,929,False
15174,962,928,False
15175,962,927,False
15176,962,926,False
15177,962,925,False
15178,962,924,True
15181,963,962,False
15182,963,961,False
15183,963,960,False
15184,963,959,False
15185,963,958,False
15186,963,957,False
15187,963,956,False
15188,963,955,False
15189,963,954,False
15190,963,953,False
15191,963,952,False
15192,963,951,False
15193,963,950,False
15194,963,949,False
15195,963,948,False
15196,963,947,False
15197,963,946,False
15198,963,945,False
15199,963,944,False
15200,963,943,False
15201,963,942,False
15202,963,941,False
15203,963,940,False
15204,963,939,False
15205,963,938,False
15206,963,937,False
15207,963,936,False
15208,963,935,False
15209,963,934,False
15210,963,933,False
15211,963,932,False
15212,963,931,False
15213,963,930,False
15214,963,929,False
15215,963,928,False
15217,963,926,False
15218,963,925,False
15219,963,924,False
15220,963,923,False
15221,964,963,False
15222,964,962,False
15223,964,961,False
15224,964,960,False
15225,964,959,False
15226,964,958,False
15227,964,957,False
15228,964,956,False
15229,964,955,False
15230,964,954,False
15231,964,953,False
15232,964,952,False
15233,964,951,False
15234,964,950,False
15235,964,949,False
15236,964,948,False
15237,964,947,False
15238,964,946,False
15239,964,945,False
15240,964,944,False
15241,964,943,False
15242,964,942,False
15243,964,941,False
15244,964,940,False
15245,964,939,False
15246,964,938,False
15247,964,937,False
15248,964,936,False
15249,964,935,False
15250,964,934,False
15251,964,933,False
15253,964,931,False
15254,964,930,False
15255,964,929,False
15256,964,928,False
15257,964,927,False
15258,964,926,False
15260,964,924,False
15262,965,964,False
15264,965,962,False
15265,965,961,False
15266,965,960,False
15267,965,959,False
15268,965,958,False
15269,965,957,False
15270,965,956,False
15271,965,955,False
15272,965,954,False
15273,965,953,False
15274,965,952,False
15275,965,951,False
15276,965,950,False
15277,965,949,False
15278,965,948,False
15279,965,947,False
15280,965,946,False
15281,965,945,False
15282,965,944,False
15283,965,943,False
15284,965,942,False
15285,965,941,False
15286,965,940,False
15287,965,939,False
15288,965,938,False
15289,965,937,False
15290,965,936,False
15292,965,934,False
15293,965,933,False
15294,965,932,False
15295,965,931,False
15296,965,930,False
15297,965,929,False
15298,965,928,False
15299,965,927,False
15300,965,926,False
15301,965,925,False
15302,965,924,False
15303,965,923,False
15306,966,794,False
15307,966,793,False
15308,966,791,False
15309,966,790,False
15310,966,789,False
15311,966,788,False
15312,966,787,False
15313,966,786,False
15314,966,785,False
15315,966,784,False
15316,966,783,False
15317,966,782,False
15318,966,781,False
15319,966,780,False
15320,966,803,False
15321,966,802,False
15322,966,801,False
15323,966,800,False
15324,966,799,False
15325,966,798,False
15326,966,797,False
15327,967,796,False
15329,967,794,False
15330,967,793,False
15331,967,791,False
15332,967,790,False
15333,967,789,False
15336,967,786,False
15337,967,785,False
15338,967,784,False
15339,967,783,False
15340,967,782,False
15341,967,781,False
15342,967,780,False
15343,967,966,False
15344,967,803,False
15345,967,802,False
15346,967,801,False
15347,967,800,False
15349,967,798,False
15350,967,797,False
15351,968,796,False
15352,968,795,False
15353,968,791,False
15354,968,788,False
15355,968,786,False
15356,968,784,False
15357,968,781,False
15358,968,780,False
15359,968,967,False
15360,968,966,False
15361,968,803,False
15362,968,802,False
15363,968,801,False
15364,968,800,False
15365,968,799,False
15366,968,798,False
15367,968,797,False
15368,969,796,False
15369,969,795,False
15370,969,794,False
15371,969,793,False
15372,969,791,False
15373,969,790,False
15374,969,789,False
15375,969,788,False
15376,969,787,False
15377,969,786,False
15378,969,785,False
15380,969,783,False
15381,969,782,False
15382,969,781,False
15383,969,780,False
15385,969,967,False
15386,969,966,False
15387,969,803,False
15388,969,802,False
15389,969,801,False
15390,969,800,False
15391,969,799,False
15392,969,798,False
15393,969,797,False
15394,970,796,False
15395,970,795,False
15396,970,794,False
15397,970,793,False
15398,970,792,False
15399,970,791,False
15401,970,789,False
15402,970,788,False
15403,970,787,False
15404,970,786,False
15406,970,784,False
15407,970,783,False
15408,970,782,False
15409,970,781,False
15410,970,780,False
15415,970,409,False
15417,970,969,False
15418,970,968,False
15419,970,967,False
15420,970,966,False
15421,970,803,False
15423,970,801,False
15424,970,800,False
15425,970,799,False
15426,970,798,False
15427,970,797,False
15428,971,796,False
15429,971,795,False
15430,971,793,False
15431,971,789,False
15432,971,786,False
15433,971,784,False
15434,971,782,False
15435,971,970,False
15436,971,969,False
15437,971,968,False
15438,971,967,False
15439,971,966,False
15440,971,800,False
15441,971,799,False
15442,971,797,False
15443,972,796,False
15445,972,794,False
15447,972,791,False
15448,972,790,False
15449,972,789,False
15451,972,787,False
15452,972,786,False
15453,972,785,False
15454,972,784,False
15455,972,783,False
15456,972,782,False
15457,972,781,False
15458,972,780,False
15459,972,971,False
15460,972,970,False
15461,972,969,False
15462,972,968,False
15463,972,967,False
15464,972,966,False
15465,972,803,False
15468,972,800,False
15469,972,799,False
15470,972,798,False
15471,972,797,False
15474,973,794,False
15475,973,793,False
15476,973,792,False
15477,973,791,False
15478,973,790,False
15479,973,789,False
15481,973,787,False
15482,973,786,False
15484,973,784,False
15485,973,783,False
15486,973,782,False
15487,973,781,False
15488,973,780,False
15489,973,972,False
15490,973,971,False
15491,973,970,False
15492,973,969,False
15493,973,968,False
15494,973,967,False
15495,973,966,False
15496,973,803,False
15498,973,801,False
15499,973,800,False
15500,973,799,False
15501,973,798,False
15503,974,796,False
15504,974,795,False
15505,974,793,False
15506,974,789,False
15508,974,784,False
15509,974,782,False
15510,974,973,False
15511,974,972,False
15512,974,971,False
15513,974,970,False
15514,974,969,False
15515,974,968,False
15516,974,967,False
15517,974,966,False
15518,974,800,False
15519,974,799,False
15520,974,797,False
15521,975,796,False
15524,975,793,False
15525,975,791,False
15526,975,790,False
15527,975,789,False
15528,975,788,False
15529,975,787,False
15530,975,786,False
15532,975,784,False
15533,975,783,False
15534,975,782,False
15535,975,781,False
15536,975,780,False
15537,975,974,False
15538,975,973,False
15539,975,972,False
15540,975,971,False
15541,975,970,False
15542,975,969,False
15543,975,968,False
15544,975,967,False
15545,975,966,False
15546,975,803,False
15548,975,801,False
15549,975,800,False
15550,975,799,False
15551,975,798,False
15552,975,797,False
15553,976,796,False
15554,976,795,False
15555,976,794,False
15557,976,791,False
15558,976,790,False
15559,976,789,False
15560,976,788,False
15561,976,787,False
15562,976,786,False
15563,976,785,False
15564,976,784,False
15565,976,783,False
15566,976,782,False
15567,976,781,False
15568,976,780,False
15569,976,975,False
15570,976,974,False
15571,976,973,False
15572,976,972,False
15573,976,971,False
15574,976,970,False
15575,976,969,False
15576,976,968,False
15577,976,967,False
15578,976,966,False
15579,976,803,False
15581,976,801,False
15582,976,800,False
15583,976,799,False
15584,976,798,False
15585,976,797,False
15586,977,796,False
15587,977,795,False
15588,977,794,False
15590,977,787,False
15592,977,785,False
15593,977,784,False
15594,977,976,False
15595,977,975,False
15596,977,974,False
15597,977,973,False
15598,977,972,False
15599,977,971,False
15600,977,970,False
15601,977,969,False
15602,977,968,False
15603,977,967,False
15604,977,966,False
15605,977,800,False
15606,977,799,False
15607,977,797,False
15608,978,796,False
15609,978,795,False
15610,978,794,False
15611,978,793,False
15612,978,792,False
15613,978,791,False
15614,978,790,False
15615,978,789,False
15616,978,788,False
15617,978,787,False
15618,978,786,False
15619,978,785,False
15620,978,784,False
15621,978,783,False
15623,978,781,False
15624,978,780,False
15625,978,977,False
15626,978,976,False
15627,978,975,False
15628,978,974,False
15629,978,973,False
15630,978,972,False
15631,978,971,False
15632,978,970,False
15633,978,969,False
15634,978,968,False
15635,978,967,False
15636,978,966,False
15637,978,803,False
15638,978,802,False
15639,978,801,False
15640,978,800,False
15641,978,799,False
15642,978,798,False
15643,978,797,False
15644,979,753,True
15645,979,751,True
15646,979,750,True
15647,979,749,True
15648,979,748,False
15650,979,744,True
15651,979,742,True
15652,979,741,False
15653,979,740,True
15654,979,739,True
15655,979,738,True
15656,979,737,True
15657,979,736,False
15659,979,734,True
15660,979,733,False
15661,979,732,True
15662,979,731,True
15663,979,730,False
15664,979,729,True
15666,979,727,True
15667,979,726,True
15668,979,725,True
15669,979,724,True
15670,979,723,True
15671,979,722,True
15672,979,721,True
15673,979,720,True
15674,979,719,True
15675,979,718,True
15676,979,717,True
15677,979,716,True
15678,979,715,True
15679,979,714,True
15680,980,753,True
15681,980,751,True
15682,980,750,True
15683,980,749,True
15684,980,748,False
15685,980,747,True
15686,980,746,True
15687,980,745,True
15688,980,744,True
15689,980,743,True
15690,980,742,True
15691,980,741,False
15692,980,740,True
15693,980,739,True
15694,980,738,True
15696,980,735,True
15697,980,734,True
15698,980,733,False
15699,980,732,True
15700,980,731,True
15701,980,730,False
15702,980,729,True
15703,980,728,True
15704,980,727,True
15705,980,726,True
15706,980,725,True
15708,980,723,True
15709,980,722,True
15710,980,721,True
15712,980,719,True
15713,980,718,True
15714,980,717,True
15715,980,716,True
15716,980,715,True
15717,980,714,True
15718,980,677,False
15720,980,656,False
15721,980,650,False
15722,980,979,False
15723,981,753,True
15724,981,751,True
15725,981,750,True
15726,981,749,True
15727,981,748,False
15728,981,747,True
15729,981,746,True
15730,981,745,True
15731,981,744,True
15733,981,742,True
15734,981,741,False
15735,981,740,True
15736,981,739,True
15737,981,738,True
15738,981,736,False
15739,981,735,True
15740,981,734,True
15741,981,733,False
15742,981,732,True
15744,981,730,False
15745,981,729,True
15746,981,728,True
15747,981,727,True
15748,981,726,False
15749,981,725,True
15750,981,724,True
15751,981,723,True
15752,981,722,True
15753,981,721,True
15754,981,720,True
15755,981,719,True
15756,981,718,True
15758,981,715,True
15759,981,714,True
15760,981,980,False
15761,981,979,False
15762,982,753,True
15763,982,751,True
15764,982,750,True
15765,982,749,True
15766,982,748,False
15767,982,747,True
15768,982,746,True
15769,982,745,True
15770,982,744,True
15772,982,742,True
15773,982,741,False
15774,982,740,True
15775,982,739,True
15776,982,738,True
15777,982,736,False
15778,982,735,True
15779,982,734,True
15780,982,733,False
15781,982,732,True
15782,982,731,True
15783,982,730,False
15784,982,729,True
15785,982,728,True
15786,982,727,True
15787,982,726,False
15788,982,725,False
15790,982,723,False
15792,982,721,False
15793,982,720,False
15794,982,719,False
15796,982,717,False
15797,982,716,False
15798,982,715,False
15799,982,714,False
15801,982,665,False
15803,982,650,False
15804,982,981,False
15806,982,979,False
15807,983,753,True
15808,983,751,True
15809,983,750,True
15810,983,749,True
15811,983,748,False
15812,983,747,True
15813,983,746,True
15814,983,745,True
15815,983,744,True
15816,983,742,True
15817,983,741,False
15818,983,740,True
15819,983,739,True
15820,983,738,True
15821,983,737,True
15822,983,736,False
15823,983,735,True
15824,983,734,True
15825,983,733,False
15826,983,732,True
15827,983,731,True
15828,983,730,False
15829,983,729,False
15830,983,728,False
15831,983,727,False
15832,983,726,False
15833,983,725,False
15834,983,724,False
15835,983,723,False
15836,983,722,False
15837,983,721,False
15838,983,720,False
15839,983,719,False
15840,983,718,False
15841,983,717,False
15843,983,715,False
15844,983,714,False
15845,983,982,False
15846,983,981,False
15847,983,980,False
15848,983,979,False
15849,984,753,True
15850,984,751,True
15851,984,750,True
15852,984,749,True
15854,984,747,True
15855,984,746,True
15856,984,745,True
15857,984,744,True
15858,984,743,True
15859,984,742,True
15860,984,741,False
15861,984,740,True
15862,984,739,True
15863,984,738,True
15864,984,736,False
15865,984,735,True
15866,984,734,True
15867,984,733,False
15868,984,732,True
15869,984,731,True
15870,984,730,False
15871,984,729,True
15872,984,728,True
15873,984,727,True
15874,984,726,True
15875,984,725,True
15876,984,724,True
15877,984,723,True
15878,984,722,True
15880,984,720,True
15881,984,719,True
15882,984,718,True
15883,984,717,True
15884,984,716,True
15885,984,715,True
15886,984,714,True
15888,984,983,True
15889,984,982,True
15890,984,981,True
15891,984,980,True
15892,984,979,True
15894,985,751,True
15895,985,750,True
15896,985,749,True
15897,985,748,False
15898,985,747,True
15899,985,746,True
15900,985,745,True
15901,985,744,True
15902,985,743,True
15903,985,742,True
15904,985,741,False
15906,985,739,True
15907,985,738,True
15908,985,736,False
15909,985,735,True
15911,985,733,False
15912,985,732,True
15914,985,730,False
15915,985,729,True
15916,985,728,True
15917,985,727,True
15918,985,726,True
15919,985,725,True
15920,985,724,True
15921,985,723,True
15923,985,721,True
15924,985,720,True
15925,985,719,True
15926,985,718,True
15927,985,717,True
15928,985,716,True
15929,985,715,True
15930,985,714,True
15935,985,984,True
15936,985,983,True
15937,985,982,True
15938,985,981,True
15939,985,980,True
15940,985,979,True
15941,986,753,False
15942,986,751,False
15945,986,748,False
15946,986,747,False
15947,986,746,False
15948,986,745,False
15949,986,744,False
15950,986,743,False
15951,986,742,False
15952,986,741,False
15954,986,739,False
15955,986,738,False
15956,986,736,False
15957,986,735,False
15958,986,734,False
15959,986,733,False
15960,986,732,False
15961,986,731,False
15962,986,730,False
15963,986,729,False
15964,986,728,False
15965,986,727,False
15966,986,726,False
15967,986,725,False
15968,986,724,False
15969,986,723,False
15970,986,722,False
15971,986,721,False
15972,986,720,False
15973,986,719,False
15974,986,718,False
15975,986,717,False
15976,986,716,False
15977,986,715,False
15978,986,714,False
15980,986,665,False
15982,986,650,False
15983,986,985,False
15984,986,984,False
15985,986,983,False
15986,986,982,False
15987,986,981,False
15988,986,980,False
15989,986,979,False
15990,987,753,True
15991,987,751,True
15992,987,750,True
15994,987,748,False
15995,987,747,True
15996,987,746,True
15997,987,745,True
15998,987,744,True
15999,987,743,True
16000,987,742,True
16001,987,741,False
16002,987,740,True
16003,987,739,True
16004,987,738,True
16005,987,736,False
16006,987,735,True
16007,987,734,True
16008,987,733,False
16011,987,730,False
16012,987,729,False
16013,987,728,False
16014,987,727,False
16015,987,726,False
16016,987,725,False
16017,987,724,False
16018,987,723,False
16019,987,722,False
16020,987,721,False
16021,987,720,False
16022,987,719,False
16023,987,718,False
16024,987,717,False
16025,987,716,False
16026,987,715,False
16028,987,677,False
16030,987,656,False
16032,987,986,True
16033,987,985,False
16034,987,984,False
16035,987,983,False
16036,987,982,False
16037,987,981,False
16038,987,980,False
16039,987,979,False
16040,988,753,False
16041,988,751,False
16042,988,750,False
16043,988,749,False
16044,988,748,False
16045,988,747,False
16047,988,745,False
16048,988,744,False
16049,988,743,False
16050,988,742,False
16052,988,740,False
16053,988,739,False
16054,988,738,False
16055,988,737,False
16056,988,736,False
16057,988,735,False
16058,988,734,False
16059,988,733,False
16060,988,732,False
16061,988,731,False
16062,988,730,False
16063,988,729,False
16064,988,728,False
16065,988,727,False
16066,988,726,False
16067,988,725,False
16068,988,724,False
16069,988,723,False
16070,988,722,False
16071,988,721,False
16072,988,720,False
16073,988,719,False
16074,988,718,False
16075,988,717,False
16076,988,716,False
16078,988,714,False
16079,988,987,False
16080,988,986,True
16081,988,985,False
16082,988,984,False
16083,988,983,False
16084,988,982,False
16085,988,981,False
16086,988,980,False
16087,988,979,False
16088,989,753,False
16089,989,750,False
16090,989,749,False
16091,989,748,False
16092,989,744,False
16093,989,742,False
16094,989,741,False
16095,989,740,False
16096,989,736,False
16097,989,735,False
16098,989,734,False
16099,989,733,False
16100,989,730,False
16101,989,728,False
16102,989,726,False
16103,989,725,False
16104,989,724,False
16105,989,723,False
16106,989,722,False
16107,989,715,False
16108,989,988,False
16109,989,987,False
16110,989,986,False
16112,989,984,False
16113,989,983,False
16114,989,982,False
16115,989,981,False
16116,989,980,False
16117,989,979,False
16118,990,751,False
16119,990,750,False
16120,990,749,False
16121,990,748,False
16122,990,747,False
16123,990,746,False
16124,990,745,False
16125,990,742,False
16126,990,741,False
16127,990,740,False
16128,990,739,False
16129,990,738,False
16130,990,736,False
16131,990,734,False
16132,990,733,False
16133,990,732,False
16134,990,731,False
16135,990,730,False
16136,990,729,False
16137,990,728,False
16138,990,727,False
16139,990,726,False
16140,990,725,False
16141,990,723,False
16142,990,722,False
16143,990,721,False
16144,990,720,False
16145,990,718,False
16146,990,717,False
16147,990,715,False
16148,990,714,False
16149,990,989,False
16150,990,988,False
16151,990,987,False
16152,990,986,False
16153,990,985,False
16154,990,984,False
16155,990,983,False
16156,990,982,False
16157,990,981,False
16158,990,980,False
16159,990,979,False
16160,991,753,False
16161,991,750,False
16162,991,749,False
16163,991,748,False
16164,991,744,False
16165,991,742,False
16166,991,741,False
16167,991,740,False
16168,991,736,False
16169,991,735,False
16170,991,734,False
16171,991,733,False
16172,991,730,False
16173,991,728,False
16174,991,726,False
16175,991,725,False
16176,991,724,False
16177,991,723,False
16178,991,722,False
16179,991,715,False
16180,991,990,False
16181,991,989,False
16182,991,988,False
16183,991,987,False
16184,991,986,False
16185,991,985,False
16186,991,984,False
16187,991,983,False
16188,991,982,False
16189,991,981,False
16190,991,980,False
16191,991,979,False
16192,992,753,True
16193,992,751,True
16194,992,750,True
16195,992,749,True
16196,992,748,False
16199,992,745,True
16200,992,744,True
16201,992,743,True
16202,992,742,True
16203,992,741,False
16204,992,740,True
16205,992,739,True
16206,992,738,True
16207,992,736,False
16208,992,735,False
16209,992,734,False
16210,992,733,False
16211,992,732,False
16212,992,731,False
16213,992,730,False
16214,992,729,False
16215,992,728,False
16216,992,727,False
16217,992,726,False
16218,992,725,False
16219,992,724,False
16220,992,723,False
16222,992,721,False
16223,992,720,False
16224,992,719,False
16225,992,718,False
16226,992,717,False
16227,992,716,False
16228,992,715,False
16229,992,714,False
16230,992,677,False
16232,992,656,False
16234,992,991,False
16235,992,990,False
16236,992,989,False
16237,992,988,True
16238,992,987,False
16239,992,986,True
16240,992,985,False
16241,992,984,False
16242,992,983,False
16243,992,982,False
16244,992,981,False
16245,992,980,False
16247,993,753,True
16248,993,752,True
16249,993,751,True
16250,993,750,True
16251,993,749,True
16252,993,748,False
16253,993,747,True
16254,993,746,True
16255,993,745,True
16256,993,744,True
16257,993,743,True
16258,993,742,True
16260,993,740,True
16261,993,739,True
16262,993,738,True
16263,993,736,False
16264,993,735,True
16266,993,733,False
16267,993,732,True
16268,993,731,True
16269,993,730,False
16270,993,729,True
16271,993,728,True
16272,993,727,True
16273,993,726,True
16275,993,724,True
16276,993,723,True
16277,993,722,True
16278,993,721,True
16279,993,720,True
16280,993,719,True
16281,993,718,True
16282,993,717,True
16283,993,716,True
16284,993,715,True
16285,993,714,True
16286,993,992,True
16287,993,991,False
16288,993,990,False
16289,993,989,False
16290,993,988,True
16291,993,987,True
16292,993,986,True
16294,993,984,True
16295,993,983,True
16296,993,982,True
16297,993,981,True
16298,993,980,True
16299,993,979,True
16300,994,751,True
16301,994,750,True
16302,994,749,True
16303,994,748,False
16304,994,747,True
16305,994,746,True
16306,994,745,True
16307,994,743,True
16308,994,742,True
16309,994,741,False
16310,994,740,True
16311,994,739,True
16312,994,736,False
16313,994,734,True
16314,994,733,False
16315,994,732,True
16316,994,731,True
16317,994,730,False
16318,994,729,True
16319,994,728,True
16320,994,726,True
16321,994,725,True
16322,994,723,True
16323,994,722,True
16324,994,721,True
16325,994,720,True
16326,994,718,True
16328,994,716,True
16329,994,715,True
16330,994,714,True
16331,994,678,False
16333,994,992,True
16334,994,991,False
16335,994,990,False
16336,994,989,False
16337,994,988,True
16338,994,987,True
16339,994,986,True
16340,994,985,False
16341,994,984,True
16342,994,983,True
16343,994,982,True
16344,994,981,True
16345,994,980,True
16346,994,979,True
16347,995,753,True
16349,995,751,True
16350,995,750,True
16351,995,749,True
16352,995,748,False
16353,995,747,True
16354,995,746,True
16355,995,745,True
16356,995,744,True
16357,995,743,True
16358,995,742,True
16359,995,741,False
16360,995,740,True
16361,995,739,True
16362,995,738,True
16363,995,736,False
16364,995,735,True
16365,995,734,True
16366,995,733,False
16367,995,732,True
16368,995,731,True
16369,995,730,False
16370,995,729,True
16371,995,728,True
16372,995,727,True
16373,995,726,True
16374,995,725,True
16375,995,724,True
16376,995,723,True
16378,995,721,True
16379,995,720,True
16380,995,719,True
16381,995,718,True
16382,995,717,True
16383,995,716,True
16384,995,715,True
16385,995,714,True
16386,995,994,False
16387,995,993,False
16388,995,992,True
16389,995,991,False
16390,995,990,False
16391,995,989,False
16393,995,987,True
16394,995,986,True
16395,995,985,False
16396,995,984,True
16397,995,983,True
16398,995,982,True
16399,995,981,True
16400,995,980,True
16401,995,979,True
16402,996,753,True
16403,996,751,True
16404,996,750,True
16405,996,749,True
16406,996,748,False
16407,996,747,True
16408,996,746,True
16409,996,745,True
16410,996,744,True
16411,996,743,True
16412,996,742,True
16413,996,741,False
16414,996,740,True
16415,996,739,True
16416,996,738,True
16417,996,736,False
16418,996,735,True
16420,996,733,False
16421,996,732,True
16422,996,731,True
16423,996,730,False
16424,996,729,True
16425,996,728,True
16426,996,727,True
16427,996,726,True
16428,996,725,True
16429,996,724,True
16430,996,723,True
16431,996,722,True
16433,996,720,True
16435,996,718,True
16436,996,717,True
16437,996,716,True
16438,996,715,True
16439,996,714,True
16440,996,650,False
16441,996,995,False
16442,996,994,False
16443,996,993,False
16444,996,992,True
16445,996,991,False
16446,996,990,False
16447,996,989,False
16448,996,988,True
16449,996,987,True
16450,996,986,True
16451,996,985,False
16452,996,984,True
16453,996,983,True
16454,996,982,True
16455,996,981,True
16456,996,980,True
16457,996,979,True
16458,997,753,True
16459,997,752,True
16460,997,751,True
16461,997,750,True
16462,997,749,True
16463,997,748,False
16464,997,747,True
16465,997,746,True
16466,997,745,True
16467,997,744,True
16468,997,742,True
16469,997,741,False
16470,997,740,False
16471,997,739,False
16472,997,738,False
16473,997,737,False
16474,997,736,False
16475,997,735,False
16476,997,734,False
16477,997,733,False
16478,997,732,False
16479,997,731,False
16480,997,730,False
16481,997,729,False
16482,997,728,False
16484,997,726,False
16485,997,725,False
16486,997,724,False
16487,997,723,False
16488,997,722,False
16489,997,721,False
16490,997,720,False
16491,997,719,False
16492,997,718,False
16493,997,717,False
16494,997,716,False
16495,997,715,False
16497,997,996,False
16498,997,995,False
16499,997,994,False
16500,997,993,False
16501,997,992,False
16502,997,991,False
16503,997,990,False
16504,997,989,False
16505,997,988,True
16506,997,987,False
16507,997,986,True
16508,997,985,False
16509,997,984,False
16510,997,983,False
16511,997,982,False
16512,997,981,False
16513,997,980,False
16514,997,979,False
16515,998,753,True
16516,998,751,True
16517,998,750,True
16518,998,749,True
16519,998,748,False
16520,998,747,True
16521,998,746,True
16522,998,745,True
16523,998,744,True
16524,998,742,True
16525,998,741,False
16526,998,740,True
16527,998,739,True
16528,998,738,True
16529,998,736,False
16530,998,735,True
16531,998,734,True
16532,998,733,False
16533,998,732,True
16535,998,730,False
16536,998,729,True
16537,998,728,True
16538,998,727,True
16539,998,726,True
16540,998,725,True
16541,998,724,True
16542,998,723,True
16543,998,722,True
16545,998,720,True
16546,998,719,True
16547,998,718,True
16549,998,716,True
16551,998,714,True
16552,998,997,True
16553,998,996,False
16555,998,994,False
16556,998,993,False
16557,998,992,True
16558,998,991,False
16560,998,989,False
16561,998,988,True
16562,998,987,True
16563,998,986,True
16564,998,985,False
16565,998,984,True
16566,998,983,True
16567,998,982,True
16568,998,981,True
16569,998,980,True
16570,998,979,True
16571,999,751,False
16572,999,750,False
16573,999,749,False
16574,999,748,True
16575,999,747,False
16576,999,746,False
16577,999,745,False
16578,999,742,False
16579,999,741,False
16580,999,740,False
16581,999,739,False
16582,999,736,False
16583,999,734,False
16584,999,733,True
16585,999,732,False
16586,999,731,False
16587,999,730,True
16588,999,729,False
16589,999,728,False
16590,999,726,False
16591,999,725,False
16592,999,723,False
16593,999,722,False
16594,999,721,False
16595,999,720,False
16596,999,718,False
16597,999,717,False
16598,999,715,False
16599,999,714,False
16600,999,998,False
16601,999,997,False
16602,999,996,False
16603,999,995,False
16604,999,994,False
16605,999,993,False
16606,999,992,False
16607,999,991,True
16608,999,990,True
16609,999,989,True
16610,999,988,False
16611,999,987,False
16612,999,986,False
16613,999,985,False
16614,999,984,False
16615,999,983,False
16616,999,982,False
16617,999,981,False
16618,999,980,False
16619,999,979,False
16620,1000,753,True
16621,1000,751,True
16622,1000,750,True
16623,1000,749,True
16625,1000,747,False
16626,1000,746,False
16627,1000,745,False
16628,1000,744,False
16629,1000,742,False
16630,1000,741,False
16631,1000,740,False
16632,1000,739,False
16633,1000,738,False
16634,1000,737,False
16636,1000,735,False
16638,1000,733,False
16639,1000,732,False
16640,1000,731,False
16641,1000,730,False
16642,1000,729,False
16643,1000,728,False
16644,1000,727,False
16645,1000,726,False
16646,1000,725,False
16648,1000,723,False
16649,1000,722,False
16650,1000,721,False
16652,1000,719,False
16653,1000,718,False
16654,1000,717,False
16655,1000,716,False
16656,1000,715,False
16657,1000,714,False
16658,1000,999,False
16659,1000,998,False
16660,1000,997,False
16661,1000,996,False
16662,1000,995,False
16663,1000,994,False
16664,1000,993,False
16665,1000,992,False
16666,1000,991,False
16667,1000,990,False
16668,1000,989,False
16669,1000,988,True
16670,1000,987,False
16671,1000,986,True
16672,1000,985,False
16673,1000,984,False
16674,1000,983,False
16675,1000,982,False
16676,1000,981,False
16677,1000,980,False
16678,1000,979,False
16679,1001,833,False
16680,1001,832,False
16681,1001,831,False
16683,1001,829,False
16684,1001,828,False
16685,1001,827,False
16686,1001,826,False
16687,1001,825,False
16688,1001,824,False
16689,1001,823,False
16690,1001,822,False
16691,1001,821,False
16692,1001,820,False
16693,1001,819,False
16694,1001,818,False
16695,1001,817,False
16696,1001,816,False
16698,1001,814,False
16699,1001,813,False
16700,1001,812,False
16701,1001,811,False
16703,1001,809,False
16704,1001,808,False
16705,1001,807,False
16706,1002,1001,False
16707,1002,833,False
16709,1002,831,False
16710,1002,830,False
16711,1002,829,False
16712,1002,828,False
16713,1002,827,False
16714,1002,826,False
16715,1002,825,False
16716,1002,824,False
16717,1002,823,False
16718,1002,822,False
16719,1002,821,False
16720,1002,820,False
16721,1002,819,False
16722,1002,818,False
16723,1002,817,False
16724,1002,816,False
16725,1002,815,False
16726,1002,814,False
16727,1002,813,False
16728,1002,812,False
16729,1002,811,False
16730,1002,810,False
16731,1002,809,False
16733,1002,807,False
16734,1003,1002,False
16735,1003,1001,False
16736,1003,833,False
16737,1003,832,False
16738,1003,831,False
16739,1003,830,False
16740,1003,829,False
16741,1003,828,False
16742,1003,827,False
16743,1003,826,False
16744,1003,825,False
16745,1003,824,False
16746,1003,823,False
16747,1003,822,False
16748,1003,821,False
16749,1003,820,False
16750,1003,819,False
16751,1003,818,False
16752,1003,817,False
16753,1003,816,False
16755,1003,814,False
16757,1003,812,False
16758,1003,811,False
16759,1003,810,False
16760,1003,809,False
16761,1003,808,False
16762,1003,807,False
16763,1004,1003,False
16764,1004,1002,False
16765,1004,1001,False
16766,1004,833,False
16767,1004,832,False
16768,1004,831,False
16769,1004,830,False
16770,1004,829,False
16771,1004,828,False
16772,1004,827,False
16773,1004,826,False
16774,1004,825,False
16775,1004,824,False
16776,1004,823,False
16777,1004,822,False
16778,1004,821,False
16779,1004,820,False
16780,1004,819,False
16781,1004,818,False
16782,1004,817,False
16783,1004,816,False
16784,1004,815,False
16785,1004,814,False
16786,1004,813,False
16787,1004,812,False
16788,1004,811,False
16789,1004,810,False
16790,1004,809,False
16791,1004,808,False
16792,1004,807,False
16793,1005,1004,False
16794,1005,1003,False
16795,1005,1002,False
16796,1005,1001,False
16797,1005,833,False
16798,1005,832,False
16799,1005,831,False
16800,1005,830,False
16801,1005,829,False
16803,1005,827,False
16804,1005,826,False
16805,1005,825,False
16807,1005,823,False
16808,1005,822,False
16809,1005,821,False
16810,1005,820,False
16811,1005,819,False
16812,1005,818,False
16813,1005,817,False
16814,1005,816,False
16815,1005,814,False
16816,1005,813,False
16817,1005,812,False
16818,1005,811,False
16819,1005,810,False
16820,1005,809,False
16821,1005,808,False
16822,1005,807,False
16823,1006,1005,False
16824,1006,1004,False
16825,1006,1003,False
16826,1006,1002,False
16827,1006,1001,False
16828,1006,833,False
16829,1006,832,False
16830,1006,831,False
16831,1006,830,False
16832,1006,829,False
16833,1006,828,False
16834,1006,827,False
16835,1006,826,False
16836,1006,825,False
16837,1006,824,False
16838,1006,823,False
16839,1006,822,False
16840,1006,821,False
16842,1006,819,False
16843,1006,818,False
16844,1006,817,False
16845,1006,816,False
16847,1006,814,False
16848,1006,813,False
16849,1006,812,False
16851,1006,810,False
16852,1006,809,False
16853,1006,808,False
16854,1006,807,False
16855,1007,1006,False
16856,1007,1005,False
16857,1007,1004,False
16858,1007,1003,False
16859,1007,1002,False
16860,1007,1001,False
16861,1007,833,False
16862,1007,832,False
16863,1007,831,False
16864,1007,830,False
16865,1007,829,False
16866,1007,828,False
16867,1007,827,False
16868,1007,826,False
16869,1007,825,False
16870,1007,824,False
16871,1007,823,False
16872,1007,822,False
16873,1007,821,False
16874,1007,820,False
16875,1007,819,False
16876,1007,818,False
16877,1007,817,False
16878,1007,816,False
16879,1007,814,False
16880,1007,813,False
16881,1007,812,False
16882,1007,811,False
16883,1007,810,False
16884,1007,809,False
16885,1007,808,False
16886,1007,807,False
16887,1008,1007,False
16888,1008,1006,False
16889,1008,1005,False
16890,1008,1004,False
16891,1008,1003,False
16892,1008,1002,False
16893,1008,1001,False
16894,1008,833,False
16895,1008,832,False
16896,1008,831,False
16897,1008,830,False
16898,1008,829,False
16899,1008,828,False
16900,1008,827,False
16901,1008,826,False
16902,1008,825,False
16903,1008,824,False
16904,1008,823,False
16905,1008,822,False
16906,1008,821,False
16907,1008,820,False
16908,1008,819,False
16909,1008,818,False
16910,1008,817,False
16911,1008,816,False
16912,1008,814,False
16913,1008,813,False
16914,1008,812,False
16916,1008,810,False
16917,1008,809,False
16919,1008,807,False
16921,1009,1008,False
16922,1009,1007,False
16923,1009,1006,False
16924,1009,1005,False
16925,1009,1004,False
16926,1009,1003,False
16927,1009,1002,False
16928,1009,1001,False
16929,1009,833,False
16930,1009,832,False
16931,1009,831,False
16932,1009,830,False
16933,1009,829,False
16934,1009,828,False
16935,1009,827,False
16936,1009,826,False
16937,1009,825,False
16938,1009,824,False
16939,1009,823,False
16940,1009,822,False
16941,1009,821,False
16942,1009,820,False
16943,1009,819,False
16944,1009,818,False
16945,1009,817,False
16946,1009,816,False
16947,1009,815,False
16948,1009,814,False
16949,1009,813,False
16950,1009,812,False
16951,1009,811,False
16952,1009,810,False
16953,1009,809,False
16954,1009,808,False
16955,1009,807,False
16956,1010,1009,False
16957,1010,1008,False
16958,1010,1007,False
16959,1010,1006,False
16961,1010,1004,False
16962,1010,1003,False
16963,1010,1002,False
16964,1010,1001,False
16965,1010,833,False
16966,1010,832,False
16969,1010,829,False
16970,1010,828,False
16971,1010,827,False
16972,1010,826,False
16973,1010,825,False
16974,1010,824,False
16975,1010,823,False
16976,1010,822,False
16977,1010,821,False
16978,1010,820,False
16979,1010,819,False
16980,1010,818,False
16981,1010,817,False
16982,1010,816,False
16983,1010,815,False
16984,1010,814,False
16985,1010,813,False
16986,1010,812,False
16987,1010,811,False
16988,1010,810,False
16989,1010,809,False
16992,1011,248,False
16993,1011,1010,False
16994,1011,1009,False
16995,1011,1008,False
16996,1011,1007,False
16997,1011,1006,False
16998,1011,1005,False
16999,1011,1004,False
17000,1011,1003,False
17001,1011,1002,False
17002,1011,1001,False
17003,1011,833,False
17004,1011,832,False
17005,1011,831,False
17006,1011,830,False
17007,1011,829,False
17008,1011,828,False
17009,1011,827,False
17010,1011,826,False
17011,1011,825,False
17012,1011,824,False
17013,1011,823,False
17014,1011,822,False
17015,1011,821,False
17016,1011,820,False
17017,1011,819,False
17018,1011,818,False
17019,1011,817,False
17020,1011,816,False
17021,1011,815,False
17022,1011,814,False
17023,1011,813,False
17024,1011,812,False
17025,1011,811,False
17026,1011,810,False
17027,1011,809,False
17028,1011,808,False
17029,1011,807,False
17030,1012,1011,False
17031,1012,1010,False
17032,1012,1009,False
17033,1012,1008,False
17034,1012,1007,False
17035,1012,1006,False
17036,1012,1005,False
17037,1012,1004,False
17038,1012,1003,False
17039,1012,1002,False
17040,1012,1001,False
17041,1012,833,False
17042,1012,831,False
17043,1012,830,False
17044,1012,829,False
17045,1012,827,False
17046,1012,826,False
17047,1012,825,False
17048,1012,824,False
17049,1012,822,False
17050,1012,821,False
17051,1012,820,False
17052,1012,819,False
17053,1012,818,False
17054,1012,817,False
17055,1012,816,False
17056,1012,814,False
17057,1012,813,False
17058,1012,812,False
17059,1012,811,False
17060,1012,810,False
17061,1012,809,False
17062,1012,808,False
17063,1014,1013,False
17064,1015,1014,False
17065,1015,1013,False
17068,1015,990,False
17072,1015,979,False
17073,1016,1015,True
17074,1016,1014,True
17075,1016,1013,True
17076,1017,261,False
17077,1017,260,False
17078,1017,259,False
17079,1017,258,False
17081,1017,256,False
17082,1017,255,True
17083,1017,254,True
17084,1017,253,True
17085,1017,252,True
17086,1017,251,True
17087,1017,250,True
17089,1017,248,False
17090,1017,247,False
17091,1017,246,False
17092,1017,245,False
17093,1017,244,False
17094,1017,243,False
17096,1017,241,False
17097,1017,922,False
17098,1017,921,False
17099,1017,920,False
17100,1017,919,False
17101,1017,918,False
17102,1017,917,False
17103,1017,916,False
17104,1017,915,False
17106,1017,912,False
17107,1017,911,False
17108,1017,910,False
17109,1017,909,False
17110,1017,908,False
17111,1017,907,False
17112,1017,906,False
17113,1017,905,False
17114,1017,904,False
17115,1018,903,False
17116,1018,887,False
17117,1019,1018,False
17118,1019,903,False
17119,1019,887,False
17120,1020,1019,False
17121,1020,1018,False
17122,1020,903,False
17123,1020,887,False
17124,1022,1021,False
17125,1023,1022,False
17126,1023,1021,False
17127,1024,1023,True
17128,1024,1022,True
17129,1024,1021,True
17131,1025,1023,True
17132,1025,1022,True
17133,1025,1021,True
17134,1026,1025,False
17135,1026,1024,False
17136,1026,1023,True
17137,1026,1022,True
17138,1026,1021,True
17139,1027,1026,False
17140,1027,1025,False
17142,1027,1023,True
17143,1027,1022,True
17144,1027,1021,True
17145,1028,1027,False
17146,1028,1026,False
17147,1028,1025,False
17148,1028,1024,False
17149,1028,1023,True
17150,1028,1022,True
17151,1028,1021,True
17152,1029,1028,False
17153,1029,1027,False
17154,1029,1026,False
17155,1029,1025,False
17156,1029,1024,False
17158,1029,1022,True
17159,1029,1021,True
17160,1030,1029,False
17161,1030,1028,False
17162,1030,1027,False
17163,1030,1026,False
17164,1030,1025,False
17165,1030,1024,False
17166,1030,1023,True
17167,1030,1022,True
17168,1030,1021,True
17169,1032,1031,False
17170,1033,1032,False
17171,1033,1031,False
17172,1034,1033,False
17173,1034,1032,False
17174,1034,1031,False
17175,1035,1034,False
17177,1035,1032,False
17178,1035,1031,False
17179,1036,1035,False
17180,1036,1034,False
17181,1036,1033,False
17182,1036,1032,False
17183,1036,1031,False
17184,1037,1036,False
17185,1037,1035,False
17186,1037,1034,False
17187,1037,1033,False
17188,1037,1032,False
17189,1037,1031,False
17190,1038,1037,False
17191,1038,1036,False
17192,1038,1035,False
17193,1038,1034,False
17194,1038,1033,False
17195,1038,1032,False
17196,1038,1031,False
17197,1039,1038,False
17198,1039,1037,False
17199,1039,1036,False
17200,1039,1035,False
17201,1039,1034,False
17202,1039,1033,False
17203,1039,1032,False
17205,1040,1039,False
17206,1040,1038,False
17207,1040,1037,False
17208,1040,1036,False
17209,1040,1035,False
17210,1040,1034,False
17211,1040,1033,False
17212,1040,1032,False
17213,1040,1031,False
17214,1042,1041,False
17215,1043,1042,False
17216,1043,1041,False
17217,1044,1043,False
17218,1044,1042,False
17220,1045,1044,False
17221,1045,1043,False
17222,1045,1042,False
17223,1045,1041,False
17224,1046,1030,False
17225,1046,1029,False
17226,1046,1028,False
17227,1046,1027,False
17228,1046,1026,False
17229,1046,1025,False
17230,1046,1024,False
17231,1046,1023,True
17232,1046,1022,True
17233,1046,1021,True
17234,1047,1046,False
17235,1047,1030,False
17236,1047,1029,False
17237,1047,1028,False
17238,1047,1027,False
17239,1047,1026,False
17240,1047,1025,False
17241,1047,1024,False
17242,1047,1023,True
17243,1047,1022,True
17247,1049,1046,False
17248,1049,1030,False
17249,1049,1029,False
17250,1049,1028,False
17251,1049,1027,False
17252,1049,1026,False
17253,1049,1025,False
17254,1049,1024,False
17255,1049,1023,True
17256,1049,1022,True
17257,1049,1021,True
17258,1050,1049,False
17259,1050,1047,False
17260,1050,1046,False
17261,1050,1030,False
17262,1050,1029,False
17263,1050,1028,False
17264,1050,1027,False
17265,1050,1026,False
17266,1050,1025,False
17267,1050,1024,False
17268,1050,1023,True
17269,1050,1022,True
17270,1050,1021,True
17271,1051,1050,False
17272,1051,1049,False
17273,1051,1047,False
17274,1051,1046,False
17275,1051,1030,False
17276,1051,1029,False
17277,1051,1028,False
17278,1051,1027,False
17279,1051,1026,False
17280,1051,1025,False
17281,1051,1024,False
17282,1051,1023,True
17283,1051,1022,True
17284,1051,1021,True
17285,1053,1052,False
17286,1054,1053,False
17287,1054,1052,False
17288,1055,1054,False
17289,1055,1053,False
17290,1055,1052,False
17291,1057,1056,False
17294,1061,1060,False
17295,1062,1061,False
17296,1062,1060,False
17297,1063,1062,False
17298,1063,1061,False
17299,1063,1060,False
17301,1064,1062,False
17302,1064,1061,False
17303,1064,1060,False
17304,1065,1064,False
17305,1065,1063,False
17306,1065,1062,False
17307,1065,1061,False
17308,1065,1060,False
17309,1066,1065,False
17310,1066,1064,False
17311,1066,1063,False
17312,1066,1062,False
17313,1066,1061,False
17314,1066,1060,False
17315,1067,1066,False
17316,1067,1065,False
17317,1067,1064,False
17318,1067,1063,False
17319,1067,1062,False
17320,1067,1061,False
17321,1067,1060,False
17322,1068,1067,False
17323,1068,1066,False
17324,1068,1065,False
17325,1068,1064,False
17326,1068,1063,False
17327,1068,1062,False
17328,1068,1061,False
17329,1068,1060,False
17330,1069,1068,False
17331,1069,1067,False
17332,1069,1066,False
17333,1069,1065,False
17334,1069,1064,False
17335,1069,1063,False
17336,1069,1062,False
17337,1069,1061,False
17338,1069,1060,False
17339,1070,1069,False
17340,1070,1068,False
17341,1070,1067,False
17342,1070,1066,False
17343,1070,1065,False
17344,1070,1064,False
17345,1070,1063,False
17346,1070,1062,False
17347,1070,1061,False
17348,1070,1060,False
17349,1071,1070,False
17350,1071,1069,False
17351,1071,1068,False
17352,1071,1067,False
17353,1071,1066,False
17354,1071,1065,False
17355,1071,1064,False
17356,1071,1063,False
17357,1071,1062,False
17358,1071,1061,False
17359,1071,1060,False
17360,1072,1071,False
17361,1072,1070,False
17362,1072,1069,False
17363,1072,1068,False
17364,1072,1067,False
17365,1072,1066,False
17366,1072,1065,False
17367,1072,1064,False
17368,1072,1063,False
17369,1072,1062,False
17370,1072,1061,False
17371,1072,1060,False
17372,1073,1072,False
17373,1073,1071,False
17374,1073,1070,False
17375,1073,1069,False
17376,1073,1068,False
17377,1073,1067,False
17378,1073,1066,False
17379,1073,1065,False
17380,1073,1064,False
17381,1073,1063,False
17382,1073,1062,False
17383,1073,1061,False
17384,1073,1060,False
17385,1074,1073,False
17386,1074,1072,False
17387,1074,1071,False
17388,1074,1070,False
17389,1074,1069,False
17390,1074,1068,False
17391,1074,1067,False
17392,1074,1066,False
17393,1074,1065,False
17394,1074,1064,False
17395,1074,1063,False
17396,1074,1062,False
17397,1074,1061,False
17398,1074,1060,False
17399,1075,1074,False
17400,1075,1073,False
17401,1075,1072,False
17402,1075,1071,False
17403,1075,1070,False
17404,1075,1069,False
17405,1075,1068,False
17406,1075,1067,False
17407,1075,1066,False
17408,1075,1065,False
17409,1075,1064,False
17410,1075,1063,False
17411,1075,1062,False
17412,1075,1061,False
17413,1075,1060,False
17414,1076,1075,False
17415,1076,1074,False
17416,1076,1073,False
17417,1076,1072,False
17418,1076,1071,False
17419,1076,1070,False
17420,1076,1069,False
17421,1076,1068,False
17422,1076,1067,False
17423,1076,1066,False
17424,1076,1065,False
17425,1076,1064,False
17426,1076,1063,False
17427,1076,1062,False
17428,1076,1061,False
17429,1076,1060,False
17430,1077,1076,False
17431,1077,1075,False
17432,1077,1074,False
17433,1077,1073,False
17434,1077,1072,False
17435,1077,1071,False
17436,1077,1070,False
17437,1077,1069,False
17438,1077,1068,False
17439,1077,1067,False
17440,1077,1066,False
17441,1077,1065,False
17442,1077,1064,False
17443,1077,1063,False
17444,1077,1062,False
17445,1077,1061,False
17446,1077,1060,False
17447,1078,1077,False
17448,1078,1076,False
17449,1078,1075,False
17450,1078,1074,False
17451,1078,1073,False
17452,1078,1072,False
17453,1078,1071,False
17454,1078,1070,False
17455,1078,1069,False
17456,1078,1068,False
17457,1078,1067,False
17458,1078,1066,False
17459,1078,1065,False
17460,1078,1064,False
17461,1078,1063,False
17462,1078,1062,False
17463,1078,1061,False
17464,1078,1060,False
17465,1079,1078,False
17466,1079,1077,False
17467,1079,1076,False
17468,1079,1075,False
17469,1079,1074,False
17470,1079,1073,False
17471,1079,1072,False
17472,1079,1071,False
17473,1079,1070,False
17474,1079,1069,False
17475,1079,1068,False
17476,1079,1067,False
17477,1079,1066,False
17478,1079,1065,False
17479,1079,1064,False
17480,1079,1063,False
17481,1079,1062,False
17482,1079,1061,False
17483,1079,1060,False
17484,1080,1079,False
17485,1080,1078,False
17486,1080,1077,False
17487,1080,1076,False
17488,1080,1075,False
17489,1080,1074,False
17490,1080,1073,False
17491,1080,1072,False
17492,1080,1071,False
17493,1080,1070,False
17494,1080,1069,False
17495,1080,1068,False
17496,1080,1067,False
17497,1080,1066,False
17498,1080,1065,False
17499,1080,1064,False
17500,1080,1063,False
17501,1080,1062,False
17502,1080,1061,False
17503,1080,1060,False
17504,1081,517,False
17505,1081,512,False
17508,1081,503,False
17509,1081,497,False
17512,1083,1082,False
17514,1084,1083,False
17515,1084,1082,False
17516,1085,1084,False
17517,1085,1083,False
17518,1085,1082,False
17519,1086,1085,False
17520,1086,1084,False
17521,1086,1083,False
17522,1086,1082,False
17524,1087,1086,False
17525,1087,1085,False
17526,1087,1084,False
17527,1087,1083,False
17528,1087,1082,False
17529,1088,1087,True
17530,1088,1086,True
17531,1088,1085,True
17532,1088,1084,True
17533,1088,1083,True
17534,1088,1082,True
17535,1089,796,False
17536,1090,1089,False
17538,1091,1090,False
17539,1091,1089,False
17540,1092,1091,False
17541,1092,1090,False
17542,1092,1089,False
17543,1093,438,False
17544,1093,436,False
17545,1093,1092,False
17546,1093,1091,False
17547,1093,1090,False
17548,1093,1089,False
17549,1094,438,False
17550,1094,436,False
17551,1094,1093,False
17552,1094,1092,False
17553,1094,1091,False
17554,1094,1090,False
17555,1094,1089,False
17556,1095,1094,False
17557,1095,1093,False
17558,1095,1092,False
17559,1095,1091,False
17560,1095,1090,False
17561,1095,1089,False
17563,1096,1094,False
17564,1096,1093,False
17565,1096,1092,False
17566,1096,1091,False
17567,1096,1090,False
17568,1096,1089,False
17569,1097,793,False
17571,1097,436,False
17572,1097,1096,False
17573,1097,1095,False
17574,1097,1094,False
17575,1097,1093,False
17576,1097,1092,False
17577,1097,1091,False
17578,1097,1090,False
17579,1097,1089,False
17580,1097,800,False
17581,1098,438,False
17582,1098,1097,False
17583,1098,1096,False
17584,1098,1095,False
17585,1098,1094,False
17586,1098,1093,False
17587,1098,1092,False
17588,1098,1091,False
17589,1098,1090,False
17590,1098,1089,False
17591,1099,1098,False
17592,1099,1097,False
17593,1099,1096,False
17594,1099,1095,False
17595,1099,1094,False
17596,1099,1093,False
17597,1099,1092,False
17598,1099,1091,False
17599,1099,1090,False
17600,1099,1089,False
17601,1100,1099,False
17602,1100,1098,False
17603,1100,1097,False
17604,1100,1096,False
17605,1100,1095,False
17606,1100,1094,False
17607,1100,1093,False
17608,1100,1092,False
17609,1100,1091,False
17610,1100,1090,False
17611,1100,1089,False
17614,1101,1100,False
17615,1101,1099,False
17616,1101,1098,False
17617,1101,1097,False
17618,1101,1096,False
17619,1101,1095,False
17620,1101,1094,False
17621,1101,1093,False
17622,1101,1092,False
17623,1101,1091,False
17624,1101,1090,False
17625,1101,1089,False
17627,1102,1101,False
17628,1102,1100,False
17629,1102,1099,False
17630,1102,1098,False
17631,1102,1097,False
17632,1102,1096,False
17633,1102,1095,False
17634,1102,1094,False
17635,1102,1093,False
17636,1102,1092,False
17637,1102,1091,False
17638,1102,1090,False
17639,1102,1089,False
17640,1103,1102,False
17641,1103,1101,False
17642,1103,1100,False
17643,1103,1099,False
17644,1103,1098,False
17645,1103,1097,False
17646,1103,1096,False
17647,1103,1095,False
17648,1103,1094,False
17649,1103,1093,False
17650,1103,1092,False
17651,1103,1091,False
17652,1103,1090,False
17653,1103,1089,False
17654,1104,1103,False
17655,1104,1102,False
17656,1104,1101,False
17657,1104,1100,False
17658,1104,1099,False
17659,1104,1098,False
17660,1104,1097,False
17661,1104,1096,False
17662,1104,1095,False
17663,1104,1094,False
17664,1104,1093,False
17665,1104,1092,False
17666,1104,1091,False
17667,1104,1090,False
17668,1104,1089,False
17670,1106,1105,False
17672,1107,1106,False
17673,1107,1105,False
17675,1108,1107,False
17676,1108,1106,False
17677,1108,1105,False
17678,1109,1108,False
17679,1109,1107,False
17680,1109,1106,False
17681,1109,1105,False
17682,1109,1093,False
17684,1110,1109,False
17685,1110,1108,False
17686,1110,1107,False
17687,1110,1106,False
17688,1110,1105,False
17694,1111,733,False
17697,1111,1110,False
17698,1111,1109,False
17699,1111,1108,False
17700,1111,1107,False
17701,1111,1106,False
17702,1111,1105,False
17703,1112,1111,False
17704,1112,1110,False
17705,1112,1109,False
17706,1112,1108,False
17707,1112,1107,False
17708,1112,1106,False
17709,1112,1105,False
17713,1113,1112,False
17714,1113,1111,False
17715,1113,1110,False
17716,1113,1109,False
17717,1113,1108,False
17718,1113,1107,False
17719,1113,1106,False
17720,1113,1105,False
17727,1114,1113,False
17728,1114,1112,False
17729,1114,1111,False
17730,1114,1110,False
17731,1114,1109,False
17732,1114,1108,False
17733,1114,1107,False
17734,1114,1106,False
17735,1114,1105,False
17736,1114,1093,False
17739,1115,719,False
17740,1115,1114,False
17741,1115,1113,False
17742,1115,1112,False
17743,1115,1111,False
17744,1115,1110,False
17745,1115,1109,False
17746,1115,1108,False
17747,1115,1107,False
17748,1115,1106,False
17749,1115,1105,False
17755,1116,1115,False
17756,1116,1114,False
17757,1116,1113,False
17758,1116,1112,False
17759,1116,1111,False
17760,1116,1110,False
17761,1116,1109,False
17762,1116,1108,False
17763,1116,1107,False
17764,1116,1106,False
17765,1116,1105,False
17766,1117,1116,False
17767,1117,1115,False
17768,1117,1114,False
17769,1117,1113,False
17770,1117,1112,False
17771,1117,1111,False
17772,1117,1110,False
17773,1117,1109,False
17774,1117,1108,False
17775,1117,1107,False
17776,1117,1106,False
17777,1117,1105,False
17780,1118,737,False
17781,1118,732,False
17784,1118,1117,False
17785,1118,1116,False
17786,1118,1115,False
17787,1118,1114,False
17788,1118,1113,False
17789,1118,1112,False
17790,1118,1111,False
17791,1118,1110,False
17793,1118,1108,False
17794,1118,1107,False
17795,1118,1106,False
17796,1118,1105,False
17797,1118,1093,False
17798,1119,724,False
17799,1119,1118,False
17800,1119,1117,False
17801,1119,1116,False
17802,1119,1115,False
17803,1119,1114,False
17804,1119,1113,False
17805,1119,1112,False
17806,1119,1111,False
17807,1119,1110,False
17808,1119,1109,False
17809,1119,1108,False
17810,1119,1107,False
17811,1119,1106,False
17812,1119,1105,False
17813,1119,1093,False
17814,1121,1120,False
17815,1122,1119,False
17816,1122,1118,False
17817,1122,1117,False
17818,1122,1116,False
17819,1122,1115,False
17820,1122,1114,False
17821,1122,1113,False
17822,1122,1112,False
17823,1122,1111,False
17824,1122,1110,False
17825,1122,1109,False
17826,1122,1108,False
17827,1122,1107,False
17828,1122,1106,False
17829,1122,1105,False
17830,1123,1122,False
17831,1123,1119,False
17832,1123,1118,False
17833,1123,1117,False
17834,1123,1116,False
17835,1123,1115,False
17836,1123,1114,False
17837,1123,1113,False
17838,1123,1112,False
17839,1123,1111,False
17840,1123,1110,False
17841,1123,1109,False
17842,1123,1108,False
17843,1123,1107,False
17845,1123,1105,False
17847,1124,1122,False
17848,1124,1119,False
17849,1124,1118,False
17850,1124,1117,False
17851,1124,1116,False
17852,1124,1115,False
17853,1124,1114,False
17854,1124,1113,False
17855,1124,1112,False
17856,1124,1111,False
17857,1124,1110,False
17858,1124,1109,False
17859,1124,1108,False
17860,1124,1107,False
17861,1124,1106,False
17862,1124,1105,False
17863,1125,1124,False
17864,1125,1123,False
17865,1125,1122,False
17866,1125,1119,False
17867,1125,1118,False
17868,1125,1117,False
17869,1125,1116,False
17870,1125,1115,False
17871,1125,1114,False
17872,1125,1113,False
17873,1125,1112,False
17874,1125,1111,False
17875,1125,1110,False
17876,1125,1109,False
17877,1125,1108,False
17878,1125,1107,False
17879,1125,1106,False
17880,1125,1105,False
17881,1126,1125,False
17882,1126,1124,False
17883,1126,1123,False
17884,1126,1122,False
17885,1126,1119,False
17886,1126,1118,False
17887,1126,1117,False
17888,1126,1116,False
17889,1126,1115,False
17890,1126,1114,False
17891,1126,1113,False
17892,1126,1112,False
17893,1126,1111,False
17894,1126,1110,False
17895,1126,1109,False
17896,1126,1108,False
17897,1126,1107,False
17898,1126,1106,False
17899,1126,1105,False
17900,1127,1126,False
17901,1127,1125,False
17902,1127,1124,False
17903,1127,1123,False
17904,1127,1122,False
17905,1127,1119,False
17906,1127,1118,False
17907,1127,1117,False
17908,1127,1116,False
17909,1127,1115,False
17910,1127,1114,False
17911,1127,1113,False
17912,1127,1112,False
17913,1127,1111,False
17914,1127,1110,False
17915,1127,1109,False
17916,1127,1108,False
17917,1127,1107,False
17918,1127,1106,False
17919,1127,1105,False
17920,1128,1127,False
17921,1128,1126,False
17922,1128,1125,False
17923,1128,1124,False
17924,1128,1123,False
17925,1128,1122,False
17926,1128,1119,False
17927,1128,1118,False
17929,1128,1116,False
17931,1128,1114,False
17932,1128,1113,False
17933,1128,1112,False
17934,1128,1111,False
17935,1128,1110,False
17936,1128,1109,False
17937,1128,1108,False
17938,1128,1107,False
17939,1128,1106,False
17940,1128,1105,False
17941,1129,1128,False
17942,1129,1127,False
17943,1129,1126,False
17944,1129,1125,False
17945,1129,1124,False
17946,1129,1123,False
17947,1129,1122,False
17948,1129,1119,False
17949,1129,1118,False
17950,1129,1117,False
17951,1129,1116,False
17952,1129,1115,False
17954,1129,1113,False
17955,1129,1112,False
17956,1129,1111,False
17958,1129,1109,False
17959,1129,1108,False
17960,1129,1107,False
17961,1129,1106,False
17962,1129,1105,False
17963,1130,1129,False
17964,1130,1128,False
17965,1130,1127,False
17966,1130,1126,False
17967,1130,1125,False
17968,1130,1124,False
17969,1130,1123,False
17970,1130,1122,False
17971,1130,1119,False
17972,1130,1118,False
17973,1130,1117,False
17974,1130,1116,False
17975,1130,1115,False
17976,1130,1114,False
17977,1130,1113,False
17978,1130,1112,False
17979,1130,1111,False
17980,1130,1110,False
17981,1130,1109,False
17982,1130,1108,False
17983,1130,1107,False
17984,1130,1106,False
17985,1130,1105,False
17986,1130,1093,False
17987,1131,1130,False
17988,1131,1129,False
17989,1131,1128,False
17990,1131,1127,False
17991,1131,1126,False
17992,1131,1125,False
17993,1131,1124,False
17994,1131,1123,False
17995,1131,1122,False
17996,1131,1119,False
17997,1131,1118,False
17998,1131,1117,False
17999,1131,1116,False
18001,1131,1114,False
18002,1131,1113,False
18003,1131,1112,False
18004,1131,1111,False
18005,1131,1110,False
18006,1131,1109,False
18007,1131,1108,False
18008,1131,1107,False
18009,1131,1106,False
18010,1131,1105,False
18011,1132,1105,False
18012,1132,1106,False
18013,1132,1107,False
18014,1132,1131,False
18015,1132,1130,False
18016,1132,1129,False
18017,1132,1128,False
18018,1132,1127,False
18019,1132,1126,False
18020,1132,1125,False
18021,1132,1124,False
18022,1132,1123,False
18023,1132,1122,False
18024,1132,1119,False
18025,1132,1118,False
18026,1132,1117,False
18027,1132,1116,False
18028,1132,1114,False
18029,1132,1113,False
18030,1132,1110,False
18031,1132,1109,False
18032,1132,1108,False
18033,1133,1132,False
18034,1133,1131,False
18035,1133,1130,False
18036,1133,1129,False
18037,1133,1128,False
18038,1133,1127,False
18039,1133,1126,False
18040,1133,1125,False
18041,1133,1124,False
18042,1133,1123,False
18043,1133,1122,False
18044,1133,1119,False
18045,1133,1118,False
18046,1133,1117,False
18048,1133,1115,False
18049,1133,1114,False
18050,1133,1113,False
18051,1133,1112,False
18052,1133,1111,False
18053,1133,1110,False
18055,1133,1108,False
18056,1133,1107,False
18057,1133,1106,False
18058,1133,1105,False
18059,1134,1133,False
18060,1134,1132,False
18061,1134,1131,False
18062,1134,1130,False
18063,1134,1129,False
18064,1134,1128,False
18065,1134,1127,False
18066,1134,1126,False
18067,1134,1125,False
18068,1134,1124,False
18069,1134,1123,False
18070,1134,1122,False
18071,1134,1119,False
18072,1134,1118,False
18073,1134,1117,False
18074,1134,1116,False
18075,1134,1115,False
18076,1134,1114,False
18077,1134,1113,False
18078,1134,1112,False
18079,1134,1111,False
18080,1134,1110,False
18081,1134,1109,False
18082,1134,1108,False
18083,1134,1107,False
18084,1134,1106,False
18085,1134,1105,False
18086,1135,1134,False
18087,1135,1133,False
18088,1135,1132,False
18089,1135,1131,False
18090,1135,1130,False
18091,1135,1129,False
18092,1135,1128,False
18093,1135,1127,False
18094,1135,1126,False
18095,1135,1125,False
18096,1135,1124,False
18097,1135,1123,False
18098,1135,1122,False
18099,1135,1119,False
18100,1135,1118,False
18101,1135,1117,False
18102,1135,1116,False
18103,1135,1115,False
18104,1135,1114,False
18105,1135,1113,False
18106,1135,1112,False
18107,1135,1111,False
18108,1135,1110,False
18109,1135,1109,False
18110,1135,1108,False
18111,1135,1107,False
18112,1135,1106,False
18113,1135,1105,False
18114,1135,1093,False
18115,1136,1135,False
18116,1136,1134,False
18117,1136,1133,False
18118,1136,1132,False
18119,1136,1131,False
18120,1136,1130,False
18121,1136,1129,False
18123,1136,1127,False
18124,1136,1126,False
18125,1136,1125,False
18126,1136,1124,False
18127,1136,1123,False
18128,1136,1122,False
18129,1136,1119,False
18130,1136,1118,False
18131,1136,1117,False
18132,1136,1116,False
18133,1136,1115,False
18134,1136,1114,False
18135,1136,1113,False
18136,1136,1112,False
18137,1136,1111,False
18138,1136,1110,False
18139,1136,1109,False
18140,1136,1108,False
18142,1136,1106,False
18143,1136,1105,False
18144,1137,1136,False
18145,1137,1135,False
18146,1137,1134,False
18147,1137,1133,False
18148,1137,1132,False
18149,1137,1131,False
18150,1137,1130,False
18151,1137,1129,False
18152,1137,1128,False
18153,1137,1127,False
18154,1137,1126,False
18155,1137,1125,False
18156,1137,1124,False
18157,1137,1123,False
18158,1137,1122,False
18159,1137,1119,False
18160,1137,1118,False
18161,1137,1117,False
18162,1137,1116,False
18163,1137,1115,False
18164,1137,1114,False
18165,1137,1113,False
18166,1137,1112,False
18167,1137,1111,False
18168,1137,1110,False
18169,1137,1109,False
18170,1137,1108,False
18171,1137,1107,False
18172,1137,1106,False
18173,1137,1105,False
18174,1138,1137,False
18175,1138,1136,False
18176,1138,1135,False
18177,1138,1134,False
18178,1138,1133,False
18179,1138,1132,False
18180,1138,1131,False
18181,1138,1130,False
18182,1138,1129,False
18183,1138,1128,False
18184,1138,1127,False
18185,1138,1126,False
18186,1138,1125,False
18187,1138,1124,False
18188,1138,1123,False
18189,1138,1122,False
18190,1138,1119,False
18191,1138,1118,False
18192,1138,1117,False
18194,1138,1115,False
18195,1138,1114,False
18196,1138,1113,False
18197,1138,1112,False
18198,1138,1111,False
18199,1138,1110,False
18200,1138,1109,False
18201,1138,1108,False
18202,1138,1107,False
18203,1138,1106,False
18204,1138,1105,False
18205,1139,1138,False
18206,1139,1137,False
18207,1139,1136,False
18208,1139,1135,False
18209,1139,1134,False
18210,1139,1133,False
18211,1139,1132,False
18212,1139,1131,False
18213,1139,1130,False
18214,1139,1129,False
18215,1139,1128,False
18216,1139,1127,False
18217,1139,1126,False
18218,1139,1125,False
18219,1139,1124,False
18220,1139,1123,False
18221,1139,1122,False
18223,1139,1118,False
18224,1139,1117,False
18225,1139,1116,False
18226,1139,1115,False
18227,1139,1114,False
18228,1139,1113,False
18229,1139,1112,False
18230,1139,1111,False
18231,1139,1110,False
18232,1139,1109,False
18233,1139,1108,False
18234,1139,1107,False
18235,1139,1106,False
18236,1139,1105,False
18237,1139,1093,False
18238,1140,1139,False
18239,1140,1138,False
18240,1140,1137,False
18241,1140,1136,False
18242,1140,1135,False
18243,1140,1134,False
18244,1140,1133,False
18245,1140,1132,False
18246,1140,1131,False
18247,1140,1130,False
18248,1140,1129,False
18249,1140,1128,False
18250,1140,1127,False
18251,1140,1126,False
18252,1140,1125,False
18253,1140,1124,False
18254,1140,1123,False
18255,1140,1122,False
18256,1140,1119,False
18257,1140,1118,False
18258,1140,1117,False
18259,1140,1116,False
18260,1140,1115,False
18261,1140,1114,False
18262,1140,1113,False
18263,1140,1112,False
18265,1140,1110,False
18266,1140,1109,False
18267,1140,1108,False
18268,1140,1107,False
18269,1140,1106,False
18270,1140,1105,False
18271,1140,1093,False
18272,1141,1140,False
18273,1141,1139,False
18274,1141,1138,False
18275,1141,1137,False
18276,1141,1136,False
18277,1141,1135,False
18278,1141,1134,False
18279,1141,1133,False
18280,1141,1132,False
18281,1141,1131,False
18282,1141,1130,False
18283,1141,1129,False
18284,1141,1128,False
18285,1141,1127,False
18286,1141,1126,False
18287,1141,1125,False
18288,1141,1124,False
18289,1141,1123,False
18290,1141,1122,False
18291,1141,1119,False
18292,1141,1118,False
18293,1141,1117,False
18294,1141,1116,False
18295,1141,1115,False
18296,1141,1114,False
18297,1141,1113,False
18298,1141,1112,False
18299,1141,1111,False
18300,1141,1110,False
18301,1141,1109,False
18302,1141,1108,False
18303,1141,1107,False
18304,1141,1106,False
18305,1141,1105,False
18306,1142,1141,False
18307,1142,1140,False
18308,1142,1139,False
18309,1142,1138,False
18310,1142,1137,False
18311,1142,1136,False
18312,1142,1135,False
18313,1142,1134,False
18314,1142,1133,False
18315,1142,1132,False
18316,1142,1131,False
18317,1142,1130,False
18318,1142,1129,False
18319,1142,1128,False
18320,1142,1127,False
18321,1142,1126,False
18322,1142,1125,False
18323,1142,1124,False
18324,1142,1123,False
18325,1142,1122,False
18326,1142,1119,False
18327,1142,1118,False
18328,1142,1117,False
18329,1142,1116,False
18330,1142,1115,False
18331,1142,1114,False
18332,1142,1113,False
18333,1142,1112,False
18334,1142,1111,False
18335,1142,1110,False
18336,1142,1109,False
18337,1142,1108,False
18338,1142,1107,False
18339,1142,1106,False
18340,1142,1105,False
18341,1143,1142,False
18342,1143,1141,False
18344,1143,1139,False
18345,1143,1138,False
18346,1143,1137,False
18347,1143,1136,False
18348,1143,1135,False
18349,1143,1134,False
18350,1143,1133,False
18351,1143,1132,False
18352,1143,1131,False
18353,1143,1130,False
18354,1143,1129,False
18356,1143,1127,False
18357,1143,1126,False
18358,1143,1125,False
18359,1143,1124,False
18360,1143,1123,False
18361,1143,1122,False
18363,1143,1118,False
18364,1143,1117,False
18365,1143,1116,False
18367,1143,1114,False
18368,1143,1113,False
18369,1143,1112,False
18370,1143,1111,False
18371,1143,1110,False
18372,1143,1109,False
18374,1143,1107,False
18375,1143,1106,False
18376,1143,1105,False
18377,1144,1143,False
18378,1144,1142,False
18379,1144,1141,False
18380,1144,1140,False
18381,1144,1139,False
18382,1144,1138,False
18383,1144,1137,False
18384,1144,1136,False
18385,1144,1135,False
18386,1144,1134,False
18387,1144,1133,False
18388,1144,1132,False
18389,1144,1131,False
18390,1144,1130,False
18391,1144,1129,False
18392,1144,1128,False
18393,1144,1127,False
18394,1144,1126,False
18395,1144,1125,False
18396,1144,1124,False
18397,1144,1123,False
18398,1144,1122,False
18399,1144,1119,False
18400,1144,1118,False
18401,1144,1117,False
18402,1144,1116,False
18403,1144,1115,False
18404,1144,1114,False
18405,1144,1113,False
18406,1144,1112,False
18407,1144,1111,False
18408,1144,1110,False
18409,1144,1109,False
18410,1144,1108,False
18411,1144,1107,False
18412,1144,1106,False
18413,1144,1105,False
18414,1144,1093,False
18415,1145,1144,False
18416,1145,1143,False
18417,1145,1142,False
18418,1145,1141,False
18419,1145,1140,False
18420,1145,1139,False
18421,1145,1138,False
18422,1145,1137,False
18423,1145,1136,False
18424,1145,1135,False
18425,1145,1134,False
18426,1145,1133,False
18427,1145,1132,False
18428,1145,1131,False
18429,1145,1130,False
18430,1145,1129,False
18431,1145,1128,False
18432,1145,1127,False
18433,1145,1126,False
18434,1145,1125,False
18435,1145,1124,False
18436,1145,1123,False
18437,1145,1122,False
18439,1145,1118,False
18440,1145,1117,False
18441,1145,1116,False
18443,1145,1114,False
18444,1145,1113,False
18445,1145,1112,False
18446,1145,1111,False
18447,1145,1110,False
18448,1145,1109,False
18449,1145,1108,False
18450,1145,1107,False
18451,1145,1106,False
18452,1145,1105,False
18454,1146,1145,False
18456,1146,1143,False
18457,1146,1142,False
18458,1146,1141,False
18459,1146,1140,False
18460,1146,1139,False
18461,1146,1138,False
18462,1146,1137,False
18463,1146,1136,False
18464,1146,1135,False
18465,1146,1134,False
18466,1146,1133,False
18468,1146,1131,False
18469,1146,1130,False
18470,1146,1129,False
18471,1146,1128,False
18472,1146,1127,False
18473,1146,1126,False
18474,1146,1125,False
18475,1146,1124,False
18476,1146,1123,False
18477,1146,1122,False
18478,1146,1119,False
18479,1146,1118,False
18480,1146,1117,False
18481,1146,1116,False
18483,1146,1114,False
18484,1146,1113,False
18485,1146,1112,False
18486,1146,1111,False
18487,1146,1110,False
18488,1146,1109,False
18489,1146,1108,False
18490,1146,1107,False
18491,1146,1106,False
18492,1146,1105,False
18493,1147,1146,False
18494,1147,1145,False
18495,1147,1144,False
18496,1147,1143,False
18497,1147,1142,False
18498,1147,1141,False
18499,1147,1140,False
18500,1147,1139,False
18501,1147,1138,False
18502,1147,1137,False
18503,1147,1136,False
18504,1147,1135,False
18505,1147,1134,False
18506,1147,1133,False
18507,1147,1132,False
18508,1147,1131,False
18509,1147,1130,False
18510,1147,1129,False
18511,1147,1128,False
18512,1147,1127,False
18513,1147,1126,False
18514,1147,1125,False
18515,1147,1124,False
18516,1147,1123,False
18517,1147,1122,False
18518,1147,1119,False
18519,1147,1118,False
18520,1147,1117,False
18521,1147,1116,False
18522,1147,1115,False
18523,1147,1114,False
18524,1147,1113,False
18525,1147,1112,False
18526,1147,1111,False
18527,1147,1110,False
18528,1147,1109,False
18529,1147,1108,False
18530,1147,1107,False
18531,1147,1106,False
18532,1147,1105,False
18533,1148,1147,False
18534,1148,1146,False
18535,1148,1145,False
18536,1148,1144,False
18537,1148,1143,False
18538,1148,1142,False
18539,1148,1141,False
18540,1148,1140,False
18541,1148,1139,False
18542,1148,1138,False
18543,1148,1137,False
18544,1148,1136,False
18545,1148,1135,False
18546,1148,1134,False
18547,1148,1133,False
18548,1148,1132,False
18549,1148,1131,False
18550,1148,1130,False
18551,1148,1129,False
18552,1148,1128,False
18553,1148,1127,False
18554,1148,1126,False
18555,1148,1125,False
18556,1148,1124,False
18557,1148,1123,False
18558,1148,1122,False
18559,1148,1119,False
18560,1148,1118,False
18561,1148,1117,False
18562,1148,1116,False
18563,1148,1115,False
18564,1148,1114,False
18565,1148,1113,False
18566,1148,1112,False
18568,1148,1110,False
18569,1148,1109,False
18570,1148,1108,False
18571,1148,1107,False
18572,1148,1106,False
18573,1148,1105,False
18574,1148,1093,False
18575,1149,1148,False
18576,1149,1147,False
18577,1149,1146,False
18578,1149,1145,False
18579,1149,1144,False
18580,1149,1143,False
18581,1149,1142,False
18582,1149,1141,False
18583,1149,1140,False
18584,1149,1139,False
18585,1149,1138,False
18586,1149,1137,False
18587,1149,1136,False
18588,1149,1135,False
18589,1149,1134,False
18590,1149,1133,False
18591,1149,1131,False
18592,1149,1130,False
18593,1149,1129,False
18594,1149,1128,False
18595,1149,1127,False
18596,1149,1126,False
18597,1149,1125,False
18598,1149,1124,False
18599,1149,1123,False
18600,1149,1122,False
18601,1149,1119,False
18602,1149,1118,False
18603,1149,1117,False
18604,1149,1116,False
18605,1149,1115,False
18606,1149,1114,False
18607,1149,1113,False
18608,1149,1112,False
18609,1149,1111,False
18612,1149,1108,False
18613,1149,1107,False
18614,1149,1106,False
18615,1149,1105,False
18616,1150,1105,False
18617,1150,1106,False
18618,1150,1107,False
18619,1150,1148,False
18620,1150,1147,False
18621,1150,1146,False
18622,1150,1145,False
18623,1150,1144,False
18624,1150,1143,False
18625,1150,1142,False
18626,1150,1141,False
18627,1150,1140,False
18628,1150,1139,False
18629,1150,1138,False
18630,1150,1137,False
18631,1150,1136,False
18632,1150,1135,False
18633,1150,1134,False
18634,1150,1133,False
18635,1150,1132,False
18636,1150,1131,False
18637,1150,1130,False
18638,1150,1129,False
18639,1150,1128,False
18640,1150,1127,False
18641,1150,1126,False
18642,1150,1125,False
18643,1150,1124,False
18644,1150,1123,False
18645,1150,1122,False
18646,1150,1119,False
18647,1150,1118,False
18648,1150,1117,False
18649,1150,1116,False
18650,1150,1114,False
18651,1150,1113,False
18652,1150,1110,False
18654,1150,1108,False
18655,1151,1150,False
18656,1151,1149,False
18657,1151,1148,False
18658,1151,1147,False
18659,1151,1146,False
18660,1151,1145,False
18661,1151,1144,False
18662,1151,1143,False
18663,1151,1142,False
18664,1151,1141,False
18665,1151,1140,False
18666,1151,1139,False
18667,1151,1138,False
18668,1151,1137,False
18669,1151,1136,False
18670,1151,1135,False
18671,1151,1134,False
18672,1151,1133,False
18673,1151,1132,False
18674,1151,1131,False
18675,1151,1130,False
18676,1151,1129,False
18677,1151,1128,False
18678,1151,1127,False
18679,1151,1126,False
18680,1151,1125,False
18681,1151,1124,False
18682,1151,1123,False
18683,1151,1122,False
18684,1151,1119,False
18685,1151,1118,False
18686,1151,1117,False
18687,1151,1116,False
18688,1151,1115,False
18689,1151,1114,False
18690,1151,1113,False
18691,1151,1112,False
18692,1151,1111,False
18693,1151,1110,False
18694,1151,1109,False
18695,1151,1108,False
18696,1151,1107,False
18697,1151,1106,False
18698,1151,1105,False
18699,1151,1093,False
18700,1152,1151,True
18701,1152,1150,False
18702,1152,1149,True
18703,1152,1148,True
18704,1152,1147,False
18705,1152,1146,False
18706,1152,1145,True
18707,1152,1144,True
18708,1152,1143,False
18709,1152,1142,False
18710,1152,1141,False
18711,1152,1140,True
18712,1152,1139,True
18713,1152,1138,False
18714,1152,1137,False
18715,1152,1136,False
18716,1152,1135,True
18717,1152,1134,False
18718,1152,1133,False
18719,1152,1132,False
18720,1152,1131,False
18721,1152,1130,True
18722,1152,1129,True
18723,1152,1128,False
18724,1152,1127,False
18725,1152,1126,False
18726,1152,1125,False
18727,1152,1124,False
18728,1152,1123,False
18729,1152,1122,False
18730,1152,1119,False
18731,1152,1118,False
18732,1152,1117,False
18733,1152,1116,False
18735,1152,1114,False
18736,1152,1113,False
18737,1152,1112,False
18738,1152,1111,False
18739,1152,1110,False
18740,1152,1109,False
18741,1152,1108,False
18742,1152,1107,False
18743,1152,1106,False
18744,1152,1105,False
18745,1152,1093,False
18746,1153,1152,False
18747,1153,1151,False
18748,1153,1150,True
18749,1153,1149,False
18750,1153,1148,False
18751,1153,1147,True
18752,1153,1146,True
18753,1153,1145,False
18754,1153,1144,False
18755,1153,1143,True
18756,1153,1142,True
18757,1153,1141,True
18758,1153,1140,False
18759,1153,1139,False
18760,1153,1138,True
18761,1153,1137,True
18762,1153,1136,True
18763,1153,1135,False
18764,1153,1134,True
18765,1153,1133,True
18766,1153,1132,True
18767,1153,1131,True
18768,1153,1130,False
18769,1153,1129,False
18770,1153,1128,True
18771,1153,1127,True
18772,1153,1126,True
18773,1153,1125,True
18774,1153,1124,True
18775,1153,1123,True
18776,1153,1122,True
18777,1153,1119,True
18778,1153,1118,False
18779,1153,1117,False
18780,1153,1116,False
18782,1153,1114,False
18783,1153,1113,False
18784,1153,1112,False
18785,1153,1111,False
18787,1153,1109,False
18788,1153,1108,False
18789,1153,1107,False
18790,1153,1106,False
18791,1153,1105,False
18792,1154,1153,False
18793,1154,1152,False
18794,1154,1151,False
18795,1154,1150,True
18796,1154,1149,False
18797,1154,1148,False
18798,1154,1147,True
18799,1154,1146,True
18800,1154,1145,False
18801,1154,1144,False
18802,1154,1143,True
18803,1154,1142,True
18804,1154,1141,True
18805,1154,1140,False
18806,1154,1139,False
18807,1154,1138,True
18808,1154,1137,True
18809,1154,1136,True
18810,1154,1135,False
18811,1154,1134,True
18812,1154,1133,True
18813,1154,1132,True
18814,1154,1131,True
18815,1154,1130,False
18816,1154,1129,False
18817,1154,1128,True
18818,1154,1127,True
18819,1154,1126,True
18820,1154,1125,True
18821,1154,1124,True
18822,1154,1123,True
18823,1154,1122,True
18824,1154,1119,True
18825,1154,1118,False
18826,1154,1117,False
18827,1154,1116,False
18828,1154,1115,False
18829,1154,1114,False
18830,1154,1113,False
18831,1154,1112,False
18832,1154,1111,False
18833,1154,1110,False
18834,1154,1109,False
18835,1154,1108,False
18836,1154,1107,False
18837,1154,1106,False
18838,1154,1105,False
18839,1155,1154,False
18841,1155,1152,False
18842,1155,1151,False
18843,1155,1150,True
18844,1155,1149,False
18845,1155,1148,False
18846,1155,1147,True
18847,1155,1146,True
18848,1155,1145,False
18849,1155,1144,False
18850,1155,1143,True
18851,1155,1142,True
18852,1155,1141,True
18853,1155,1140,False
18854,1155,1139,False
18855,1155,1138,True
18856,1155,1137,True
18857,1155,1136,True
18858,1155,1135,False
18859,1155,1134,True
18860,1155,1133,True
18861,1155,1132,True
18862,1155,1131,True
18863,1155,1130,False
18864,1155,1129,False
18865,1155,1128,True
18866,1155,1127,True
18867,1155,1126,True
18868,1155,1125,True
18869,1155,1124,True
18870,1155,1123,True
18871,1155,1122,True
18872,1155,1119,True
18873,1155,1118,False
18874,1155,1117,False
18875,1155,1116,False
18876,1155,1115,False
18877,1155,1114,False
18878,1155,1113,False
18879,1155,1112,False
18880,1155,1111,False
18881,1155,1110,False
18882,1155,1109,False
18883,1155,1108,False
18884,1155,1107,False
18885,1155,1106,False
18886,1155,1105,False
18887,1156,1155,False
18888,1156,1154,False
18889,1156,1153,False
18890,1156,1152,False
18891,1156,1151,True
18892,1156,1150,False
18893,1156,1149,True
18894,1156,1148,True
18895,1156,1147,False
18896,1156,1146,False
18897,1156,1145,True
18898,1156,1144,True
18899,1156,1143,False
18900,1156,1142,False
18901,1156,1141,False
18902,1156,1140,True
18903,1156,1139,True
18904,1156,1138,False
18905,1156,1137,False
18906,1156,1136,False
18907,1156,1135,True
18908,1156,1134,False
18909,1156,1133,False
18910,1156,1132,False
18911,1156,1131,False
18912,1156,1130,True
18913,1156,1129,True
18914,1156,1128,False
18915,1156,1127,False
18916,1156,1126,False
18917,1156,1125,False
18918,1156,1124,False
18919,1156,1123,False
18920,1156,1122,False
18921,1156,1119,False
18922,1156,1118,False
18923,1156,1117,False
18924,1156,1116,False
18926,1156,1114,False
18927,1156,1113,False
18928,1156,1112,False
18929,1156,1111,False
18930,1156,1110,False
18931,1156,1109,False
18932,1156,1108,False
18933,1156,1107,False
18934,1156,1106,False
18935,1156,1105,False
18936,1156,1093,False
18937,1157,1156,False
18938,1157,1155,False
18939,1157,1154,False
18940,1157,1153,False
18941,1157,1152,False
18942,1157,1151,False
18943,1157,1150,True
18944,1157,1149,False
18945,1157,1148,False
18946,1157,1147,True
18947,1157,1146,True
18948,1157,1145,False
18949,1157,1144,False
18950,1157,1143,True
18951,1157,1142,True
18952,1157,1141,True
18953,1157,1140,False
18954,1157,1139,False
18955,1157,1138,True
18956,1157,1137,True
18957,1157,1136,True
18958,1157,1135,False
18959,1157,1134,True
18960,1157,1133,True
18961,1157,1132,True
18962,1157,1131,True
18963,1157,1130,False
18964,1157,1129,False
18965,1157,1128,True
18966,1157,1127,True
18967,1157,1126,True
18968,1157,1125,True
18969,1157,1124,True
18970,1157,1123,True
18971,1157,1122,True
18972,1157,1119,True
18973,1157,1118,False
18974,1157,1117,False
18975,1157,1116,False
18977,1157,1114,False
18978,1157,1113,False
18979,1157,1112,False
18981,1157,1110,False
18982,1157,1109,False
18983,1157,1108,False
18984,1157,1107,False
18985,1157,1106,False
18986,1157,1105,False
18987,1158,1157,False
18988,1158,1156,False
18989,1158,1155,False
18990,1158,1154,False
18991,1158,1153,False
18992,1158,1152,False
18993,1158,1151,False
18994,1158,1150,True
18995,1158,1149,False
18996,1158,1148,False
18997,1158,1147,True
18998,1158,1146,True
18999,1158,1145,False
19000,1158,1144,False
19001,1158,1143,True
19002,1158,1142,True
19003,1158,1141,True
19004,1158,1140,False
19005,1158,1139,False
19006,1158,1138,True
19007,1158,1137,True
19008,1158,1136,True
19009,1158,1135,False
19010,1158,1134,True
19011,1158,1133,True
19012,1158,1132,True
19013,1158,1131,True
19014,1158,1130,False
19015,1158,1129,False
19016,1158,1128,True
19017,1158,1127,True
19018,1158,1126,True
19019,1158,1125,True
19020,1158,1124,True
19021,1158,1123,True
19022,1158,1122,True
19023,1158,1119,True
19024,1158,1118,False
19025,1158,1117,False
19026,1158,1116,False
19027,1158,1115,False
19028,1158,1114,False
19029,1158,1113,False
19030,1158,1112,False
19031,1158,1111,False
19032,1158,1110,False
19033,1158,1109,False
19034,1158,1108,False
19035,1158,1107,False
19036,1158,1106,False
19037,1158,1105,False
19039,1159,1098,True
19040,1159,1097,True
19041,1159,1096,True
19042,1159,1094,True
19043,1159,1093,True
19044,1159,1092,True
19045,1159,1089,True
19046,1160,1159,False
19047,1160,1116,False
19048,1160,1098,True
19049,1160,1097,True
19050,1160,1096,True
19051,1160,1094,True
19052,1160,1093,True
19053,1160,1092,True
19054,1160,1089,True
19056,1161,1159,False
19057,1161,1116,False
19058,1161,1098,True
19059,1161,1097,True
19060,1161,1096,True
19061,1161,1094,True
19062,1161,1093,True
19064,1161,1089,True
19065,1162,1161,False
19066,1162,1160,False
19067,1162,1159,False
19068,1162,1116,False
19069,1162,1098,True
19070,1162,1097,True
19073,1162,1093,True
19074,1162,1092,True
19075,1162,1089,True
19076,1163,1162,False
19077,1163,1161,False
19078,1163,1160,False
19079,1163,1159,False
19080,1163,1157,False
19081,1163,1155,False
19082,1163,1154,False
19083,1163,1152,False
19084,1163,1147,False
19085,1163,1141,False
19086,1163,1140,False
19087,1163,1135,False
19088,1163,1131,False
19089,1163,1130,False
19090,1163,1129,False
19091,1163,1128,False
19092,1163,1125,False
19093,1163,1122,False
19094,1163,1117,False
19095,1163,1116,False
19096,1163,1113,False
19097,1163,1108,False
19098,1163,1107,False
19099,1163,1106,False
19100,1163,1101,True
19101,1163,1098,True
19102,1163,1097,True
19103,1163,1096,True
19104,1163,1095,True
19105,1163,1094,True
19106,1163,1093,True
19107,1163,1092,True
19108,1163,1091,True
19109,1163,1089,True
19110,1163,988,False
19111,1163,981,False
19112,1163,979,False
19113,1165,1164,False
19115,1167,438,False
19118,1168,438,False
19119,1168,1167,True
19122,1171,1170,False
19123,1171,1169,False
19124,1172,1171,False
19125,1172,1170,False
19126,1172,1169,False
19127,1173,1172,False
19128,1173,1171,False
19129,1173,1170,False
19130,1173,1169,False
19132,1174,1173,False
19133,1174,1172,False
19134,1174,1171,False
19135,1174,1170,False
19136,1174,1169,False
19137,1174,284,False
19138,1175,1174,False
19139,1175,1173,False
19140,1175,1172,False
19141,1175,1171,False
19142,1175,1170,False
19143,1175,1169,False
19144,1176,1175,False
19145,1176,1174,False
19146,1176,1173,False
19147,1176,1172,False
19148,1176,1171,False
19149,1176,1170,False
19150,1176,1169,False
19152,1177,1176,False
19153,1177,1175,False
19154,1177,1174,False
19155,1177,1173,False
19156,1177,1172,False
19157,1177,1171,False
19158,1177,1170,False
19159,1177,1169,False
19160,1177,284,False
19161,1178,1177,False
19162,1178,1176,False
19163,1178,1175,False
19164,1178,1174,False
19165,1178,1173,False
19166,1178,1172,False
19167,1178,1171,False
19168,1178,1170,False
19169,1178,1169,False
19170,1179,1178,False
19171,1179,1177,False
19172,1179,1176,False
19173,1179,1175,False
19174,1179,1174,False
19175,1179,1173,False
19176,1179,1172,False
19177,1179,1171,False
19178,1179,1170,False
19179,1179,1169,False
19180,1179,284,False
19181,1180,1179,False
19182,1180,1178,False
19183,1180,1177,False
19184,1180,1176,False
19185,1180,1175,False
19186,1180,1174,False
19187,1180,1173,False
19188,1180,1172,False
19189,1180,1171,False
19190,1180,1170,False
19191,1180,1169,False
19192,1181,1180,False
19193,1181,1179,False
19194,1181,1178,False
19195,1181,1177,False
19196,1181,1176,False
19198,1181,1174,False
19199,1181,1173,False
19200,1181,1172,False
19201,1181,1171,False
19202,1181,1170,False
19203,1181,1169,False
19204,1182,1181,False
19205,1182,1180,False
19206,1182,1179,False
19207,1182,1178,False
19208,1182,1177,False
19209,1182,1176,False
19210,1182,1175,False
19212,1182,1173,False
19213,1182,1172,False
19214,1182,1171,False
19215,1182,1170,False
19216,1182,1169,False
19218,1183,1182,False
19219,1183,1181,False
19220,1183,1180,False
19221,1183,1179,False
19222,1183,1178,False
19223,1183,1177,False
19224,1183,1176,False
19225,1183,1175,False
19226,1183,1174,False
19227,1183,1173,False
19228,1183,1172,False
19229,1183,1171,False
19230,1183,1170,False
19231,1183,1169,False
19233,1184,1183,False
19234,1184,1182,False
19235,1184,1181,False
19236,1184,1180,False
19237,1184,1179,False
19238,1184,1178,False
19239,1184,1177,False
19240,1184,1176,False
19241,1184,1175,False
19242,1184,1174,False
19243,1184,1173,False
19244,1184,1172,False
19245,1184,1171,False
19246,1184,1170,False
19247,1184,1169,False
19248,1184,284,False
19249,1185,1184,False
19250,1185,1183,False
19251,1185,1182,False
19252,1185,1181,False
19253,1185,1180,False
19254,1185,1179,False
19255,1185,1178,False
19256,1185,1177,False
19257,1185,1176,False
19258,1185,1175,False
19259,1185,1174,False
19260,1185,1173,False
19261,1185,1172,False
19262,1185,1171,False
19263,1185,1170,False
19264,1185,1169,False
19265,1186,1185,False
19266,1186,1184,False
19267,1186,1183,False
19268,1186,1182,False
19269,1186,1181,False
19270,1186,1180,False
19271,1186,1179,False
19272,1186,1178,False
19273,1186,1177,False
19274,1186,1176,False
19275,1186,1175,False
19276,1186,1174,False
19277,1186,1173,False
19278,1186,1172,False
19279,1186,1171,False
19280,1186,1170,False
19281,1186,1169,False
19282,1186,1018,False
19283,1187,1186,False
19284,1187,1185,False
19285,1187,1184,False
19286,1187,1183,False
19287,1187,1182,False
19288,1187,1181,False
19289,1187,1180,False
19290,1187,1179,False
19291,1187,1178,False
19292,1187,1177,False
19293,1187,1176,False
19294,1187,1175,False
19295,1187,1174,False
19296,1187,1173,False
19297,1187,1172,False
19299,1187,1170,False
19300,1187,1169,False
19301,1188,1187,False
19302,1188,1186,False
19303,1188,1185,False
19304,1188,1184,False
19305,1188,1183,False
19306,1188,1182,False
19307,1188,1181,False
19308,1188,1180,False
19309,1188,1179,False
19310,1188,1178,False
19311,1188,1177,False
19312,1188,1176,False
19313,1188,1175,False
19314,1188,1174,False
19315,1188,1173,False
19316,1188,1172,False
19318,1188,1170,False
19319,1188,1169,False
19320,1189,1188,False
19321,1189,1187,False
19322,1189,1186,False
19323,1189,1185,False
19324,1189,1184,False
19325,1189,1183,False
19326,1189,1182,False
19327,1189,1181,False
19328,1189,1180,False
19329,1189,1179,False
19330,1189,1178,False
19331,1189,1177,False
19332,1189,1176,False
19333,1189,1175,False
19335,1189,1173,False
19336,1189,1172,False
19337,1189,1171,False
19338,1189,1170,False
19339,1189,1169,False
19340,1190,1189,False
19341,1190,1188,False
19342,1190,1187,False
19343,1190,1186,False
19344,1190,1185,False
19345,1190,1184,False
19346,1190,1183,False
19347,1190,1182,False
19348,1190,1181,False
19349,1190,1180,False
19350,1190,1179,False
19351,1190,1178,False
19352,1190,1177,False
19353,1190,1176,False
19354,1190,1175,False
19355,1190,1174,False
19356,1190,1173,False
19357,1190,1172,False
19358,1190,1171,False
19359,1190,1170,False
19360,1190,1169,False
19361,1191,1189,False
19362,1191,1190,False
19363,1191,1188,False
19364,1191,1187,False
19366,1191,1185,False
19367,1191,1184,False
19368,1191,1183,False
19369,1191,1182,False
19370,1191,1181,False
19371,1191,1180,False
19372,1191,1179,False
19373,1191,1178,False
19374,1191,1177,False
19375,1191,1176,False
19376,1191,1175,False
19377,1191,1174,False
19378,1191,1173,False
19379,1191,1172,False
19380,1191,1171,False
19381,1191,1170,False
19382,1191,1169,False
19383,1192,1191,False
19384,1192,1190,False
19385,1192,1189,False
19386,1192,1188,False
19387,1192,1187,False
19388,1192,1186,False
19389,1192,1185,False
19390,1192,1184,False
19391,1192,1183,False
19392,1192,1182,False
19393,1192,1181,False
19394,1192,1180,False
19395,1192,1179,False
19396,1192,1178,False
19397,1192,1177,False
19398,1192,1176,False
19399,1192,1175,False
19400,1192,1174,False
19401,1192,1173,False
19402,1192,1172,False
19403,1192,1171,False
19404,1192,1170,False
19405,1192,1169,False
19406,1193,1192,False
19407,1193,1191,False
19408,1193,1190,False
19409,1193,1189,False
19410,1193,1188,False
19411,1193,1187,False
19412,1193,1186,False
19413,1193,1185,False
19414,1193,1184,False
19415,1193,1183,False
19416,1193,1182,False
19417,1193,1181,False
19418,1193,1180,False
19419,1193,1179,False
19420,1193,1178,False
19421,1193,1177,False
19422,1193,1176,False
19423,1193,1175,False
19424,1193,1174,False
19425,1193,1173,False
19426,1193,1172,False
19427,1193,1171,False
19428,1193,1170,False
19429,1193,1169,False
19431,1194,1193,False
19432,1194,1192,False
19433,1194,1191,False
19434,1194,1190,False
19435,1194,1189,False
19436,1194,1188,False
19437,1194,1187,False
19438,1194,1186,False
19439,1194,1185,False
19440,1194,1184,False
19441,1194,1183,False
19442,1194,1182,False
19443,1194,1181,False
19444,1194,1180,False
19445,1194,1179,False
19446,1194,1178,False
19447,1194,1177,False
19448,1194,1176,False
19449,1194,1175,False
19450,1194,1174,False
19451,1194,1173,False
19452,1194,1172,False
19453,1194,1171,False
19454,1194,1170,False
19455,1194,1169,False
19456,1195,1194,False
19457,1195,1193,False
19458,1195,1192,False
19459,1195,1191,False
19460,1195,1190,False
19461,1195,1189,False
19462,1195,1188,False
19463,1195,1187,False
19464,1195,1186,False
19465,1195,1185,False
19466,1195,1184,False
19467,1195,1183,False
19468,1195,1182,False
19469,1195,1181,False
19470,1195,1180,False
19471,1195,1179,False
19472,1195,1178,False
19473,1195,1177,False
19474,1195,1176,False
19475,1195,1175,False
19476,1195,1174,False
19477,1195,1173,False
19478,1195,1172,False
19479,1195,1171,False
19480,1195,1170,False
19481,1195,1169,False
19482,1196,1195,False
19483,1196,1194,False
19484,1196,1193,False
19485,1196,1192,False
19486,1196,1191,False
19487,1196,1190,False
19488,1196,1189,False
19489,1196,1188,False
19490,1196,1187,False
19491,1196,1186,False
19492,1196,1185,False
19493,1196,1184,False
19494,1196,1183,False
19495,1196,1182,False
19496,1196,1181,False
19497,1196,1180,False
19498,1196,1179,False
19499,1196,1178,False
19500,1196,1177,False
19501,1196,1176,False
19502,1196,1175,False
19503,1196,1174,False
19504,1196,1173,False
19505,1196,1172,False
19506,1196,1171,False
19507,1196,1170,False
19508,1196,1169,False
19509,1196,284,False
19510,1197,1196,False
19511,1197,1195,False
19512,1197,1194,False
19513,1197,1193,False
19514,1197,1192,False
19515,1197,1191,False
19516,1197,1190,False
19517,1197,1189,False
19518,1197,1188,False
19519,1197,1187,False
19520,1197,1186,False
19521,1197,1185,False
19522,1197,1184,False
19523,1197,1183,False
19524,1197,1182,False
19525,1197,1181,False
19526,1197,1180,False
19527,1197,1179,False
19528,1197,1178,False
19529,1197,1177,False
19530,1197,1176,False
19531,1197,1175,False
19532,1197,1174,False
19533,1197,1173,False
19534,1197,1172,False
19535,1197,1171,False
19536,1197,1170,False
19537,1197,1169,False
19538,1198,1197,False
19539,1198,1196,False
19540,1198,1195,False
19541,1198,1194,False
19542,1198,1193,False
19543,1198,1192,False
19544,1198,1191,False
19545,1198,1190,False
19546,1198,1189,False
19547,1198,1188,False
19548,1198,1187,False
19549,1198,1186,False
19550,1198,1185,False
19551,1198,1184,False
19552,1198,1183,False
19553,1198,1182,False
19554,1198,1181,False
19555,1198,1180,False
19556,1198,1179,False
19557,1198,1178,False
19558,1198,1177,False
19559,1198,1176,False
19560,1198,1175,False
19561,1198,1174,False
19562,1198,1173,False
19563,1198,1172,False
19564,1198,1171,False
19565,1198,1170,False
19566,1198,1169,False
19567,1199,1198,False
19568,1199,1197,False
19569,1199,1196,False
19570,1199,1195,False
19571,1199,1194,False
19572,1199,1193,False
19573,1199,1192,False
19574,1199,1191,False
19575,1199,1190,False
19576,1199,1189,False
19577,1199,1188,False
19578,1199,1187,False
19579,1199,1186,False
19580,1199,1185,False
19581,1199,1184,False
19582,1199,1183,False
19583,1199,1182,False
19584,1199,1181,False
19585,1199,1180,False
19586,1199,1179,False
19587,1199,1178,False
19588,1199,1177,False
19589,1199,1176,False
19590,1199,1175,False
19591,1199,1174,False
19592,1199,1173,False
19593,1199,1172,False
19594,1199,1171,False
19595,1199,1170,False
19596,1199,1169,False
19597,1200,1199,False
19598,1200,1198,False
19599,1200,1197,False
19600,1200,1196,False
19601,1200,1195,False
19602,1200,1194,False
19603,1200,1193,False
19604,1200,1192,False
19605,1200,1191,False
19606,1200,1190,False
19607,1200,1189,False
19608,1200,1188,False
19609,1200,1187,False
19610,1200,1186,False
19611,1200,1185,False
19612,1200,1184,False
19613,1200,1183,False
19614,1200,1182,False
19615,1200,1181,False
19616,1200,1180,False
19617,1200,1179,False
19618,1200,1178,False
19619,1200,1177,False
19620,1200,1176,False
19621,1200,1175,False
19622,1200,1174,False
19623,1200,1173,False
19624,1200,1172,False
19625,1200,1171,False
19626,1200,1170,False
19627,1200,1169,False
19628,1201,1200,False
19629,1201,1199,False
19630,1201,1198,False
19632,1201,1196,False
19633,1201,1195,False
19634,1201,1194,False
19635,1201,1193,False
19636,1201,1192,False
19637,1201,1191,False
19638,1201,1190,False
19639,1201,1189,False
19640,1201,1188,False
19641,1201,1187,False
19642,1201,1186,False
19643,1201,1185,False
19644,1201,1184,False
19645,1201,1183,False
19646,1201,1182,False
19647,1201,1181,False
19648,1201,1180,False
19649,1201,1179,False
19650,1201,1178,False
19651,1201,1177,False
19652,1201,1176,False
19653,1201,1175,False
19654,1201,1174,False
19655,1201,1173,False
19656,1201,1172,False
19657,1201,1171,False
19658,1201,1170,False
19659,1201,1169,False
19661,1202,1201,False
19662,1202,1200,False
19663,1202,1199,False
19664,1202,1198,False
19665,1202,1197,False
19666,1202,1196,False
19667,1202,1195,False
19668,1202,1194,False
19669,1202,1193,False
19670,1202,1192,False
19671,1202,1191,False
19672,1202,1190,False
19673,1202,1189,False
19674,1202,1188,False
19675,1202,1187,False
19676,1202,1186,False
19677,1202,1185,False
19678,1202,1184,False
19679,1202,1183,False
19680,1202,1182,False
19681,1202,1181,False
19682,1202,1180,False
19683,1202,1179,False
19684,1202,1178,False
19685,1202,1177,False
19686,1202,1176,False
19687,1202,1175,False
19688,1202,1174,False
19689,1202,1173,False
19690,1202,1172,False
19691,1202,1171,False
19692,1202,1170,False
19694,1203,1202,False
19695,1203,1201,False
19696,1203,1200,False
19697,1203,1199,False
19698,1203,1198,False
19699,1203,1197,False
19700,1203,1196,False
19701,1203,1195,False
19702,1203,1194,False
19703,1203,1193,False
19704,1203,1192,False
19705,1203,1191,False
19706,1203,1190,False
19707,1203,1189,False
19708,1203,1188,False
19709,1203,1187,False
19710,1203,1186,False
19711,1203,1185,False
19712,1203,1184,False
19713,1203,1183,False
19714,1203,1182,False
19715,1203,1181,False
19716,1203,1180,False
19717,1203,1179,False
19718,1203,1178,False
19719,1203,1177,False
19720,1203,1176,False
19721,1203,1175,False
19722,1203,1174,False
19723,1203,1173,False
19724,1203,1172,False
19725,1203,1171,False
19726,1203,1170,False
19727,1203,1169,False
19728,1204,1203,False
19729,1204,1202,False
19730,1204,1201,False
19731,1204,1200,False
19732,1204,1199,False
19734,1204,1197,False
19735,1204,1196,False
19736,1204,1195,False
19737,1204,1194,False
19738,1204,1193,False
19739,1204,1192,False
19740,1204,1191,False
19741,1204,1190,False
19742,1204,1189,False
19743,1204,1188,False
19744,1204,1187,False
19745,1204,1186,False
19746,1204,1185,False
19747,1204,1184,False
19748,1204,1183,False
19749,1204,1182,False
19750,1204,1181,False
19751,1204,1180,False
19752,1204,1179,False
19753,1204,1178,False
19754,1204,1177,False
19755,1204,1176,False
19756,1204,1175,False
19757,1204,1174,False
19758,1204,1173,False
19759,1204,1172,False
19760,1204,1171,False
19761,1204,1170,False
19762,1204,1169,False
19764,1205,1204,False
19765,1205,1203,False
19766,1205,1202,False
19767,1205,1201,False
19768,1205,1200,False
19769,1205,1199,False
19770,1205,1198,False
19771,1205,1197,False
19772,1205,1196,False
19773,1205,1195,False
19774,1205,1194,False
19775,1205,1193,False
19776,1205,1192,False
19777,1205,1191,False
19778,1205,1190,False
19779,1205,1189,False
19780,1205,1188,False
19781,1205,1187,False
19782,1205,1186,False
19783,1205,1185,False
19784,1205,1184,False
19785,1205,1183,False
19786,1205,1182,False
19787,1205,1181,False
19788,1205,1180,False
19789,1205,1179,False
19790,1205,1178,False
19791,1205,1177,False
19792,1205,1176,False
19793,1205,1175,False
19794,1205,1174,False
19795,1205,1173,False
19796,1205,1172,False
19797,1205,1171,False
19798,1205,1170,False
19799,1205,1169,False
19800,1206,1205,False
19801,1206,1204,False
19802,1206,1203,False
19803,1206,1202,False
19804,1206,1201,False
19805,1206,1200,False
19806,1206,1199,False
19807,1206,1198,False
19808,1206,1197,False
19809,1206,1196,False
19810,1206,1195,False
19811,1206,1194,False
19812,1206,1193,False
19813,1206,1192,False
19814,1206,1191,False
19815,1206,1190,False
19816,1206,1189,False
19817,1206,1188,False
19818,1206,1187,False
19819,1206,1186,False
19820,1206,1185,False
19821,1206,1184,False
19822,1206,1183,False
19823,1206,1182,False
19824,1206,1181,False
19825,1206,1180,False
19826,1206,1179,False
19827,1206,1178,False
19828,1206,1177,False
19829,1206,1176,False
19830,1206,1175,False
19831,1206,1174,False
19832,1206,1173,False
19833,1206,1172,False
19834,1206,1171,False
19835,1206,1170,False
19837,1206,284,False
19838,1207,1206,False
19839,1207,1205,False
19840,1207,1204,False
19841,1207,1203,False
19842,1207,1202,False
19843,1207,1201,False
19844,1207,1200,False
19845,1207,1199,False
19847,1207,1197,False
19848,1207,1196,False
19849,1207,1195,False
19850,1207,1194,False
19851,1207,1193,False
19852,1207,1192,False
19853,1207,1191,False
19854,1207,1190,False
19855,1207,1189,False
19856,1207,1188,False
19857,1207,1187,False
19858,1207,1186,False
19859,1207,1185,False
19860,1207,1184,False
19861,1207,1183,False
19862,1207,1182,False
19863,1207,1181,False
19864,1207,1180,False
19865,1207,1179,False
19866,1207,1178,False
19867,1207,1177,False
19868,1207,1176,False
19869,1207,1175,False
19871,1207,1173,False
19872,1207,1172,False
19873,1207,1171,False
19874,1207,1170,False
19875,1207,1169,False
19876,1208,1207,False
19877,1208,1206,False
19878,1208,1205,False
19879,1208,1204,False
19880,1208,1203,False
19881,1208,1202,False
19882,1208,1201,False
19883,1208,1200,False
19884,1208,1199,False
19885,1208,1198,False
19886,1208,1197,False
19887,1208,1196,False
19888,1208,1195,False
19889,1208,1194,False
19890,1208,1193,False
19891,1208,1192,False
19892,1208,1191,False
19893,1208,1190,False
19894,1208,1189,False
19895,1208,1188,False
19896,1208,1187,False
19897,1208,1186,False
19898,1208,1185,False
19899,1208,1184,False
19900,1208,1183,False
19901,1208,1182,False
19902,1208,1181,False
19903,1208,1180,False
19904,1208,1179,False
19905,1208,1178,False
19906,1208,1177,False
19907,1208,1176,False
19908,1208,1175,False
19909,1208,1174,False
19910,1208,1173,False
19911,1208,1172,False
19912,1208,1171,False
19913,1208,1170,False
19914,1208,1169,False
19915,1209,1208,False
19916,1209,1207,False
19917,1209,1206,False
19918,1209,1205,False
19919,1209,1204,False
19921,1209,1202,False
19922,1209,1201,False
19923,1209,1200,False
19924,1209,1199,False
19925,1209,1198,False
19926,1209,1197,False
19927,1209,1196,False
19928,1209,1195,False
19929,1209,1194,False
19930,1209,1193,False
19931,1209,1192,False
19932,1209,1191,False
19933,1209,1190,False
19934,1209,1189,False
19935,1209,1188,False
19936,1209,1187,False
19937,1209,1186,False
19938,1209,1185,False
19939,1209,1184,False
19940,1209,1183,False
19941,1209,1182,False
19942,1209,1181,False
19943,1209,1180,False
19944,1209,1179,False
19945,1209,1178,False
19946,1209,1177,False
19947,1209,1176,False
19948,1209,1175,False
19949,1209,1174,False
19950,1209,1173,False
19951,1209,1172,False
19952,1209,1171,False
19953,1209,1170,False
19954,1209,1169,False
19955,1210,1209,False
19956,1210,1208,False
19957,1210,1207,False
19958,1210,1206,False
19959,1210,1205,False
19960,1210,1204,False
19961,1210,1203,False
19962,1210,1202,False
19963,1210,1201,False
19964,1210,1200,False
19965,1210,1199,False
19966,1210,1198,False
19967,1210,1197,False
19968,1210,1196,False
19969,1210,1195,False
19970,1210,1194,False
19971,1210,1193,False
19972,1210,1192,False
19973,1210,1191,False
19974,1210,1190,False
19975,1210,1189,False
19976,1210,1188,False
19977,1210,1187,False
19978,1210,1186,False
19979,1210,1185,False
19980,1210,1184,False
19981,1210,1183,False
19982,1210,1182,False
19983,1210,1181,False
19984,1210,1180,False
19985,1210,1179,False
19986,1210,1178,False
19987,1210,1177,False
19988,1210,1176,False
19989,1210,1175,False
19990,1210,1174,False
19991,1210,1173,False
19992,1210,1172,False
19993,1210,1171,False
19994,1210,1170,False
19995,1210,1169,False
19996,1211,1210,False
19997,1211,1209,False
19998,1211,1208,False
19999,1211,1207,False
20000,1211,1206,False
20001,1211,1205,False
20002,1211,1204,False
20003,1211,1203,False
20004,1211,1202,False
20005,1211,1201,False
20006,1211,1200,False
20007,1211,1199,False
20008,1211,1198,False
20009,1211,1197,False
20010,1211,1196,False
20011,1211,1195,False
20012,1211,1194,False
20013,1211,1193,False
20014,1211,1192,False
20015,1211,1191,False
20016,1211,1190,False
20017,1211,1189,False
20018,1211,1188,False
20019,1211,1187,False
20020,1211,1186,False
20021,1211,1185,False
20022,1211,1184,False
20023,1211,1183,False
20024,1211,1182,False
20025,1211,1181,False
20026,1211,1180,False
20027,1211,1179,False
20028,1211,1178,False
20029,1211,1177,False
20030,1211,1176,False
20031,1211,1175,False
20032,1211,1174,False
20033,1211,1173,False
20034,1211,1172,False
20035,1211,1171,False
20036,1211,1170,False
20037,1211,1169,False
20039,1211,274,False
20041,1211,271,False
20042,1212,1211,False
20043,1212,1210,False
20044,1212,1209,False
20045,1212,1208,False
20046,1212,1207,False
20047,1212,1206,False
20048,1212,1205,False
20049,1212,1204,False
20050,1212,1203,False
20051,1212,1202,False
20052,1212,1201,False
20053,1212,1200,False
20054,1212,1199,False
20055,1212,1198,False
20056,1212,1197,False
20057,1212,1196,False
20058,1212,1195,False
20059,1212,1194,False
20060,1212,1193,False
20061,1212,1192,False
20062,1212,1191,False
20063,1212,1190,False
20064,1212,1189,False
20065,1212,1188,False
20066,1212,1187,False
20067,1212,1186,False
20068,1212,1185,False
20069,1212,1184,False
20070,1212,1183,False
20071,1212,1182,False
20072,1212,1181,False
20073,1212,1180,False
20074,1212,1179,False
20075,1212,1178,False
20076,1212,1177,False
20077,1212,1176,False
20078,1212,1175,False
20079,1212,1174,False
20080,1212,1173,False
20081,1212,1172,False
20082,1212,1171,False
20083,1212,1170,False
20084,1212,1169,False
20085,1213,1212,False
20086,1213,1211,False
20087,1213,1210,False
20088,1213,1209,False
20089,1213,1208,False
20090,1213,1207,False
20091,1213,1206,False
20092,1213,1205,False
20093,1213,1204,False
20094,1213,1203,False
20095,1213,1202,False
20096,1213,1201,False
20097,1213,1200,False
20098,1213,1199,False
20099,1213,1198,False
20100,1213,1197,False
20101,1213,1196,False
20102,1213,1195,False
20103,1213,1194,False
20104,1213,1193,False
20105,1213,1192,False
20106,1213,1191,False
20107,1213,1190,False
20108,1213,1189,False
20109,1213,1188,False
20110,1213,1187,False
20111,1213,1186,False
20112,1213,1185,False
20113,1213,1184,False
20114,1213,1183,False
20115,1213,1182,False
20116,1213,1181,False
20117,1213,1180,False
20118,1213,1179,False
20119,1213,1178,False
20120,1213,1177,False
20121,1213,1176,False
20122,1213,1175,False
20123,1213,1174,False
20124,1213,1173,False
20125,1213,1172,False
20126,1213,1171,False
20127,1213,1170,False
20128,1213,1169,False
20129,1214,1213,False
20130,1214,1212,False
20131,1214,1211,False
20132,1214,1210,False
20133,1214,1209,False
20134,1214,1208,False
20135,1214,1207,False
20136,1214,1206,False
20137,1214,1205,False
20138,1214,1204,False
20139,1214,1203,False
20140,1214,1202,False
20141,1214,1201,False
20142,1214,1200,False
20143,1214,1199,False
20144,1214,1198,False
20145,1214,1197,False
20146,1214,1196,False
20147,1214,1195,False
20148,1214,1194,False
20149,1214,1193,False
20150,1214,1192,False
20151,1214,1191,False
20152,1214,1190,False
20154,1214,1188,False
20155,1214,1187,False
20156,1214,1186,False
20157,1214,1185,False
20158,1214,1184,False
20159,1214,1183,False
20160,1214,1182,False
20161,1214,1181,False
20162,1214,1180,False
20163,1214,1179,False
20164,1214,1178,False
20165,1214,1177,False
20166,1214,1176,False
20167,1214,1175,False
20168,1214,1174,False
20169,1214,1173,False
20170,1214,1172,False
20171,1214,1171,False
20172,1214,1170,False
20173,1214,1169,False
20174,1215,1168,False
20175,1215,1167,True
20176,1216,1214,False
20177,1216,1213,False
20178,1216,1212,False
20179,1216,1211,False
20180,1216,1210,False
20181,1216,1209,False
20182,1216,1208,False
20183,1216,1207,False
20184,1216,1206,False
20185,1216,1205,False
20186,1216,1204,False
20187,1216,1203,False
20188,1216,1202,False
20189,1216,1201,False
20190,1216,1200,False
20191,1216,1199,False
20192,1216,1198,False
20193,1216,1197,False
20194,1216,1196,False
20195,1216,1195,False
20196,1216,1194,False
20197,1216,1193,False
20198,1216,1192,False
20199,1216,1191,False
20200,1216,1190,False
20201,1216,1189,False
20202,1216,1188,False
20203,1216,1187,False
20204,1216,1186,False
20205,1216,1185,False
20206,1216,1184,False
20207,1216,1183,False
20208,1216,1182,False
20209,1216,1181,False
20210,1216,1180,False
20211,1216,1179,False
20212,1216,1178,False
20213,1216,1177,False
20214,1216,1176,False
20215,1216,1175,False
20216,1216,1174,False
20217,1216,1173,False
20218,1216,1172,False
20219,1216,1171,False
20220,1216,1170,False
20221,1216,1169,False
20222,1217,1216,False
20223,1217,1214,False
20224,1217,1213,False
20225,1217,1212,False
20226,1217,1211,False
20227,1217,1210,False
20228,1217,1209,False
20229,1217,1208,False
20230,1217,1207,False
20231,1217,1206,False
20232,1217,1205,False
20233,1217,1204,False
20234,1217,1203,False
20235,1217,1202,False
20236,1217,1201,False
20237,1217,1200,False
20238,1217,1199,False
20239,1217,1198,False
20240,1217,1197,False
20241,1217,1196,False
20242,1217,1195,False
20243,1217,1194,False
20244,1217,1193,False
20245,1217,1192,False
20246,1217,1191,False
20247,1217,1190,False
20248,1217,1189,False
20249,1217,1188,False
20250,1217,1187,False
20251,1217,1186,False
20252,1217,1185,False
20253,1217,1184,False
20254,1217,1183,False
20255,1217,1182,False
20256,1217,1181,False
20257,1217,1180,False
20258,1217,1179,False
20259,1217,1178,False
20260,1217,1177,False
20261,1217,1176,False
20262,1217,1175,False
20263,1217,1174,False
20264,1217,1173,False
20265,1217,1172,False
20266,1217,1171,False
20267,1217,1170,False
20268,1217,1169,False
20269,1218,1217,False
20270,1218,1216,False
20271,1218,1214,False
20272,1218,1213,False
20273,1218,1212,False
20274,1218,1211,False
20275,1218,1210,False
20276,1218,1209,False
20277,1218,1208,False
20278,1218,1207,False
20279,1218,1206,False
20280,1218,1205,False
20281,1218,1204,False
20282,1218,1203,False
20283,1218,1202,False
20284,1218,1201,False
20285,1218,1200,False
20286,1218,1199,False
20287,1218,1198,False
20288,1218,1197,False
20289,1218,1196,False
20290,1218,1195,False
20291,1218,1194,False
20292,1218,1193,False
20294,1218,1191,False
20295,1218,1190,False
20296,1218,1189,False
20297,1218,1188,False
20298,1218,1187,False
20299,1218,1186,False
20300,1218,1185,False
20301,1218,1184,False
20302,1218,1183,False
20303,1218,1182,False
20304,1218,1181,False
20305,1218,1180,False
20306,1218,1179,False
20307,1218,1178,False
20308,1218,1177,False
20309,1218,1176,False
20310,1218,1175,False
20311,1218,1174,False
20312,1218,1173,False
20313,1218,1172,False
20314,1218,1171,False
20315,1218,1170,False
20316,1218,1169,False
20317,1218,284,False
20318,1219,1218,False
20319,1219,1217,False
20320,1219,1216,False
20321,1219,1214,False
20322,1219,1213,False
20323,1219,1212,False
20324,1219,1211,False
20325,1219,1210,False
20326,1219,1209,False
20327,1219,1208,False
20328,1219,1207,False
20329,1219,1206,False
20330,1219,1205,False
20331,1219,1204,False
20332,1219,1203,False
20333,1219,1202,False
20334,1219,1201,False
20335,1219,1200,False
20336,1219,1199,False
20338,1219,1197,False
20339,1219,1196,False
20340,1219,1195,False
20341,1219,1194,False
20342,1219,1193,False
20343,1219,1192,False
20344,1219,1191,False
20345,1219,1190,False
20346,1219,1189,False
20347,1219,1188,False
20348,1219,1187,False
20349,1219,1186,False
20350,1219,1185,False
20351,1219,1184,False
20352,1219,1183,False
20353,1219,1182,False
20354,1219,1181,False
20355,1219,1180,False
20356,1219,1179,False
20357,1219,1178,False
20358,1219,1177,False
20359,1219,1176,False
20360,1219,1175,False
20361,1219,1174,False
20362,1219,1173,False
20363,1219,1172,False
20364,1219,1171,False
20365,1219,1170,False
20366,1219,1169,False
20368,1220,1219,False
20369,1220,1218,False
20370,1220,1217,False
20371,1220,1216,False
20372,1220,1214,False
20373,1220,1213,False
20374,1220,1212,False
20375,1220,1211,False
20376,1220,1210,False
20377,1220,1209,False
20378,1220,1208,False
20379,1220,1207,False
20380,1220,1206,False
20381,1220,1205,False
20382,1220,1204,False
20384,1220,1202,False
20385,1220,1201,False
20386,1220,1200,False
20387,1220,1199,False
20388,1220,1198,False
20389,1220,1197,False
20390,1220,1196,False
20391,1220,1195,False
20392,1220,1194,False
20393,1220,1193,False
20394,1220,1192,False
20395,1220,1191,False
20396,1220,1190,False
20397,1220,1189,False
20398,1220,1188,False
20399,1220,1187,False
20400,1220,1186,False
20401,1220,1185,False
20402,1220,1184,False
20403,1220,1183,False
20404,1220,1182,False
20405,1220,1181,False
20406,1220,1180,False
20407,1220,1179,False
20408,1220,1178,False
20409,1220,1177,False
20410,1220,1176,False
20411,1220,1175,False
20412,1220,1174,False
20413,1220,1173,False
20414,1220,1172,False
20415,1220,1171,False
20416,1220,1170,False
20417,1220,1169,False
20418,1221,1220,False
20419,1221,1219,False
20420,1221,1218,False
20421,1221,1217,False
20422,1221,1216,False
20423,1221,1214,False
20424,1221,1213,False
20425,1221,1212,False
20426,1221,1211,False
20427,1221,1210,False
20428,1221,1209,False
20430,1221,1207,False
20431,1221,1206,False
20432,1221,1205,False
20433,1221,1204,False
20434,1221,1203,False
20435,1221,1202,False
20436,1221,1201,False
20437,1221,1200,False
20438,1221,1199,False
20439,1221,1198,False
20440,1221,1197,False
20441,1221,1196,False
20442,1221,1195,False
20443,1221,1194,False
20444,1221,1193,False
20445,1221,1192,False
20446,1221,1191,False
20447,1221,1190,False
20448,1221,1189,False
20449,1221,1188,False
20450,1221,1187,False
20451,1221,1186,False
20452,1221,1185,False
20453,1221,1184,False
20454,1221,1183,False
20455,1221,1182,False
20456,1221,1181,False
20457,1221,1180,False
20458,1221,1179,False
20459,1221,1178,False
20460,1221,1177,False
20461,1221,1176,False
20462,1221,1175,False
20463,1221,1174,False
20464,1221,1173,False
20465,1221,1172,False
20466,1221,1171,False
20467,1221,1170,False
20468,1221,1169,False
20469,1222,1221,False
20470,1222,1220,False
20471,1222,1219,False
20472,1222,1218,False
20473,1222,1217,False
20474,1222,1216,False
20475,1222,1214,False
20476,1222,1213,False
20477,1222,1212,False
20478,1222,1211,False
20479,1222,1210,False
20480,1222,1209,False
20481,1222,1208,False
20482,1222,1207,False
20483,1222,1206,False
20484,1222,1205,False
20485,1222,1204,False
20486,1222,1203,False
20487,1222,1202,False
20488,1222,1201,False
20489,1222,1200,False
20490,1222,1199,False
20491,1222,1198,False
20492,1222,1197,False
20493,1222,1196,False
20494,1222,1195,False
20495,1222,1194,False
20496,1222,1193,False
20498,1222,1191,False
20499,1222,1190,False
20500,1222,1189,False
20501,1222,1188,False
20502,1222,1187,False
20503,1222,1186,False
20504,1222,1185,False
20505,1222,1184,False
20506,1222,1183,False
20507,1222,1182,False
20508,1222,1181,False
20509,1222,1180,False
20511,1222,1178,False
20512,1222,1177,False
20513,1222,1176,False
20514,1222,1175,False
20515,1222,1174,False
20516,1222,1173,False
20517,1222,1172,False
20518,1222,1171,False
20519,1222,1170,False
20520,1222,1169,False
20521,1223,1222,False
20522,1223,1221,False
20523,1223,1220,False
20524,1223,1219,False
20525,1223,1218,False
20527,1223,1216,False
20528,1223,1214,False
20529,1223,1213,False
20530,1223,1212,False
20531,1223,1211,False
20532,1223,1210,False
20533,1223,1209,False
20534,1223,1208,False
20535,1223,1207,False
20536,1223,1206,False
20537,1223,1205,False
20538,1223,1204,False
20539,1223,1203,False
20540,1223,1202,False
20541,1223,1201,False
20542,1223,1200,False
20543,1223,1199,False
20544,1223,1198,False
20545,1223,1197,False
20546,1223,1196,False
20547,1223,1195,False
20548,1223,1194,False
20549,1223,1193,False
20550,1223,1192,False
20551,1223,1191,False
20552,1223,1190,False
20553,1223,1189,False
20554,1223,1188,False
20555,1223,1187,False
20556,1223,1186,False
20557,1223,1185,False
20558,1223,1184,False
20559,1223,1183,False
20560,1223,1182,False
20561,1223,1181,False
20562,1223,1180,False
20563,1223,1179,False
20564,1223,1178,False
20565,1223,1177,False
20566,1223,1176,False
20567,1223,1175,False
20568,1223,1174,False
20569,1223,1173,False
20570,1223,1172,False
20571,1223,1171,False
20572,1223,1170,False
20573,1223,1169,False
20574,1226,774,False
20576,1226,770,False
20578,1226,952,False
20581,1226,927,False
20583,1228,1227,False
20584,1228,1226,False
20585,1228,324,False
20589,1229,1228,False
20590,1229,1227,False
20591,1229,1226,False
20595,1230,1229,False
20596,1230,1228,False
20597,1230,1227,False
20598,1230,1226,False
20599,1231,774,False
20601,1231,1230,False
20602,1231,1229,False
20603,1231,1228,False
20604,1231,1227,False
20605,1231,1226,False
20606,1232,1231,False
20607,1232,1230,False
20608,1232,1229,False
20609,1232,1228,False
20610,1232,1227,False
20611,1232,1226,False
20613,1233,1232,False
20614,1233,1231,False
20615,1233,1230,False
20616,1233,1229,False
20617,1233,1228,False
20618,1233,1227,False
20619,1233,1226,False
20621,1234,774,False
20622,1234,770,False
20623,1234,1233,False
20624,1234,1232,False
20625,1234,1231,False
20626,1234,1230,False
20627,1234,1229,False
20629,1234,1227,False
20630,1234,1226,False
20634,1235,1234,False
20635,1235,1233,False
20636,1235,1232,False
20637,1235,1231,False
20639,1235,1229,False
20640,1235,1228,False
20641,1235,1227,False
20642,1235,1226,False
20644,1235,952,False
20645,1235,947,False
20647,1235,927,False
20652,1236,1235,False
20653,1236,1234,False
20654,1236,1233,False
20655,1236,1232,False
20656,1236,1231,False
20657,1236,1230,False
20658,1236,1229,False
20659,1236,1228,False
20660,1236,1227,False
20661,1236,1226,False
20668,1236,940,False
20670,1236,936,False
20675,1237,774,False
20678,1237,1236,False
20679,1237,1235,False
20680,1237,1234,False
20681,1237,1233,False
20682,1237,1232,False
20683,1237,1231,False
20684,1237,1230,False
20685,1237,1229,False
20686,1237,1228,False
20687,1237,1227,False
20688,1237,1226,False
20689,1237,959,False
20693,1238,1237,False
20694,1238,1235,False
20695,1238,1233,False
20696,1238,1232,False
20697,1238,1230,False
20698,1238,1229,False
20699,1238,1228,False
20700,1238,1227,False
20701,1238,1226,False
20702,1239,1237,False
20703,1239,1236,False
20704,1239,1235,False
20705,1239,1234,False
20706,1239,1233,False
20707,1239,1232,False
20708,1239,1231,False
20709,1239,1230,False
20710,1239,1229,False
20712,1239,1227,False
20713,1239,1226,False
20714,1239,932,False
20715,1239,931,False
20716,1239,926,False
20718,1240,771,False
20720,1240,1239,False
20721,1240,1238,False
20722,1240,1237,False
20723,1240,1236,False
20724,1240,1235,False
20725,1240,1234,False
20726,1240,1233,False
20727,1240,1232,False
20728,1240,1231,False
20730,1240,1229,False
20731,1240,1228,False
20732,1240,1227,False
20733,1240,1226,False
20734,1240,961,False
20735,1240,952,False
20736,1240,947,False
20738,1240,927,False
20739,1242,1240,False
20740,1242,1238,False
20741,1242,1237,False
20742,1242,1235,False
20743,1242,1233,False
20744,1242,1232,False
20745,1242,1230,False
20746,1242,1229,False
20747,1242,1228,False
20748,1242,1227,False
20749,1242,1226,False
20750,1243,1242,False
20751,1243,1240,False
20752,1243,1239,False
20753,1243,1238,False
20754,1243,1237,False
20755,1243,1236,False
20756,1243,1235,False
20757,1243,1234,False
20758,1243,1233,False
20759,1243,1232,False
20760,1243,1231,False
20761,1243,1230,False
20762,1243,1229,False
20763,1243,1228,False
20764,1243,1227,False
20765,1243,1226,False
20766,1244,1243,False
20767,1244,1242,False
20768,1244,1240,False
20769,1244,1239,False
20770,1244,1238,False
20771,1244,1237,False
20772,1244,1236,False
20773,1244,1235,False
20774,1244,1234,False
20775,1244,1233,False
20776,1244,1232,False
20777,1244,1231,False
20778,1244,1230,False
20779,1244,1229,False
20780,1244,1228,False
20781,1244,1227,False
20782,1244,1226,False
20783,1244,935,False
20784,1246,1245,False
20785,1247,1244,False
20786,1247,1243,False
20787,1247,1240,False
20788,1247,1239,False
20789,1247,1236,False
20790,1247,1235,False
20791,1247,1234,False
20792,1247,1233,False
20793,1247,1232,False
20794,1247,1231,False
20795,1247,1230,False
20796,1247,1227,False
20797,1247,1226,False
20798,1247,932,False
20799,1247,931,False
20800,1247,926,False
20801,1248,1241,True
20802,1251,604,False
20803,1251,1250,False
20804,1251,389,False
20805,1251,356,False
20806,1252,1251,False
20807,1252,1250,False
20808,1253,1252,False
20809,1253,1251,False
20810,1253,1250,False
20811,1254,1253,False
20812,1254,1252,False
20813,1254,1251,False
20814,1254,1250,False
20816,1255,1253,False
20817,1255,1252,False
20818,1255,1251,False
20819,1255,1250,False
20820,1256,420,False
20821,1256,419,False
20822,1256,418,False
20823,1256,417,False
20824,1256,416,False
20825,1256,415,False
20826,1256,414,False
20827,1256,413,False
20828,1256,412,False
20829,1256,411,False
20830,1256,410,False
20831,1256,409,False
20832,1256,408,False
20833,1256,407,False
20834,1256,406,False
20835,1256,405,False
20836,1256,404,False
20837,1256,403,False
20838,1256,402,False
20839,1256,398,False
20840,1256,397,False
20841,1256,396,False
20842,1256,315,False
20843,1256,314,False
20844,1256,313,False
20845,1256,312,False
20846,1256,310,False
20847,1256,309,False
20848,1256,308,False
20849,1256,307,False
20850,1256,306,False
20851,1256,305,False
20852,1256,304,True
20853,1256,303,False
20854,1256,302,False
20855,1256,301,True
20856,1256,300,False
20857,1256,298,False
20858,1256,297,False
20859,1256,296,False
20860,1256,295,False
20861,1256,294,False
20862,1256,293,False
20863,1256,292,False
20864,1256,291,False
20865,1256,290,False
20866,1256,289,False
20867,1256,288,False
20868,1256,287,False
20869,1256,286,False
20870,1256,285,False
20871,1257,1249,False
20872,1258,1257,True
20873,1258,1249,False
20874,1259,1248,False
20875,1259,1241,False
20876,1260,1165,False
20877,1260,1164,False
20878,1261,1260,False
20879,1261,1165,False
20880,1261,1164,False
20881,1262,1261,False
20882,1262,1260,False
20883,1262,1165,False
20884,1262,1164,False
20885,1263,1262,False
20886,1263,1261,False
20887,1263,1260,False
20888,1263,1165,False
20889,1263,1164,False
20894,1265,1261,False
20896,1265,429,False
20897,1265,428,False
20898,1265,427,False
20899,1265,426,False
20901,1265,213,False
20904,1265,209,False
20905,1265,208,False
20906,1265,207,False
20907,1265,203,False
20908,1265,201,False
20909,1266,1263,False
20910,1266,1262,False
20911,1266,1261,False
20912,1266,1260,False
20913,1266,1165,False
20914,1266,1164,False
20915,1267,1266,False
20916,1267,1263,False
20917,1267,1262,False
20918,1267,1261,False
20919,1267,1260,False
20920,1267,399,False
20921,1267,397,False
20922,1267,396,False
20923,1267,395,False
20924,1267,394,False
20925,1267,393,False
20926,1267,392,False
20927,1267,391,False
20928,1267,390,False
20929,1267,1165,False
20930,1267,1164,False
20931,1268,1267,False
20932,1268,1266,False
20933,1268,1263,False
20934,1268,1262,False
20935,1268,1261,False
20936,1268,1260,False
20937,1268,1165,False
20938,1268,1164,False
20939,1269,1268,False
20940,1269,1267,False
20941,1269,1266,False
20942,1269,1263,False
20943,1269,1262,False
20944,1269,1261,False
20945,1269,1260,False
20946,1269,1165,False
20947,1269,1164,False
20948,1270,1269,False
20949,1270,1268,False
20950,1270,1267,False
20951,1270,1266,False
20953,1270,1263,False
20954,1270,1262,False
20955,1270,1261,False
20956,1270,1260,False
20957,1270,1165,False
20958,1270,1164,False
20959,1271,1270,False
20960,1271,1269,False
20961,1271,1268,False
20962,1271,1267,False
20963,1271,1266,False
20965,1271,1263,False
20966,1271,1262,False
20967,1271,1261,False
20968,1271,1260,False
20969,1271,1165,False
20970,1271,1164,False
20971,1272,1271,False
20972,1272,1270,False
20973,1272,1269,False
20974,1272,1268,False
20975,1272,1267,False
20976,1272,1266,False
20977,1272,1263,False
20978,1272,1262,False
20979,1272,1261,False
20980,1272,1260,False
20981,1272,1165,False
20982,1272,1164,False
20983,1273,1272,False
20984,1273,1271,False
20985,1273,1270,False
20986,1273,1269,False
20987,1273,1268,False
20988,1273,1267,False
20989,1273,1266,False
20990,1273,1263,False
20991,1273,1262,False
20992,1273,1261,False
20993,1273,1260,False
20994,1273,1165,False
20995,1273,1164,False
20996,1274,1268,False
20997,1274,1273,False
20998,1274,1272,False
20999,1274,1271,False
21000,1274,1270,False
21001,1274,1269,False
21002,1274,1267,False
21003,1274,1266,False
21004,1274,1263,False
21005,1274,1262,False
21006,1274,1261,False
21007,1274,1260,False
21008,1274,1165,False
21009,1274,1164,False
21010,1275,1274,False
21011,1275,1273,False
21012,1275,1272,False
21013,1275,1271,False
21014,1275,1270,False
21015,1275,1269,False
21016,1275,1268,False
21017,1275,1267,False
21018,1275,1266,False
21019,1275,1263,False
21020,1275,1262,False
21021,1275,1261,False
21022,1275,1260,False
21023,1275,1165,False
21024,1275,1164,False
21025,1276,1275,False
21026,1276,1274,False
21027,1276,1273,False
21028,1276,1272,False
21029,1276,1271,False
21030,1276,1270,False
21031,1276,1269,False
21032,1276,1268,False
21033,1276,1267,False
21034,1276,1266,False
21035,1276,1263,False
21036,1276,1262,False
21037,1276,1261,False
21038,1276,1260,False
21039,1276,1165,False
21040,1276,1164,False
21041,1277,1276,False
21042,1277,1275,False
21043,1277,1274,False
21044,1277,1273,False
21045,1277,1272,False
21046,1277,1271,False
21047,1277,1270,False
21048,1277,1269,False
21049,1277,1268,False
21050,1277,1267,False
21051,1277,1266,False
21052,1277,1263,False
21053,1277,1262,False
21054,1277,1261,False
21055,1277,1260,False
21056,1277,1165,False
21057,1277,1164,False
21058,1278,1277,False
21059,1278,1276,False
21060,1278,1275,False
21061,1278,1274,False
21062,1278,1273,False
21063,1278,1272,False
21064,1278,1271,False
21065,1278,1270,False
21066,1278,1269,False
21067,1278,1268,False
21068,1278,1267,False
21069,1278,1266,False
21070,1278,1263,False
21071,1278,1262,False
21072,1278,1261,False
21073,1278,1260,False
21074,1278,1165,False
21075,1278,1164,False
21076,1279,1278,False
21077,1279,1277,False
21078,1279,1276,False
21079,1279,1275,False
21080,1279,1274,False
21081,1279,1273,False
21082,1279,1272,False
21083,1279,1271,False
21084,1279,1270,False
21085,1279,1269,False
21086,1279,1268,False
21087,1279,1267,False
21088,1279,1266,False
21089,1279,1263,False
21090,1279,1262,False
21091,1279,1261,False
21092,1279,1260,False
21093,1279,1165,False
21094,1279,1164,False
21095,1280,1279,True
21096,1280,1278,True
21097,1280,1277,True
21098,1280,1276,True
21099,1280,1275,True
21100,1280,1274,True
21101,1280,1273,True
21102,1280,1272,True
21103,1280,1271,True
21104,1280,1270,True
21105,1280,1269,True
21106,1280,1268,True
21107,1280,1267,True
21108,1280,1266,True
21109,1280,1263,True
21110,1280,1262,True
21111,1280,1261,True
21112,1280,1260,True
21113,1280,1165,True
21114,1280,1164,True
21115,1281,1280,False
21116,1281,1279,True
21117,1281,1278,True
21118,1281,1277,True
21119,1281,1276,True
21120,1281,1275,True
21121,1281,1274,True
21122,1281,1273,True
21123,1281,1272,True
21124,1281,1271,True
21125,1281,1270,True
21126,1281,1269,True
21127,1281,1268,True
21128,1281,1267,True
21129,1281,1266,True
21130,1281,1263,True
21131,1281,1262,True
21132,1281,1261,True
21133,1281,1260,True
21134,1281,1165,True
21135,1281,1164,True
21136,1282,1281,False
21137,1282,1280,False
21138,1282,1279,True
21139,1282,1278,True
21140,1282,1277,True
21141,1282,1276,True
21142,1282,1275,True
21143,1282,1274,True
21144,1282,1273,True
21145,1282,1272,True
21147,1282,1270,True
21148,1282,1269,True
21149,1282,1268,True
21150,1282,1267,True
21151,1282,1266,True
21152,1282,1265,False
21153,1282,1263,True
21154,1282,1262,True
21155,1282,1261,True
21156,1282,1260,True
21157,1282,1165,True
21158,1282,1164,True
21159,1284,1283,False
21160,1285,1284,False
21161,1285,1283,False
21162,1286,1285,False
21163,1286,1284,False
21164,1286,1283,False
21165,1287,1286,False
21166,1287,1285,False
21167,1287,1284,False
21168,1287,1283,False
21169,1287,316,False
21170,1289,1288,False
21171,1290,1289,False
21172,1290,1288,False
21173,1291,1282,False
21174,1291,1281,False
21175,1291,1280,False
21176,1291,1279,True
21177,1291,1278,True
21178,1291,1277,True
21179,1291,1276,True
21180,1291,1275,True
21181,1291,1274,True
21182,1291,1273,True
21183,1291,1272,True
21184,1291,1271,True
21185,1291,1270,True
21186,1291,1269,True
21187,1291,1268,True
21188,1291,1267,True
21189,1291,1266,True
21190,1291,1263,True
21191,1291,1262,True
21192,1291,1261,True
21193,1291,1260,True
21194,1291,1165,True
21195,1291,1164,True
21196,1292,401,False
21197,1292,400,False
21199,1293,1290,False
21200,1293,1289,False
21201,1293,1288,False
21202,1294,1293,False
21203,1294,1290,False
21204,1294,1289,False
21205,1294,1288,False
