D1,D2,responses,s-weight
3,436,True,0.5121687650680542
4,2284,False,0.5919520854949951
8,3335,False,0.0
9,890,True,0.7437613606452942
10,1484,False,0.5805370211601257
10,5104,False,0.763752281665802
11,73,True,0.5308917164802551
19,1263,False,0.7274896502494812
21,4889,True,0.7204132080078125
23,5026,True,0.8474622964859009
26,5190,True,0.7632163763046265
27,5834,False,0.5460893511772156
30,759,False,0.0
31,3869,True,0.6939626932144165
33,2688,False,0.0
33,1494,True,0.8688443899154663
33,4089,False,0.4720751941204071
34,2605,True,0.6510984897613525
37,1450,True,0.5830063819885254
40,2930,True,0.6639564037322998
41,1694,True,0.8483496308326721
42,734,True,0.598915696144104
44,2757,True,0.7262867093086243
45,3384,False,0.0
45,2168,True,0.8029116988182068
49,4413,True,0.6892825961112976
50,3695,True,0.7679340839385986
54,46,False,0.6520261764526367
58,1668,True,0.6926147937774658
59,5832,True,0.427620530128479
59,6037,False,0.0
64,2415,False,0.8266816735267639
64,1432,False,0.0
66,4373,True,0.7126305103302002
68,4927,True,0.7524594068527222
69,738,True,0.5936456918716431
73,5312,True,0.5640683770179749
75,1437,True,0.8596277832984924
77,5547,True,0.6893410682678223
79,3271,True,0.8784659504890442
81,5921,True,0.9195994138717652
82,1005,True,0.7651561498641968
82,5050,False,0.3989185392856598
83,76,True,0.5299309492111206
89,3288,False,0.5895030498504639
90,5260,True,0.7828311920166016
91,2658,False,0.0
91,2756,False,0.7655919790267944
92,4449,False,0.0
92,1696,False,0.0
92,554,False,0.0
95,971,False,0.0
95,3319,True,0.6821219325065613
99,3085,True,0.6566583514213562
100,2766,False,0.665969729423523
100,1320,False,0.0
102,2294,False,0.0
110,3604,True,0.728653073310852
111,3685,True,0.5479689836502075
111,2113,False,0.0
112,2376,True,0.3263565003871918
114,5191,False,0.8782569169998169
114,3692,False,0.0
115,3616,True,0.6682067513465881
118,805,True,0.6342483758926392
119,1251,True,0.7331428527832031
120,3948,True,0.6643410325050354
126,2765,True,0.614250123500824
127,3872,True,0.6925628781318665
129,1443,True,0.6518833041191101
131,4824,False,0.3501973152160644
132,5946,False,0.0
132,1689,False,0.0
132,1930,False,0.8992794752120972
136,1461,True,0.7371390461921692
138,41,True,0.8456442356109619
139,1810,True,0.5977203845977783
143,829,False,0.8924022316932678
143,3880,False,0.0
145,5423,False,0.5407772064208984
147,1924,True,0.693516731262207
151,5124,False,0.5967887043952942
156,1049,False,0.8567301034927368
158,4906,False,0.4907398223876953
159,5522,False,0.4687811136245727
160,3999,True,0.7067943215370178
161,1356,True,0.6494203209877014
163,5138,False,0.6325780153274536
166,3115,False,0.0
167,2452,False,0.0
168,5320,False,0.0
168,4930,False,0.0
169,3047,False,0.5312545299530029
170,5834,False,0.4515825510025024
170,1000,True,0.5859105587005615
173,3564,False,0.5394473671913147
175,1571,False,0.4946780800819397
175,4589,True,0.8538366556167603
177,256,True,0.6545331478118896
180,1330,True,0.6722639203071594
183,3170,False,0.5531246662139893
184,1470,True,0.6622433066368103
186,1803,False,0.4878041446208954
186,4560,False,0.0
186,5419,False,0.0
187,5337,False,0.4997105002403259
188,4610,True,0.6961753964424133
189,4557,False,0.5585716366767883
189,5845,False,0.0
191,3586,False,0.4332160949707031
192,3081,False,0.0
193,4188,True,0.8518941402435303
194,3714,False,0.4436266422271728
194,670,True,0.6851839423179626
203,3859,False,0.5622342228889465
204,4858,False,0.0
204,4029,False,0.0
204,3306,False,0.0
204,4046,False,0.0
207,4285,False,0.0
207,2505,False,0.771669864654541
207,4104,False,0.0
213,4230,True,0.6248139142990112
216,2503,True,0.8822300434112549
216,2037,False,0.5190014839172363
217,1085,True,0.5971007943153381
218,4178,True,0.8148720264434814
219,2624,True,0.6730027198791504
221,2292,False,0.5808855891227722
223,4173,True,0.4617413878440857
223,303,False,0.4403842687606811
226,4202,True,0.7008559703826904
227,5995,False,0.0
227,454,True,0.7502763867378235
228,5922,True,0.4856590926647186
229,796,False,0.4821621477603912
232,5603,True,0.7692371606826782
235,6053,False,0.6612969636917114
236,3268,True,0.6067936420440674
239,1554,True,0.8314616084098816
241,1188,True,0.5874160528182983
242,4309,False,0.0
242,4401,False,0.0
244,4870,False,0.4489595592021942
244,1676,True,0.7286046743392944
247,468,False,0.5416269898414612
247,4574,False,0.0
248,3176,False,0.0
248,5955,False,0.0
248,4790,True,0.7393373250961304
249,2434,False,0.0
251,1482,True,0.7335309982299805
252,1200,True,0.6456577181816101
253,5693,False,0.0
255,5227,False,0.8508090972900391
255,4979,False,0.0
257,1893,True,0.6486913561820984
257,2393,False,0.4608252644538879
262,2768,True,0.6124359369277954
266,5570,False,0.0
268,5377,True,0.517465353012085
269,4381,True,0.7170242071151733
269,5693,False,0.5005667805671692
270,6027,False,0.4598073959350586
270,5807,False,0.5349398851394653
271,5894,False,0.6030470728874207
272,5943,False,0.5585943460464478
273,4482,False,0.5342926383018494
273,225,True,0.8003201484680176
273,5686,False,0.4699935913085937
274,2307,False,0.863257646560669
275,2517,True,0.5356848835945129
276,182,True,0.8230186700820923
282,1881,True,0.6169966459274292
284,5473,False,0.0
284,998,True,0.5176386833190918
284,3929,False,0.0
284,4523,False,0.0
285,5205,True,0.74761962890625
286,189,False,0.4532241821289062
287,714,False,0.7659786343574524
288,344,True,0.4767031967639923
289,139,True,0.531420886516571
290,6036,False,0.0
291,2156,True,0.710772693157196
292,4969,True,0.7494461536407471
293,1846,False,0.4426174163818359
293,3785,True,0.7512822151184082
294,2556,True,0.7992281913757324
295,2798,True,0.7890898585319519
301,187,False,0.6166352033615112
301,3990,False,0.7090687155723572
301,1219,False,0.76365065574646
304,3629,True,0.7771884799003601
306,4573,False,0.0
306,4543,False,0.8790956735610962
306,4263,False,0.0
307,789,True,0.5830539464950562
307,5293,False,0.0
309,4306,True,0.7423143982887268
310,5268,True,0.4894842207431793
311,4870,False,0.4976146817207336
311,4341,False,0.4883981943130493
312,4934,True,0.600563645362854
312,5710,False,0.0
314,969,True,0.6460719704627991
315,3429,True,0.5923611521720886
319,4812,False,0.0
319,5737,False,0.0
319,1575,False,0.8306015729904175
319,572,False,0.0
320,4683,True,0.5716928243637085
321,5162,True,0.796173632144928
322,5337,True,0.7235535383224487
323,2373,False,0.0
323,4226,True,0.6302440762519836
326,876,False,0.0
329,5150,True,0.5837198495864868
333,3476,True,0.7063785791397095
334,3413,True,0.7140591740608215
335,5658,False,0.0
335,886,False,0.8104067444801331
345,3305,False,0.0
345,5040,True,0.729555606842041
345,3874,False,0.5694081783294678
345,5960,False,0.6194512248039246
346,4114,False,0.0
347,2696,True,0.8531137108802795
350,5905,False,0.0
354,4206,False,0.6156325936317444
355,3755,True,0.6590240597724915
358,1678,True,0.7431209087371826
361,2347,True,0.7134087085723877
365,5176,False,0.0
365,3657,False,0.0
369,2308,True,0.506662130355835
372,5126,False,0.0
375,997,True,0.7530754208564758
379,5801,False,0.0
379,2305,True,0.8009135723114014
380,581,False,0.8314027786254883
380,4153,False,0.0
381,3064,False,0.4998487830162048
381,5630,True,0.8189980983734131
385,5103,True,0.7125508785247803
386,769,False,0.38984414935112
387,2869,True,0.7205731868743896
388,4695,True,0.6675646901130676
390,4314,False,0.6718806028366089
392,1127,False,0.5806685090065002
392,5775,False,0.0
393,3317,False,0.7926523685455322
393,5719,False,0.0
395,5108,True,0.7369785904884338
402,2859,False,0.0
402,705,False,0.8684492111206055
405,420,True,0.5831128358840942
407,1395,False,0.0
408,5449,True,0.6175139546394348
411,4711,False,0.4510478973388672
411,1038,False,0.5148245096206665
416,5125,False,0.0
417,2096,True,0.7293807864189148
418,5008,False,0.0
419,4576,True,0.8398284316062927
423,5070,True,0.5815905332565308
426,647,True,0.7012904286384583
427,5948,True,0.7606515288352966
428,5675,True,0.6902623176574707
430,5321,True,0.6790421009063721
431,1416,True,0.5789507627487183
433,2806,False,0.551393985748291
438,86,False,0.7778394818305969
443,788,True,0.667280912399292
445,5651,True,0.6912744641304016
446,5689,False,0.8356124758720398
447,3095,False,0.5338802933692932
453,4968,False,0.7901308536529541
454,4468,False,0.0
454,5112,False,0.0
454,5411,False,0.0
454,2715,True,0.8523924350738525
455,6032,False,0.6142712235450745
461,5323,False,0.0
462,5637,False,0.4560572206974029
462,5485,False,0.5338758826255798
463,3767,True,0.5755828619003296
464,974,True,0.753591775894165
465,2526,False,0.5610944032669067
466,4781,True,0.7404490113258362
466,3461,False,0.5541079044342041
468,1545,False,0.6419276595115662
469,1280,True,0.7989424467086792
477,5145,False,0.8542224764823914
480,4192,True,0.6566991806030273
480,1889,False,0.5653164386749268
481,29,False,0.5902588367462158
482,3617,True,0.7038930058479309
484,3890,False,0.0
485,2822,False,0.0
485,2634,True,0.9072449207305908
486,4196,False,0.0
486,4872,False,0.0
486,4761,True,0.7106844186782837
487,429,True,0.7360605001449585
488,5516,True,0.7622350454330444
489,2153,True,0.4838116765022278
490,2598,False,0.6297881007194519
490,2705,False,0.6303073167800903
493,5246,False,0.8796568512916565
494,791,True,0.7298930883407593
495,3763,False,0.0
495,79,True,0.4162889420986175
496,5917,True,0.7443669438362122
496,2219,False,0.36383718252182
497,5757,True,0.560886025428772
499,3734,True,0.7237062454223633
500,3914,True,0.4630526602268219
502,19,False,0.0
502,4592,False,0.0
505,2814,False,0.5758051872253418
505,5760,False,0.5929931402206421
508,4845,True,0.7809680104255676
508,2881,False,0.0
508,6053,False,0.0
509,3725,False,0.4913787245750427
510,676,False,0.0
510,1142,False,0.0
510,2370,False,0.0
514,1958,False,0.0
515,553,True,0.7143805027008057
516,3989,False,0.6305558681488037
516,2451,True,0.7092962265014648
517,693,False,0.0
517,1368,False,0.7503902316093445
517,641,False,0.0
518,1414,False,0.4252040684223175
519,2996,False,0.5029438734054565
522,877,True,0.7533472180366516
523,937,False,0.9051218628883362
524,1521,True,0.7359514236450195
528,4966,True,0.6997601985931396
532,4741,False,0.0
532,2931,True,0.4270649552345276
533,3109,True,0.671271800994873
538,5208,False,0.825174868106842
539,2198,True,0.5429238677024841
540,1845,True,0.7552487254142761
542,5869,False,0.7425824999809265
543,1058,False,0.0
546,61,True,0.8232012987136841
551,1097,True,0.6953842639923096
554,864,False,0.0
554,2330,False,0.0
556,5938,True,0.477562665939331
558,4450,False,0.6981073617935181
565,495,True,0.8521690368652344
566,5337,False,0.0
569,4469,False,0.8085536360740662
572,875,False,0.5100491642951965
572,3565,True,0.6949564218521118
572,4587,False,0.5648096203804016
573,2994,True,0.6001920700073242
574,1592,False,0.7831813097000122
576,3585,True,0.6566829085350037
581,5030,False,0.4957826733589172
582,6053,False,0.0
582,1946,True,0.5063439011573792
584,2614,True,0.7258975505828857
586,725,True,0.5948596596717834
587,3394,True,0.8297867178916931
588,5361,False,0.0
590,241,True,0.7488420009613037
593,5106,False,0.4732967019081116
595,1448,False,0.7076977491378784
597,5165,False,0.0
598,4867,False,0.0
598,4175,False,0.5535657405853271
598,3238,False,0.8560950756072998
598,3577,False,0.5407372713088989
599,4275,True,0.6461422443389893
602,3514,False,0.5347914695739746
602,3494,False,0.6037650108337402
604,2950,False,0.0
604,1985,True,0.8622232675552368
606,5475,False,0.0
606,752,False,0.5882295966148376
606,1961,False,0.5072662830352783
608,3745,False,0.2738882601261139
608,3277,False,0.5596711039543152
608,5133,False,0.4183974862098694
609,5407,False,0.0
609,5452,False,0.0
609,2339,False,0.4451630115509033
610,5840,False,0.0
610,3909,True,0.890366792678833
611,5206,True,0.8919287919998169
611,4845,False,0.0
611,5249,False,0.0
612,3796,True,0.5729460716247559
612,5927,False,0.3501198291778564
613,2548,True,0.6595068573951721
615,3463,False,0.5619966387748718
617,2718,True,0.6563929915428162
618,1147,True,0.7698934078216553
619,3624,False,0.0
619,3962,False,0.7269124984741211
620,5498,False,0.5244858860969543
621,3741,True,0.5803949236869812
622,5167,True,0.6748618483543396
627,4844,False,0.4776086807250976
627,5504,False,0.4607200026512146
629,5142,False,0.3280194103717804
629,5717,False,0.0
629,5776,False,0.0
631,5800,False,0.0
631,2974,False,0.0
631,5484,True,0.5839813351631165
632,3968,False,0.6218265295028687
633,1374,True,0.4404431283473968
634,5125,False,0.0
636,5898,False,0.5945668816566467
636,1014,True,0.502226710319519
637,5723,False,0.0
637,1440,False,0.7973904609680176
637,2035,False,0.0
638,1397,True,0.650468647480011
639,1989,True,1.0000001192092896
639,5385,False,0.6196863651275635
640,5435,False,0.0
641,3495,True,0.7381759285926819
643,4548,True,0.6313508749008179
645,198,True,0.6720944046974182
647,2903,True,0.8261272311210632
649,5329,False,0.6205866932868958
649,441,True,0.6388066411018372
651,5407,False,0.0
651,4629,False,0.4315412640571594
651,3424,False,0.4935460686683655
652,5798,False,0.3430706560611725
653,893,False,0.8345810174942017
654,3502,False,0.4508237540721893
654,368,False,0.7394723296165466
654,5020,False,0.0
658,3854,False,0.8592638969421387
660,1600,True,0.5451368689537048
661,3425,False,0.5297788977622986
661,4951,True,0.8415212631225586
663,2085,True,0.8006013631820679
665,5183,False,0.0
665,5299,False,0.0
665,5523,False,0.0
670,5455,False,0.0
672,6011,True,0.623329222202301
673,1053,True,0.7152577042579651
675,5535,False,0.0
675,3727,False,0.8404140472412109
676,3001,True,0.652172327041626
677,1454,False,0.6007521152496338
679,5940,True,0.7214924097061157
680,1314,False,0.6482906341552734
683,676,True,0.5618687272071838
683,1631,False,0.7919586896896362
684,5930,False,0.0
685,550,True,0.6967114210128784
685,5037,False,0.4809055626392364
686,307,False,0.4375537931919098
690,8,True,0.4873189628124237
691,6017,False,0.0
691,5923,False,0.0
691,3237,True,0.601876974105835
691,4434,False,0.0
692,1742,True,0.7148662805557251
693,2463,True,0.7438452243804932
694,5878,False,0.0
695,3605,True,0.7715139389038086
699,5916,True,0.8505914807319641
701,385,True,0.6926860809326172
702,5679,False,0.6718137860298157
707,2787,True,0.7643712162971497
709,754,False,0.47589111328125
710,4634,True,0.7412419319152832
711,4006,False,0.5887327194213867
714,3376,False,0.0
714,3486,False,0.6085904836654663
715,2204,False,0.0
716,2725,True,0.7886600494384766
718,3232,True,0.7309119701385498
720,5584,True,0.7337537407875061
724,4862,True,0.6959877610206604
724,5211,False,0.0
727,3670,False,0.0
727,3117,False,0.0
727,2195,False,0.0
728,1289,False,0.0
728,4010,False,0.8220431208610535
736,4689,True,0.7535539865493774
738,5961,False,0.4814144372940063
739,5946,False,0.0
743,2005,False,0.5250334739685059
743,5968,False,0.6193655729293823
744,755,False,0.0
744,600,False,0.0
745,3450,False,0.5320339202880859
746,453,False,0.0
747,547,False,0.689218282699585
750,2688,False,0.5946245789527893
750,1494,False,0.5994449853897095
752,4342,True,0.820417046546936
753,2189,True,0.7565774917602539
753,362,False,0.3808079361915588
754,4189,False,0.7973902225494385
755,5707,False,0.4307093918323517
755,743,True,0.6267006397247314
757,2900,True,0.6165144443511963
759,2629,False,0.8514399528503418
762,878,True,0.6523412466049194
763,2752,False,0.8032166957855225
763,3652,False,0.0
764,133,True,0.5952003002166748
767,5481,True,0.7342332601547241
768,4362,False,0.7217805981636047
768,6015,False,0.6753554940223694
769,3972,True,0.61640864610672
772,2484,False,0.8266158103942871
773,5775,False,0.5584403276443481
774,2016,False,0.0
774,2653,False,0.0
774,5973,False,0.0
776,4732,False,0.0
779,850,True,0.555082380771637
786,1132,True,0.7454178929328918
786,5009,False,0.0
789,1877,True,0.5782901644706726
791,93,True,0.5246093273162842
793,2041,True,0.4581876397132873
794,4518,True,0.6056074500083923
794,6052,False,0.6555347442626953
796,6036,False,0.556501030921936
797,44,True,0.5480515956878662
800,5559,False,0.7406196594238281
802,2499,True,0.6670159101486206
806,5554,False,0.0
806,423,True,0.6568772196769714
808,152,True,0.6279423236846924
809,1589,False,0.6685819029808044
811,1294,False,0.0
811,2492,False,0.8529843688011169
813,5616,False,0.0
813,5852,False,0.4530392289161682
813,736,True,0.6716538667678833
815,5322,True,0.7955557107925415
816,2815,False,0.4574963748455047
819,528,True,0.7562196254730225
822,5762,True,0.5536128282546997
823,896,True,0.5317848920822144
824,969,False,0.0
824,66,True,0.8515701293945312
826,4220,True,0.7603771686553955
829,2694,True,0.7249631881713867
830,5409,True,0.61457359790802
831,5742,False,0.5909304022789001
833,2084,False,0.5106733441352844
839,885,False,0.0
839,2452,False,0.0
843,3628,True,0.8733447790145874
845,3100,False,0.0
846,4557,False,0.0
846,5845,False,0.487480103969574
847,5333,False,0.0
851,4895,False,0.0
852,4056,False,0.6068217158317566
853,1898,False,0.3309511542320251
854,2148,True,0.8008288145065308
858,146,True,0.8006840944290161
859,4116,False,0.4577623009681701
860,4497,False,0.4828923344612121
860,4547,False,0.0
862,6046,True,0.4338619709014892
866,1430,True,0.6961162090301514
869,3719,True,0.6752504706382751
870,457,True,0.6798040866851807
874,3659,False,0.0
874,3700,False,0.0
874,4587,False,0.0
879,4444,False,0.6103962659835815
879,3605,False,0.6979621052742004
881,3392,False,0.0
881,5664,False,0.0
881,2175,False,0.0
882,4442,False,0.0
884,2826,True,0.5674998760223389
885,2233,False,0.6361445188522339
886,5288,False,0.0
886,1013,False,0.5410217642784119
887,3949,False,0.6492490172386169
887,2130,False,0.0
889,2957,True,0.6789786219596863
890,6044,False,0.8001368641853333
891,4182,True,0.7611113786697388
897,1348,False,0.8515703678131104
897,2703,False,0.0
897,2184,False,0.0
897,5408,False,0.0
898,5305,False,0.4471887350082397
901,4218,True,0.6058908700942993
902,413,True,0.7434760928153992
902,4512,False,0.4918257296085357
902,5133,False,0.4611627161502838
911,4248,False,0.4477400183677673
916,5867,True,0.5935816168785095
918,164,False,0.4403674006462097
919,3306,False,0.0
919,4024,False,0.0
919,5270,True,0.6319498419761658
925,1093,True,0.4927022457122803
927,5089,False,0.6322180032730103
929,5664,False,0.5739420652389526
931,5554,False,0.5181728601455688
931,2875,False,0.6993908882141113
932,5459,True,0.6776002645492554
934,5633,False,0.555706799030304
935,3490,True,0.6727208495140076
938,4908,True,0.5431301593780518
939,2697,False,0.0
939,3383,True,0.6935434937477112
940,3037,True,0.7829070091247559
943,2063,False,0.0
943,2256,True,0.5863906741142273
947,3267,False,0.4347308874130249
947,5430,False,0.0
948,97,True,0.6407266855239868
951,2485,False,0.4093869924545288
951,5783,True,0.6940970420837402
952,4992,False,0.5378097295761108
952,3029,False,0.0
955,4174,False,0.5279978513717651
956,1863,True,0.7106611728668213
956,3871,False,0.5128229856491089
960,2070,False,0.0
962,3355,True,0.7722655534744263
965,1220,False,0.0
965,2167,False,0.0
965,3961,False,0.9086988568305968
967,2331,False,0.6006529927253723
968,28,True,0.7136503458023071
972,552,True,0.6439027190208435
973,755,False,0.0
973,6004,False,0.5681719183921814
973,4024,False,0.0
973,3422,False,0.6322641372680664
974,3718,True,0.7477571964263916
976,4876,False,0.4388315081596374
977,2,True,0.6431147456169128
979,3840,True,0.7155900597572327
981,1338,True,0.6905683875083923
982,4400,False,0.0
982,810,False,0.3911886513233185
983,6016,False,0.0
986,5255,True,0.8081468939781189
987,5402,True,0.6245089769363403
991,2326,True,0.5171612501144409
991,5209,False,0.0
993,3953,True,0.7594693899154663
997,2804,False,0.5253764390945435
997,2957,False,0.54143226146698
1000,1245,False,0.4676202535629272
1000,5361,False,0.0
1001,2927,True,0.8467023968696594
1003,4510,False,0.5295697450637817
1005,1401,False,0.6060103178024292
1006,1256,True,0.7219299077987671
1007,5222,False,0.5015257596969604
1012,1222,False,0.8761751651763916
1012,4336,False,0.0
1012,4707,False,0.0
1013,4803,True,0.7771443128585815
1020,1937,True,0.6915945410728455
1023,5698,False,0.0
1025,2846,False,0.5428712368011475
1025,261,False,0.0
1027,4902,False,0.0
1027,3732,False,0.0
1027,5180,False,0.0
1027,5856,False,0.0
1028,2915,True,0.7524340152740479
1029,842,True,0.690161943435669
1032,3039,False,0.5820891857147217
1032,4849,False,0.0
1034,930,True,0.713322103023529
1035,3668,False,0.8640936613082886
1036,5536,False,0.0
1036,5507,True,0.5470208525657654
1037,2071,True,0.5749682188034058
1038,3862,False,0.0
1038,346,False,0.0
1039,2992,False,0.717555820941925
1039,4681,False,0.6773073673248291
1040,257,True,0.7433210611343384
1042,3576,True,0.6608812212944031
1043,735,True,0.842450737953186
1044,203,False,0.7093397378921509
1045,2337,False,0.615641713142395
1046,5064,False,0.4406504034996032
1049,2710,True,0.7802515625953674
1050,2630,False,0.0
1051,4680,True,0.7164853811264038
1052,124,True,0.6854747533798218
1053,1220,False,0.8373228311538696
1054,5860,False,0.0
1056,5863,False,0.4946151375770569
1057,1852,True,0.7936750650405884
1057,2129,False,0.5722672939300537
1060,2784,True,0.680253267288208
1060,5316,False,0.0
1061,4593,True,0.7283802628517151
1062,2872,True,0.618454098701477
1063,4402,False,0.7812407612800598
1066,4014,True,0.7419621348381042
1067,2380,True,0.7707354426383972
1071,3820,False,0.5439983010292053
1071,3163,False,0.5541930198669434
1071,4088,False,0.4812533557415008
1072,2801,True,0.781876802444458
1073,6015,False,0.6035574078559875
1073,4362,False,0.6695641279220581
1073,4650,False,0.6831307411193848
1074,2822,False,0.7080842852592468
1074,2386,True,0.7035115361213684
1077,5290,True,0.6605613231658936
1078,2882,True,0.797784686088562
1082,4347,False,0.697326123714447
1085,3016,False,0.556908369064331
1086,2087,False,0.8536983728408813
1087,2783,False,0.4705725312232971
1087,3134,False,0.0
1088,5990,False,0.4224438667297363
1089,4199,False,0.0
1089,4379,False,0.5183502435684204
1090,3211,True,0.6968491673469543
1091,5970,False,0.5199189782142639
1092,2701,False,0.0
1092,3593,True,0.5142836570739746
1095,3972,False,0.4083109200000763
1100,4889,False,0.5930995941162109
1102,3217,True,0.7343342304229736
1106,4825,True,0.7647587656974792
1109,3342,False,0.4430118501186371
1110,3048,False,0.6316596269607544
1110,1582,False,0.6015177369117737
1110,5891,False,0.6677777767181396
1113,3193,False,0.8326503038406372
1114,1583,True,0.7593678832054138
1114,5831,False,0.0
1115,2280,True,0.6733745336532593
1118,4500,False,0.7921982407569885
1119,1181,True,0.6152341365814209
1123,2750,False,0.0
1123,1689,True,0.770553708076477
1125,723,True,0.7610199451446533
1125,5455,False,0.5780544877052307
1126,2363,True,0.4487009644508362
1131,2661,True,0.6825776100158691
1132,3264,False,0.0
1132,3559,True,0.8094714879989624
1135,3307,True,0.7264523506164551
1135,3927,False,0.0
1136,3716,True,0.7177866101264954
1137,5403,False,0.5246378779411316
1138,2651,False,0.0
1140,5226,False,0.5941503047943115
1142,2606,False,0.0
1142,2782,False,0.7125120759010315
1143,362,False,0.0
1145,496,True,0.5442065000534058
1147,4005,False,0.427464097738266
1148,4007,True,0.5821056962013245
1150,4728,True,0.7185809016227722
1155,3650,False,0.0
1156,2022,False,0.3914088010787964
1159,1562,True,0.8061069250106812
1161,3437,False,0.0
1161,560,False,0.8682944774627686
1163,4092,True,0.8333410620689392
1168,3620,True,0.6377037167549133
1169,1333,False,0.6424596905708313
1172,5211,False,0.0
1177,2402,False,0.5440869331359863
1178,5144,True,0.7892016172409058
1180,1763,False,0.620552659034729
1180,3272,False,0.4043620228767395
1183,3673,True,0.741764485836029
1187,325,True,0.7518525719642639
1188,654,True,0.7830800414085388
1194,3797,True,0.7019685506820679
1195,5947,False,0.5642513632774353
1196,2514,False,0.0
1197,1234,True,0.6821246147155762
1199,4302,True,0.5635325908660889
1201,1310,False,0.0
1201,1041,True,0.5194898247718811
1202,530,False,0.5176132321357727
1204,3127,True,0.6722223162651062
1205,3971,False,0.7501137852668762
1205,2824,False,0.3023612797260284
1206,1076,True,1.0
1206,2275,False,0.5319330096244812
1208,5102,True,0.525788426399231
1209,3468,False,0.4503922462463379
1210,2683,False,0.6395780444145203
1214,3160,True,0.7302272319793701
1216,846,False,0.668609619140625
1217,4317,False,0.0
1218,4983,True,0.8411995768547058
1219,1746,False,0.5763557553291321
1223,2504,True,0.8241329193115234
1224,148,False,0.3782821893692016
1224,3789,False,0.7232272028923035
1225,2320,True,0.6576381921768188
1228,5218,False,0.4090373814105987
1228,4066,False,0.0
1234,1323,True,0.6449328660964966
1236,5465,True,0.6740646362304688
1238,2566,True,0.6725929379463196
1239,2877,False,0.425824224948883
1239,3537,False,0.4296462535858154
1241,2890,True,0.7504045367240906
1242,3245,False,0.5918768644332886
1243,5280,True,0.5644071102142334
1247,5008,False,0.5140682458877563
1248,1963,False,0.7911877632141113
1249,5074,True,0.732340931892395
1252,4703,True,0.7996459007263184
1253,733,True,0.5459228157997131
1254,608,False,0.860835611820221
1256,2608,False,0.0
1256,5298,True,0.8750555515289307
1258,4441,False,0.6329094171524048
1259,2491,False,0.0
1259,2868,False,0.0
1259,4893,False,0.5444381237030029
1260,5798,False,0.3567083477973938
1262,1090,False,0.3372617661952972
1263,3537,True,0.605513334274292
1264,2743,False,0.0
1264,2584,True,0.7686241269111633
1264,4909,False,0.5137695074081421
1266,5793,True,0.4898167252540588
1266,2015,False,0.0
1267,4725,True,0.7392783761024475
1272,2514,False,0.56022047996521
1274,3913,False,0.0
1274,4387,False,0.3587898910045624
1275,2211,False,0.5357398986816406
1276,3658,True,1.0
1277,5258,True,0.7055882215499878
1277,5772,False,0.4273787438869476
1280,5608,False,0.6259620189666748
1281,2747,False,0.0
1281,1209,False,0.6236221790313721
1282,1709,False,0.8501602411270142
1282,1175,False,0.0
1282,3866,False,0.0
1282,3890,False,0.0
1283,499,False,0.4776592254638672
1283,2067,False,0.0
1285,5593,True,1.000000238418579
1286,709,True,0.7545953392982483
1287,5938,False,0.7669685482978821
1289,3974,False,0.7860601544380188
1293,5536,False,0.0
1293,3079,True,0.6478754281997681
1293,5831,False,0.0
1297,3209,False,0.5934963822364807
1297,4727,False,0.0
1301,5574,False,0.0
1303,5741,False,0.0
1305,2808,False,0.5620411038398743
1305,4795,False,0.0
1308,708,True,0.7786697745323181
1308,3968,False,0.5788121819496155
1310,5352,False,0.5811537504196167
1310,262,False,0.5523185729980469
1310,3414,False,0.5537108778953552
1311,4950,False,0.504952073097229
1311,5805,True,0.7898283004760742
1312,2879,False,0.5852012634277344
1315,5176,True,0.7552922964096069
1315,3657,False,0.2281520217657089
1315,6040,False,0.3423233032226562
1317,5407,False,0.0
1317,3932,False,0.0
1318,5431,True,0.6786020994186401
1320,4702,False,0.6758922934532166
1324,469,True,0.8002070188522339
1326,4054,True,0.7335385084152222
1334,653,True,0.6145347356796265
1335,5158,False,0.0
1335,4526,False,0.0
1335,6012,False,0.0
1335,4197,False,0.7730647325515747
1336,5771,False,0.5923537611961365
1337,1672,True,0.5982208251953125
1337,1457,False,0.0
1338,4748,False,0.6503629088401794
1338,3492,False,0.0
1338,5017,False,0.0
1338,3372,False,0.0
1341,4076,False,0.5138353109359741
1341,3889,False,0.5939561128616333
1342,673,True,0.5407965779304504
1343,2035,False,0.772955060005188
1346,4371,True,0.637779951095581
1348,2851,False,0.6092245578765869
1350,4710,True,0.8726497888565063
1351,4077,False,0.0
1351,785,False,0.0
1351,5008,True,0.6941655874252319
1353,3708,False,0.7970861196517944
1354,1741,True,0.7706481218338013
1360,3551,True,0.716744601726532
1361,4739,False,0.4606537222862243
1362,1128,True,0.8420276641845703
1363,271,True,0.7343757152557373
1364,5688,True,0.6302680969238281
1365,532,True,0.6922823786735535
1365,3391,False,0.0
1365,5806,False,0.0
1365,3705,False,0.0
1369,2731,False,0.8787299990653992
1370,3737,True,0.6057884693145752
1371,3641,False,0.0
1372,1509,False,0.0
1374,1035,True,0.5530481338500977
1375,2597,False,0.5299741625785828
1377,3738,True,0.7318391799926758
1377,5738,False,0.0
1377,5786,False,0.0
1378,4657,True,0.7174643278121948
1380,5493,False,0.0
1383,4942,True,0.5130005478858948
1384,4347,True,0.7763326168060303
1385,5100,False,0.4747348427772522
1385,5013,True,0.8616302013397217
1386,1033,True,0.6173882484436035
1387,3120,False,0.601993978023529
1387,4187,False,0.6420161724090576
1387,922,False,0.5268762707710266
1390,2374,False,0.0
1392,541,True,0.5502465963363647
1393,4493,False,0.7929732203483582
1393,3008,False,0.0
1394,6052,True,0.7605932950973511
1394,2650,False,0.0
1398,1515,False,0.5785107612609863
1400,1130,True,0.685250997543335
1403,5725,False,0.897965669631958
1404,5889,False,0.0
1404,3068,True,0.5659343600273132
1405,2729,True,0.7567273378372192
1407,4550,True,0.5195935964584351
1408,4826,False,0.8721458911895752
1410,3715,True,0.502852201461792
1411,5403,False,0.5189332365989685
1413,4165,False,0.0
1413,1270,True,0.904505968093872
1413,2653,False,0.0
1413,3069,False,0.0
1415,4946,False,0.0
1416,5786,False,0.4851219058036804
1418,3240,False,0.0
1420,1933,True,0.7348991632461548
1421,3508,True,1.0000001192092896
1425,3114,True,1.0
1426,5800,False,0.7406954765319824
1427,5428,True,0.7629374265670776
1431,5702,True,0.8728030920028687
1432,5907,False,0.5396440029144287
1432,5355,False,0.4786128997802734
1432,5179,False,0.578898012638092
1432,5687,True,0.7375721335411072
1433,2007,False,0.0
1433,2899,False,0.3457359671592712
1433,4900,True,0.8946207761764526
1434,2054,True,0.7553174495697021
1435,5277,True,0.7511818408966064
1436,4555,False,0.0
1437,3473,True,0.6832007169723511
1438,3692,True,0.5871285796165466
1439,4141,False,0.479650616645813
1439,5098,False,0.5233402848243713
1439,5990,False,0.0
1441,4781,False,0.5273421406745911
1441,3461,True,0.6742134690284729
1445,4492,False,0.0
1446,4468,False,0.4657446444034576
1446,5112,False,0.0
1446,5658,True,0.8821733593940735
1446,5411,False,0.0
1447,1134,True,0.6978662014007568
1448,5048,True,0.5672911405563354
1448,841,False,0.5591117739677429
1451,5350,True,0.7420099973678589
1453,1385,True,0.7679705023765564
1456,3163,True,0.6527705788612366
1458,2122,True,0.5600360631942749
1461,5460,True,0.8527522087097168
1462,507,False,0.5023475289344788
1462,5177,True,0.7145432829856873
1465,5653,True,0.7732343673706055
1467,1944,False,0.0
1467,2917,False,0.3761138916015625
1470,1760,True,0.5629975199699402
1473,4167,False,0.4579293727874756
1474,2362,True,0.7437187433242798
1475,4453,False,0.0
1475,5650,False,0.6370517611503601
1477,5934,False,0.895439624786377
1477,4867,False,0.0
1478,1767,False,0.6504607200622559
1478,4307,False,0.0
1479,1714,True,0.5493538975715637
1480,5767,False,0.7689884901046753
1481,1249,False,0.6366680860519409
1482,4729,True,0.6637811660766602
1483,4756,False,0.4180257320404053
1483,2746,False,0.0
1483,1019,True,0.6399142742156982
1485,2012,False,0.0
1486,4854,False,0.4981251955032348
1486,5310,False,0.562829852104187
1487,5133,False,0.0
1488,6002,False,0.0
1488,5980,False,0.0
1488,2706,False,0.0
1488,300,False,0.0
1490,5259,False,0.0
1490,2996,False,0.0
1491,1408,True,0.5653738975524902
1492,32,True,0.6906804442405701
1493,3937,False,0.0
1493,1786,False,0.0
1493,5967,False,0.0
1493,4427,False,0.0
1500,449,False,0.8502272367477417
1500,5342,True,0.8766981363296509
1501,3288,True,0.7211082577705383
1502,5330,False,0.0
1502,5493,False,0.5801531672477722
1503,312,True,0.7411327958106995
1504,753,True,0.7581992745399475
1506,1743,True,0.8086156249046326
1509,1929,True,0.6980193257331848
1510,2766,False,0.0
1510,1320,False,0.4283850491046905
1512,1894,False,0.6728702187538147
1512,5748,False,0.5962020754814148
1512,6031,False,0.570591926574707
1512,3207,True,0.7451869249343872
1513,3122,True,0.7673998475074768
1516,4673,True,0.575696587562561
1518,634,False,0.4792873859405517
1519,4154,True,0.4106755256652832
1523,958,True,0.7079784274101257
1525,5072,True,0.6932263374328613
1527,5597,False,0.5934008359909058
1531,473,False,0.4789302945137024
1532,890,False,0.4643614292144775
1533,1361,True,0.6434853076934814
1535,5969,False,0.5137271881103516
1535,5392,True,0.5986875891685486
1535,3183,False,0.6698358058929443
1536,2486,True,0.6958365440368652
1536,4863,False,0.5042014718055725
1537,2755,True,0.6355574131011963
1539,1196,True,0.73504239320755
1540,2373,True,0.5541730523109436
1540,5666,False,0.0
1541,4156,True,0.7550540566444397
1544,4926,False,0.8116832375526428
1544,950,False,0.0
1544,5638,False,0.0
1544,3745,False,0.0
1546,5139,False,0.4960449337959289
1546,4346,False,0.5135120749473572
1546,5005,False,0.5156058669090271
1547,5666,False,0.3732882142066955
1547,4443,False,0.7974520921707153
1548,5305,True,0.7275373935699463
1549,3016,True,0.6800233125686646
1550,1781,True,0.6764301061630249
1552,4887,True,0.6489280462265015
1552,5620,False,0.7469141483306885
1552,1260,False,0.8267881870269775
1552,3230,False,0.6035175919532776
1553,1913,False,0.7920677661895752
1556,4303,False,0.4951494634151459
1557,2848,False,0.8005550503730774
1558,5472,True,0.6836866140365601
1559,5616,True,0.6283748745918274
1559,5852,False,0.0
1560,1789,False,0.7694462537765503
1560,4625,False,0.0
1560,176,False,0.0
1562,5828,False,0.0
1562,167,False,0.0
1563,1082,False,0.0
1564,3169,False,0.5877811908721924
1564,1084,False,0.5970510244369507
1565,4204,True,0.72633957862854
1572,3274,True,0.7150721549987793
1573,5263,False,0.474903404712677
1577,4309,False,0.6592106819152832
1577,5988,False,0.0
1579,3989,False,0.0
1579,2451,False,0.0
1581,5336,False,0.3449227511882782
1582,3212,False,0.0
1583,4789,False,0.0
1583,4044,True,0.847604513168335
1583,4168,False,0.0
1583,6032,False,0.0
1584,4623,True,0.7231293320655823
1585,811,True,0.6803829073905945
1586,1426,False,0.0
1586,1244,False,0.0
1586,1892,True,0.6495230793952942
1586,2607,False,0.0
1587,2261,True,0.8206986784934998
1588,2643,False,0.7668147087097168
1591,4018,False,0.8671144843101501
1593,5736,False,0.0
1593,96,True,0.7697425484657288
1598,4517,False,0.0
1599,2914,True,0.7950528860092163
1600,872,True,0.5760659575462341
1604,1819,True,0.8199368119239807
1604,5810,False,0.0
1606,1823,False,0.6111293435096741
1606,671,False,0.3364219665527344
1606,3405,True,0.6969190835952759
1607,5756,False,0.0
1608,1777,False,0.0
1609,4413,False,0.4869495332241058
1609,1447,False,0.474551796913147
1610,6051,False,0.4790090918540954
1610,3510,False,0.4217899441719055
1610,375,True,0.774726390838623
1613,5701,False,0.5868725180625916
1613,4965,False,0.5786766409873962
1617,5778,False,0.8505131602287292
1618,4293,True,0.7689780592918396
1618,5771,False,0.4698437452316284
1624,5753,False,0.8031318783760071
1624,614,False,0.0
1625,1201,True,0.6883426904678345
1630,2037,True,0.7495862245559692
1634,5469,False,0.0
1634,6037,True,0.4871269464492798
1634,6007,False,0.0
1636,507,True,0.7008209228515625
1636,5177,False,0.4827556014060974
1637,1969,True,0.7779150605201721
1638,5712,False,0.0
1638,557,True,0.7495459318161011
1638,3522,False,0.7495459318161011
1639,5876,False,0.0
1640,776,False,0.3542585372924804
1643,1692,False,0.0
1644,5678,False,0.0
1647,4293,False,0.4558085799217224
1648,1380,True,0.7950173020362854
1652,5681,False,0.4029649794101715
1652,5963,False,0.0
1652,4737,False,0.0
1652,4586,True,0.6141474843025208
1655,3965,True,0.8369084000587463
1657,5649,False,0.0
1657,3263,False,0.0
1658,1523,False,0.574682354927063
1659,1710,False,0.0
1660,3264,False,0.5878344774246216
1660,2039,True,0.7545934319496155
1660,3559,False,0.0
1661,1253,True,0.6434406638145447
1662,45,True,0.5970669984817505
1664,497,True,0.7711912393569946
1665,3719,False,0.5688642859458923
1665,3318,False,0.5021403431892395
1665,458,True,0.8256806135177612
1666,908,True,0.6360691785812378
1667,1592,False,0.0
1667,1882,True,0.7713499665260315
1668,4780,False,0.4378587603569031
1668,4903,False,0.496156632900238
1669,5954,False,0.4312295913696289
1673,6051,False,0.0
1676,630,True,0.4793432950973511
1677,1687,True,0.5969811081886292
1679,797,False,0.0
1679,2286,False,0.4840410351753235
1681,4002,True,0.6298151016235352
1683,370,True,0.7091864347457886
1684,5975,True,0.4561046361923218
1686,5969,False,0.0
1687,5939,True,0.583687961101532
1688,3887,False,0.4795014262199402
1690,1398,False,0.7900445461273193
1690,4384,False,0.0
1690,3761,False,0.0
1690,5751,False,0.0
1691,3876,True,0.882169246673584
1691,3646,False,0.4589755535125732
1692,5007,True,0.7008911371231079
1693,783,True,0.473528504371643
1694,4430,False,0.0
1694,4696,False,0.0
1696,1059,True,0.4967197179794311
1697,5097,False,0.7673454880714417
1698,2564,True,0.4917899966239929
1698,698,False,0.4506926536560058
1699,3507,True,0.5943425893783569
1699,5731,False,0.0
1700,5842,False,0.478598028421402
1701,4843,True,0.7749453783035278
1702,3853,False,0.5547207593917847
1704,327,True,0.7189381718635559
1705,1646,True,0.6658180952072144
1706,2372,False,0.8899317383766174
1706,2961,False,0.0
1707,4787,False,0.0
1708,1255,False,0.6104356646537781
1710,1656,True,0.4607991278171539
1712,5699,False,0.5477924942970276
1713,3087,False,0.5055871605873108
1713,3724,False,0.0
1713,4592,False,0.0
1714,27,True,0.7102834582328796
1716,4883,False,0.7958382368087769
1719,1720,True,0.6749104261398315
1720,5297,True,0.6895326972007751
1721,4575,True,0.6646906137466431
1722,5141,True,0.6285350918769836
1724,635,True,0.6593360900878906
1725,3696,True,0.6632182598114014
1728,2000,True,0.666096568107605
1730,2974,True,0.6748239994049072
1730,80,False,0.545864462852478
1731,5050,True,0.6713995933532715
1732,5929,False,0.0
1732,5240,False,0.0
1732,4590,False,0.0
1732,4515,True,0.7108879089355469
1734,4565,False,0.5613212585449219
1734,2053,True,0.7797485589981079
1735,4148,True,0.3903610706329345
1736,5293,False,0.0
1738,3609,True,0.7613551020622253
1739,1191,False,0.8233674764633179
1739,7,False,0.8130283951759338
1740,3978,False,0.7474220991134644
1741,4438,False,0.416736364364624
1741,5699,False,0.5272026062011719
1742,5391,False,0.4195351600646972
1745,4478,False,0.5476195812225342
1745,5947,False,0.5654746294021606
1746,101,True,0.8052942752838135
1747,5117,False,0.6312007904052734
1750,1158,True,0.7942481637001038
1757,809,True,0.480484277009964
1762,625,True,0.779464602470398
1764,1445,False,0.5658115744590759
1764,3928,False,0.8264142274856567
1766,3910,True,0.789742112159729
1772,2292,False,0.0
1773,3418,True,0.5627105236053467
1776,6035,False,0.6604571342468262
1777,4991,False,0.0
1777,4435,True,0.8169316053390503
1779,5851,False,0.4042172431945801
1779,888,True,0.5483779907226562
1780,4572,False,0.0
1781,1920,False,0.0
1781,5590,False,0.0
1783,1925,True,0.691892683506012
1784,645,True,0.7416109442710876
1784,1136,False,0.6121545433998108
1784,2411,False,0.5381075739860535
1785,1822,False,0.0
1786,1563,True,0.8741309642791748
1787,3707,False,0.7894483804702759
1789,3775,True,0.6157909631729126
1790,612,False,0.5606677532196045
1790,5396,True,0.6020668745040894
1791,3675,False,0.0
1796,5257,False,0.4194613099098205
1796,4954,False,0.341587483882904
1796,1018,True,0.7050110101699829
1797,1874,True,0.5527689456939697
1798,5678,False,0.4901037812232971
1799,840,False,0.4156007766723633
1799,3713,False,0.0
1801,5832,False,0.0
1801,1243,False,0.8069348335266113
1802,547,False,0.6793996095657349
1804,4634,False,0.5105274319648743
1804,2387,True,0.7476498484611511
1805,3387,True,0.6722732782363892
1805,4226,False,0.0
1807,4975,False,0.5769023895263672
1809,651,True,0.782572865486145
1810,846,False,0.0
1810,2843,True,0.8453752398490906
1814,5898,False,0.0
1814,5777,False,0.5521894693374634
1814,5710,False,0.0
1814,4603,False,0.0
1815,4122,True,0.7407729625701904
1816,3595,False,0.0
1816,2973,True,0.6873632073402405
1818,940,True,0.8067003488540649
1818,5684,False,0.0
1819,2544,False,0.4926124215126037
1819,5059,True,0.7095057368278503
1821,4679,False,0.0
1821,4622,False,0.4299582839012146
1821,3814,False,0.0
1823,4938,False,0.0
1823,2201,True,0.6875797510147095
1824,3807,False,0.8500158786773682
1824,2931,False,0.0
1825,4764,False,0.6210037469863892
1825,2077,False,0.67928147315979
1825,5981,False,0.5925241708755493
1826,5351,False,0.0
1826,5017,False,0.0
1826,456,True,0.5196386575698853
1828,3389,False,0.0
1828,5975,False,0.0
1829,5796,False,0.0
1831,3015,False,0.7970882654190063
1831,3822,False,0.0
1832,3086,False,0.0
1833,3265,True,0.6463571190834045
1834,2292,False,0.0
1835,5163,False,0.8229444026947021
1836,1487,True,0.7043898701667786
1837,6052,False,0.0
1837,2650,True,0.9071955680847168
1838,2507,False,0.4651510715484619
1840,802,True,0.5745790004730225
1841,603,False,0.0
1843,5701,True,0.7712767720222473
1844,4424,False,0.6017051339149475
1844,3221,True,0.6155056953430176
1845,4766,False,0.8018490076065063
1845,2701,False,0.0
1846,5201,False,0.7229025959968567
1847,3134,False,0.0
1847,5922,False,0.0
1847,3099,False,0.0
1847,5253,False,0.86573326587677
1848,134,True,0.569675624370575
1849,3297,True,0.712782621383667
1850,5615,False,0.359537124633789
1851,5403,False,0.5320490598678589
1853,5153,False,0.4442554414272308
1853,4425,True,0.6815645694732666
1855,4392,False,0.0
1855,4818,True,0.5283222198486328
1856,5780,False,0.4372110366821289
1856,5796,False,0.513403594493866
1856,1321,True,0.7700953483581543
1857,5800,False,0.0
1857,5689,False,0.5848439335823059
1857,3458,False,0.0
1859,4326,False,0.0
1860,2203,True,0.5535284876823425
1861,3491,True,0.7626179456710815
1864,4936,False,0.4370819926261902
1864,3573,True,0.724619448184967
1864,3761,False,0.397552341222763
1864,5517,False,0.0
1865,215,False,0.5305713415145874
1866,5271,False,0.6516048908233643
1867,3756,True,0.788709282875061
1869,511,False,0.5184139013290405
1869,2955,False,0.5169128179550171
1876,3799,False,0.707087516784668
1877,5510,True,0.7735764980316162
1878,3023,False,0.6116317510604858
1878,1975,True,0.5920103192329407
1879,5829,True,0.6323419809341431
1882,2940,False,0.5660530924797058
1884,2993,True,0.814393162727356
1885,4300,False,0.0
1885,4585,False,0.6372097730636597
1886,2483,False,0.5846046209335327
1887,5971,True,0.5837889313697815
1888,1702,True,0.6945173144340515
1890,3286,True,0.8362108469009399
1891,83,True,0.6983941793441772
1891,3119,False,0.0
1893,2157,False,0.4307084083557129
1893,2777,False,0.0
1893,2218,True,0.5582806468009949
1894,5190,False,0.0
1894,4599,False,0.0
1894,1534,False,0.8419675827026367
1895,5279,True,0.3500511050224304
1895,3878,False,0.0
1896,5256,False,0.4833911061286926
1896,3844,True,0.5502320528030396
1896,5148,False,0.4506414830684662
1898,2246,False,0.0
1898,1638,True,0.7535319328308105
1898,2840,False,0.0
1899,4572,False,0.0
1899,1517,True,0.6017073392868042
1899,3119,False,0.0
1903,5474,False,0.5430186986923218
1905,5466,False,0.0
1905,5340,False,0.0
1905,5068,True,0.7795783281326294
1905,4266,False,0.0
1907,1198,False,0.8829562664031982
1910,3989,False,0.7230818867683411
1910,2451,False,0.5971527695655823
1911,2774,False,0.3697033822536468
1913,5129,True,0.8821359872817993
1921,1519,True,0.6886488199234009
1922,451,False,0.4836428761482239
1925,5286,True,0.616855263710022
1926,3778,False,0.4217769801616668
1928,3915,True,0.7834278345108032
1929,3980,True,0.7892903089523315
1931,3599,False,0.0
1931,4884,False,0.8540676236152649
1931,3657,False,0.0
1932,407,True,0.5329793691635132
1933,5847,False,0.0
1934,4434,False,0.623026430606842
1934,2130,False,0.0
1935,830,False,0.866242527961731
1935,4801,False,0.0
1935,1497,False,0.0
1936,386,True,0.57525634765625
1937,5142,False,0.3964003026485443
1937,4977,False,0.0
1937,5242,False,0.4404396116733551
1938,2684,False,0.0
1938,2980,False,0.8116957545280457
1938,5100,False,0.0
1942,282,True,0.6021385192871094
1943,2934,False,0.0
1945,1984,True,0.7174465656280518
1946,4620,False,0.58775395154953
1946,2870,False,0.6850805282592773
1946,2453,True,0.6493833065032959
1947,2986,True,0.6234002709388733
1949,4454,True,0.5273571014404297
1952,3386,True,0.595098614692688
1952,4369,False,0.0
1953,2273,True,0.696892261505127
1954,832,False,0.5801055431365967
1956,3537,False,0.4157634973526001
1958,3856,False,0.0
1962,6018,True,0.4714391827583313
1962,4707,False,0.0
1964,794,True,0.6524386405944824
1965,4203,False,0.8607631921768188
1969,3273,True,0.7563861608505249
1970,342,True,0.7498872876167297
1971,5670,True,0.6897959113121033
1974,5830,True,0.6749899983406067
1976,4063,True,0.6932483911514282
1976,5284,False,0.7002152800559998
1976,5020,False,0.0
1977,5086,False,0.0
1977,951,False,0.4243902266025543
1977,1000,False,0.464695006608963
1978,2585,True,0.6556287407875061
1981,1903,False,0.4450623989105224
1982,5886,False,0.6256857514381409
1982,3343,True,0.8443982005119324
1985,5585,True,0.6406087875366211
1988,2697,False,0.0
1988,3383,False,0.4606789648532867
1991,4722,True,0.7296656966209412
1992,2606,False,0.0
1992,5377,False,0.0
2000,5223,True,0.5348185300827026
2001,5055,False,0.0
2003,4217,True,0.5507716536521912
2003,2403,False,0.0
2004,3939,False,0.0
2006,1383,False,0.5434009432792664
2006,5072,False,0.0
2006,1302,True,0.785528302192688
2006,3967,False,0.4702309966087341
2007,4437,True,0.5168212652206421
2009,1941,False,0.0
2012,5268,False,0.0
2013,51,True,0.8344645500183105
2013,95,False,0.6919243335723877
2015,5154,True,0.7016431093215942
2016,605,True,0.6224235892295837
2019,4467,False,0.0
2020,3034,False,0.530491292476654
2022,3900,False,0.0
2022,5754,False,0.0
2023,3542,True,0.660380482673645
2025,5415,False,0.5360889434814453
2029,571,True,0.7141988277435303
2029,1253,False,0.0
2031,588,True,0.7602949738502502
2036,4509,False,0.749706506729126
2037,5702,False,0.0
2038,2887,True,0.5628482103347778
2040,5187,False,0.0
2043,646,True,0.710908830165863
2044,5493,False,0.0
2045,1419,True,0.7709221839904785
2047,5792,False,0.4746950268745422
2047,5010,True,0.8292231559753418
2055,5320,False,0.0
2055,4573,False,0.8355125188827515
2055,5621,False,0.0
2059,5780,True,0.7071422934532166
2060,958,False,0.0
2060,2128,True,0.7725034952163696
2061,4121,False,0.533911943435669
2062,3557,False,0.5489896535873413
2062,5949,False,0.0
2065,1262,True,0.7556754946708679
2068,322,False,0.6461631059646606
2075,830,False,0.6024935245513916
2075,4801,False,0.5049804449081421
2075,1497,False,0.8650074005126953
2079,1319,True,0.5536296367645264
2080,831,True,0.7313876152038574
2083,4804,False,0.0
2083,2719,True,0.7232951521873474
2083,4520,False,0.0
2085,2028,False,0.0
2089,4312,True,0.6766293048858643
2092,3892,True,0.8053763508796692
2094,5248,False,0.0
2094,4045,False,0.0
2094,5491,False,0.0
2094,5184,False,0.0
2096,5876,False,0.0
2098,5003,False,0.6682350635528564
2100,3026,True,0.7062109708786011
2102,3776,True,0.5375025868415833
2104,993,True,0.425100713968277
2108,4643,False,0.0
2109,1553,False,0.0
2112,4031,False,0.6277679204940796
2113,5879,False,0.0
2113,3648,True,0.7065441608428955
2114,5932,False,0.4246661067008972
2114,3710,False,0.7204016447067261
2117,1511,True,0.5829277038574219
2118,5991,False,0.4176792204380035
2120,2149,True,0.5438106060028076
2122,2764,True,0.7055630087852478
2123,1370,True,0.6998167037963867
2125,5566,False,0.552101731300354
2129,710,False,0.9091224670410156
2130,1541,True,0.7270368337631226
2131,2753,True,0.3747026622295379
2132,3126,False,0.0
2132,1274,False,0.5093448162078857
2135,6022,True,0.7689463496208191
2136,5847,False,0.0
2137,4063,False,0.6910402178764343
2137,5284,True,0.7069128751754761
2137,5020,False,0.0
2138,5415,True,0.6800633668899536
2139,4115,False,0.0
2139,3904,False,0.7785716652870178
2139,5984,False,0.0
2142,2623,True,0.7281438112258911
2146,5944,True,0.6409841775894165
2147,2319,True,0.5983605980873108
2147,4424,False,0.6198107600212097
2149,2365,False,0.3873398900032043
2151,5042,False,0.0
2153,5624,False,0.0
2153,4430,False,0.0
2153,4696,False,0.0
2153,5909,False,0.0
2154,5394,False,0.4317017197608948
2156,4742,False,0.4381060600280761
2157,1325,False,0.4703844785690307
2161,5706,False,0.6547017693519592
2161,4932,False,0.5564053654670715
2163,3951,False,0.543720006942749
2165,5738,False,0.0
2165,5786,True,0.7071176767349243
2166,1076,False,0.5319330096244812
2166,3149,False,0.6519598364830017
2166,2275,True,0.9999998807907104
2167,313,True,0.5805134177207947
2168,470,False,0.6980641484260559
2170,807,False,0.0
2171,5697,False,0.8496502637863159
2171,3327,False,0.0
2172,5963,False,0.0
2172,5133,False,0.0
2174,5034,False,0.3840952515602112
2174,933,True,0.7026140093803406
2174,2874,False,0.5320590734481812
2175,5272,True,0.7604377269744873
2176,4413,False,0.4371335506439209
2176,1447,False,0.4283278882503509
2177,2591,False,0.0
2177,3577,True,0.7912240624427795
2180,5415,False,0.6144939064979553
2182,2262,True,0.7705265283584595
2184,4299,False,0.0
2187,1683,True,0.5926828384399414
2191,2108,True,0.7245262861251831
2192,419,True,0.6073058843612671
2195,4552,False,0.0
2195,5555,False,0.4405410289764404
2195,3574,True,0.6989287734031677
2196,1609,False,0.5229238271713257
2196,3809,True,0.5741006135940552
2197,3683,False,0.6485174894332886
2197,5788,False,0.4731045663356781
2198,51,False,0.6600751280784607
2198,326,False,0.0
2198,95,False,0.8123131394386292
2199,3623,False,0.0
2200,5335,False,0.4830327033996582
2201,2287,False,0.0
2201,1026,False,0.0
2202,3910,False,0.5905922651290894
2204,4377,False,0.4560481905937195
2207,2979,True,0.6533278226852417
2210,3731,False,0.0
2214,2358,False,0.0
2216,4605,True,0.6336305737495422
2216,4888,False,0.0
2216,5377,False,0.3727472722530365
2216,4154,False,0.3797642886638641
2217,1745,True,0.8452538251876831
2217,2893,False,0.5450074076652527
2218,5366,False,0.0
2219,4987,True,0.4249134063720703
2221,3087,True,0.6525778770446777
2221,813,False,0.4070790410041809
2223,2334,False,0.4887484312057495
2225,4632,False,0.0
2225,1058,False,0.0
2226,5364,False,0.0
2226,5614,True,0.7423315048217773
2227,361,False,0.3500257432460785
2227,3127,False,0.499394416809082
2229,5049,True,0.6100546717643738
2229,3775,False,0.0
2232,5724,True,0.8069363832473755
2233,3682,False,0.5273904800415039
2235,3963,True,0.7950022220611572
2237,995,False,0.0
2239,867,True,0.6310712695121765
2241,5638,False,0.0
2246,5418,False,0.4385421276092529
2248,5832,False,0.0
2248,4494,False,0.0
2248,486,False,0.5336654186248779
2248,5509,False,0.7795938849449158
2249,2977,True,0.7633453607559204
2249,4331,False,0.5129914879798889
2251,2305,False,0.0
2256,5325,True,0.3970828354358673
2257,5438,True,0.5860514640808105
2258,1883,False,0.6554090976715088
2259,2348,False,0.0
2259,5875,False,0.0
2259,4031,False,0.0
2259,4315,True,0.6272571086883545
2260,3264,False,0.0
2260,4,False,0.7267661690711975
2260,2659,False,0.6258878707885742
2260,3559,False,0.4481800496578216
2261,2456,False,0.5535039305686951
2261,1240,False,0.6916723251342773
2263,5600,False,0.3815585672855377
2263,2015,True,0.6795300841331482
2263,5967,False,0.3827647566795349
2267,4109,True,0.5999425053596497
2268,1168,True,0.7583404779434204
2271,2896,False,0.577673614025116
2271,2378,True,0.7791184186935425
2274,5014,False,0.0
2274,1357,False,0.852454423904419
2274,1605,False,0.4480325579643249
2275,4606,True,0.5128854513168335
2277,3693,False,0.4786143898963928
2277,3943,False,0.6399030685424805
2277,1849,False,0.5374279618263245
2278,543,True,0.7119059562683105
2280,5037,True,0.6050246357917786
2282,5649,False,0.0
2282,5525,True,0.6512113213539124
2283,4756,False,0.0
2283,2913,True,0.7619015574455261
2283,4393,False,0.0
2284,4483,True,0.6129661798477173
2285,5857,False,0.4687364101409912
2286,1170,True,0.6318418383598328
2288,2768,False,0.0
2288,2398,False,0.0
2289,811,False,0.0
2289,1674,False,0.4445840120315552
2290,3224,True,0.6252026557922363
2291,4196,False,0.0
2291,4872,False,0.0
2291,4761,False,0.0
2292,5357,True,0.517740786075592
2293,3855,True,0.6563069820404053
2294,1951,True,0.7523482441902161
2294,5125,False,0.0
2295,2805,False,0.8344528675079346
2298,1910,True,0.6699144244194031
2299,2232,True,0.7444015145301819
2299,3882,False,0.6162817478179932
2299,5202,False,0.6497606039047241
2301,3674,True,0.8061001300811768
2302,3879,False,0.8151839971542358
2303,637,False,0.4811591506004333
2304,2342,True,0.70136958360672
2310,3801,False,0.6978458762168884
2315,2886,True,0.6678365468978882
2317,3638,False,0.0
2318,1812,False,0.6503087878227234
2318,4861,False,0.0
2323,4881,True,0.7831993699073792
2328,3500,False,0.4226092398166656
2328,5366,False,0.4363501667976379
2329,4397,False,0.6034016013145447
2329,3502,True,0.4030001163482666
2329,4688,False,0.4881798923015594
2330,5779,False,0.0
2330,975,False,0.752639889717102
2331,5635,False,0.0
2331,223,False,0.0
2332,544,False,0.4973531365394592
2332,1542,True,0.6950421333312988
2332,1816,False,0.6131497621536255
2336,5527,False,0.0
2336,6043,False,0.5519400835037231
2336,49,False,0.826538622379303
2341,4098,True,0.8567039370536804
2343,3043,True,0.8628122806549072
2345,2582,True,0.755260705947876
2347,2531,False,0.5037621259689331
2347,4152,True,0.6384202241897583
2349,5858,False,0.4127142429351806
2349,2936,True,0.7337957620620728
2350,2204,False,0.0
2350,5937,True,0.765072226524353
2353,4649,True,0.7025518417358398
2356,1768,True,0.5778950452804565
2358,5797,True,0.8885844349861145
2359,2113,False,0.0
2359,1673,True,0.6297146081924438
2360,4753,True,0.5325836539268494
2361,2591,True,0.5208027362823486
2364,1548,True,0.8109935522079468
2364,5748,False,0.4201505184173584
2364,6031,False,0.449439525604248
2367,4425,False,0.0
2368,261,False,0.7554212808609009
2368,1058,False,0.0
2371,2887,False,0.0
2371,5349,False,0.4964118003845215
2372,912,True,0.6563408374786377
2374,5902,True,0.7298427224159241
2377,5463,False,0.0
2377,5475,True,0.4957607686519623
2380,1669,True,0.8432050943374634
2387,5218,False,0.4250652492046356
2389,6041,True,0.64576655626297
2390,5696,False,0.0
2390,1322,True,0.5569350719451904
2394,2990,False,0.5334414839744568
2394,2935,False,0.4580487608909607
2394,4039,False,0.4477673768997192
2395,4004,False,0.8848665952682495
2397,3241,False,0.0
2399,4278,False,0.0
2402,2995,True,0.5817974805831909
2404,3206,True,0.674595832824707
2407,4552,False,0.0
2407,3181,True,0.6257920265197754
2410,5932,False,0.42239511013031
2411,145,False,0.6199507117271423
2412,4842,False,0.8636486530303955
2414,2852,True,0.7938483953475952
2414,5348,False,0.6943340301513672
2414,3664,False,0.5701946020126343
2414,4226,False,0.0
2415,5913,False,0.5936131477355957
2415,3821,True,0.7846423983573914
2415,440,False,0.6886405348777771
2419,2700,False,0.4565169811248779
2422,3942,True,0.893410861492157
2423,2544,True,0.5911382436752319
2423,5059,False,0.3955360054969787
2426,1399,False,0.3374144434928894
2426,2168,False,0.4401029050350189
2429,3435,True,0.5602753758430481
2430,5690,True,0.482683390378952
2431,2441,False,0.8743069171905518
2432,2796,False,0.8592036366462708
2433,5962,False,0.0
2434,396,True,0.4695357978343963
2435,4191,True,0.5152079463005066
2437,3534,False,0.593935489654541
2438,3483,False,0.0
2438,5058,False,0.4159581661224365
2438,5422,False,0.0
2443,4310,True,1.000000238418579
2445,2162,True,0.6887738704681396
2446,767,False,0.7724527716636658
2446,3615,False,0.6991126537322998
2448,2838,True,0.5693938732147217
2450,3165,False,0.5885274410247803
2450,5646,False,0.0
2450,5542,False,0.0
2451,72,False,0.7614636421203613
2451,4900,False,0.0
2452,593,True,0.5649171471595764
2453,5394,False,0.0
2453,2283,False,0.6341280937194824
2456,165,False,0.8406775593757629
2462,6029,True,0.7253185510635376
2467,4878,False,0.4938063025474548
2467,4629,False,0.5115727782249451
2467,5834,False,0.5359575748443604
2467,1000,False,0.5295873284339905
2468,4787,False,0.0
2470,2010,False,0.34360271692276
2471,3072,False,0.0
2471,5723,False,0.9154452085494996
2471,5371,False,0.0
2471,5411,False,0.0
2472,2355,True,0.7702381610870361
2477,4775,False,0.0
2477,1936,True,0.6123891472816467
2477,5443,False,0.5920605659484863
2477,5546,False,0.0
2480,4608,True,0.8543452024459839
2481,3724,False,0.8074966669082642
2482,2046,False,0.6150338649749756
2484,264,True,0.673735499382019
2485,5864,False,0.4042777419090271
2485,4042,False,0.0
2486,1272,False,0.7613160014152527
2487,6026,False,0.7320696115493774
2487,697,True,0.7320696115493774
2489,4055,True,0.4736558794975281
2491,2416,False,0.3064179420471191
2494,3190,True,0.58744877576828
2495,5126,True,0.7200934290885925
2496,5748,False,0.5688523054122925
2496,6031,False,0.5266016125679016
2496,3207,False,0.5355195999145508
2498,96,False,0.0
2498,617,True,0.5983365774154663
2501,6042,False,0.8314511179924011
2502,1539,False,0.5510026216506958
2502,3996,False,0.5456817746162415
2503,1715,False,0.6298304796218872
2508,4391,False,0.494504302740097
2509,603,False,0.6697048544883728
2510,3171,True,0.7291440963745117
2513,5458,True,0.5797554850578308
2515,953,False,0.3980433046817779
2516,4943,False,0.5602436661720276
2516,5281,False,0.458418607711792
2516,5306,True,0.694907546043396
2516,5669,False,0.5339361429214478
2518,3663,True,0.7319661974906921
2520,5848,False,0.5839376449584961
2521,5320,False,0.3707304000854492
2521,449,True,0.8763126730918884
2521,5342,False,0.8808526992797852
2524,5836,False,0.0
2524,5982,False,0.0
2524,4874,False,0.4112356305122375
2524,106,True,0.8972113132476807
2526,6051,True,0.6219147443771362
2528,3362,False,0.7802226543426514
2529,4629,True,0.6454967856407166
2529,2130,False,0.32563117146492
2530,4304,True,0.6892798542976379
2531,2394,False,0.0
2532,4083,True,0.7021393775939941
2533,3790,True,0.5021060705184937
2534,759,False,0.0
2535,4985,False,0.4361015856266022
2536,2761,True,0.6138399839401245
2536,2523,False,0.0
2537,227,False,0.5611835718154907
2537,230,False,0.8313054442405701
2538,4727,False,0.4199484288692474
2538,2899,True,0.546227753162384
2539,2916,False,0.5148816704750061
2540,2819,True,0.6288015842437744
2542,3213,True,1.000000238418579
2543,5183,False,0.0
2543,5299,False,0.5017063021659851
2543,5523,False,0.0
2543,1912,True,0.7391006946563721
2545,4958,True,0.6668192744255066
2547,2609,True,0.6436445713043213
2551,803,False,0.5462455153465271
2555,3950,False,0.0
2559,4759,True,0.7176131010055542
2560,3208,False,0.520958662033081
2560,2467,False,0.5619062185287476
2560,3946,False,0.6118841767311096
2561,4798,True,0.5844725966453552
2564,2959,True,0.6881349086761475
2565,2458,False,0.7751451730728149
2569,3066,True,0.6398212909698486
2569,2845,False,0.0
2570,2111,True,0.7326377630233765
2570,2351,False,0.0
2570,4917,False,0.0
2571,4616,False,0.5435785055160522
2572,1274,False,0.0
2573,4503,False,0.0
2573,5310,True,0.6894115805625916
2574,37,False,0.8432254791259766
2575,4017,False,0.6457589268684387
2576,4722,False,0.0
2576,1642,True,0.7411192655563354
2580,4599,False,0.8197224140167236
2581,546,True,0.7365994453430176
2582,589,False,0.0
2582,2826,False,0.0
2582,2859,True,0.431064248085022
2583,4924,True,0.5029709339141846
2585,2637,True,0.719687819480896
2587,5514,True,0.6683675050735474
2587,2130,False,0.0
2589,5160,True,0.5301131010055542
2589,5210,False,0.0
2591,127,True,0.77198326587677
2592,4448,False,0.0
2593,5907,False,0.6039029955863953
2593,5355,False,0.5541074275970459
2593,5179,True,0.7173442840576172
2595,1288,True,0.7540463805198669
2597,5674,False,0.0
2597,2042,False,0.5461519360542297
2598,6020,True,0.7245234847068787
2598,1696,False,0.0
2599,4600,False,0.0
2600,1445,True,0.7190865278244019
2600,3928,False,0.0
2602,4848,False,0.5012279748916626
2602,5117,False,0.0
2603,5927,True,0.60060715675354
2604,4797,False,0.3903448581695556
2604,4069,False,0.56376051902771
2605,3649,True,0.7513330578804016
2606,2816,True,0.6149056553840637
2607,1719,True,0.739484965801239
2607,4602,False,0.0
2608,5715,False,0.4048933088779449
2609,4115,False,0.7553259134292603
2609,5629,False,0.0
2609,3880,False,0.0
2611,1492,True,0.5406140089035034
2612,3298,True,0.5019542574882507
2612,658,False,0.0
2613,4569,False,0.0
2614,4778,True,0.4771700799465179
2615,4604,False,0.0
2615,5130,False,0.0
2617,5907,True,0.7774532437324524
2617,5226,False,0.5875220894813538
2617,5355,False,0.5484497547149658
2617,5687,False,0.6719620227813721
2619,4722,False,0.0
2621,1043,True,0.5422552824020386
2622,4636,False,0.0
2623,3006,False,0.7154874801635742
2623,2186,True,1.000000238418579
2625,90,False,0.6820045113563538
2626,3200,True,0.725917637348175
2628,5554,False,0.0
2628,2144,True,0.741484522819519
2631,1644,True,0.6668153405189514
2632,5333,False,0.5187374949455261
2633,1175,False,0.4574884176254272
2634,3506,True,0.4836717545986175
2634,4936,False,0.0
2634,3573,False,0.3792051374912262
2636,3652,False,0.7873060703277588
2638,5972,False,0.568837583065033
2639,1512,True,0.7320753931999207
2644,1802,True,0.5914351940155029
2646,5066,True,0.7266145348548889
2647,5803,False,0.3898021876811981
2647,2699,False,0.5962024927139282
2647,2018,False,0.4170072674751282
2648,5588,False,0.9138602018356324
2648,506,False,0.0
2649,5204,False,0.4501913785934448
2650,4559,False,0.8069040775299072
2650,4979,False,0.0
2651,5707,False,0.445211261510849
2652,463,True,0.7505987882614136
2655,3924,True,0.7209947109222412
2655,2373,False,0.0
2655,5452,False,0.0
2658,42,False,0.0
2661,4984,False,0.0
2665,870,True,0.7620868682861328
2667,3214,False,0.5842910408973694
2668,2440,False,0.8301609754562378
2669,5792,False,0.5705020427703857
2670,4600,False,0.0
2670,2050,False,0.0
2672,4071,False,0.0
2672,2056,False,0.5816787481307983
2673,40,False,0.8621240258216858
2675,2697,False,0.0
2675,3455,True,0.723805844783783
2676,2822,True,0.7138744592666626
2676,2634,False,0.0
2677,2719,False,0.0
2677,3653,False,0.0
2677,2663,True,0.6568672060966492
2680,5996,True,0.7453733682632446
2682,1613,True,0.7799211144447327
2682,5741,False,0.0
2683,1733,False,0.0
2683,1293,False,0.5050109624862671
2683,1319,False,0.0
2683,4470,False,0.0
2684,1403,True,0.8025013208389282
2685,621,False,0.5564610362052917
2688,5191,False,0.0
2688,3620,False,0.0
2688,3692,False,0.4068094491958618
2689,5624,False,0.0
2689,3573,False,0.0
2689,5517,True,0.7687703371047974
2691,5606,True,0.5270087122917175
2692,4442,False,0.545424222946167
2693,2311,False,0.5653398036956787
2697,2204,False,0.0
2698,6017,False,0.0
2698,4627,False,0.2925954461097717
2700,501,False,0.6169249415397644
2700,5458,False,0.6601388454437256
2702,5827,False,0.4110980033874511
2703,1109,False,0.0
2705,5139,False,0.4879252910614013
2706,384,True,0.6216171383857727
2708,1151,True,0.8157153725624084
2709,2564,False,0.4746362566947937
2709,698,True,0.4754256010055542
2710,1667,False,0.0
2710,1732,False,0.0
2711,3290,False,0.0
2711,2781,True,0.6338233351707458
2712,5110,False,0.0
2712,1466,False,0.0
2713,4468,False,0.8396077156066895
2718,5417,False,0.7753933668136597
2719,5778,False,0.0
2719,527,False,0.8916784524917603
2720,2722,False,0.0
2720,4265,False,0.0
2720,5114,False,0.0
2721,4367,True,0.6490223407745361
2722,5193,False,0.5301970839500427
2722,5435,False,0.4570688307285309
2722,5876,False,0.0
2724,5648,True,0.6960018277168274
2725,4694,True,1.0000003576278689
2726,5702,False,0.5034043192863464
2727,374,False,0.0
2727,5326,False,0.0
2728,1562,False,0.6345094442367554
2730,4535,True,0.5580933690071106
2730,5596,False,0.0
2731,5626,False,0.0
2731,3615,False,0.0
2732,5315,False,0.5719414949417114
2733,1472,True,0.5715799331665039
2734,2581,False,0.0
2736,1415,True,0.5955065488815308
2737,4943,False,0.0
2737,5669,False,0.0
2738,1191,True,0.8261470794677734
2738,7,False,0.8014560341835022
2740,3918,True,0.7572382092475891
2741,1442,True,0.6941249370574951
2742,5809,False,0.0
2742,5268,False,0.0
2743,5624,False,0.0
2743,4430,False,0.0
2743,4696,False,0.0
2743,5909,False,0.0
2744,1868,True,0.7140806913375854
2746,3823,False,0.0
2746,1880,False,0.0
2747,4546,False,0.6266701221466064
2748,3676,False,0.5385321974754333
2749,3211,False,0.5418884754180908
2749,3253,False,0.5343022346496582
2751,5597,False,0.4053428769111633
2752,3103,True,0.8816832900047302
2753,5690,False,0.0
2756,1477,False,0.8139820694923401
2756,3325,False,0.8214259147644043
2760,1943,False,0.6895859241485596
2763,1238,False,0.8276987075805664
2763,4632,False,0.0
2765,6027,True,0.768929123878479
2769,3148,False,0.8456064462661743
2770,5922,False,0.0
2770,4711,False,0.3916418254375458
2770,5590,True,0.3502830266952514
2771,5946,False,0.0
2771,1496,False,0.0
2773,5481,False,0.6251540184020996
2775,4188,False,0.3584024906158447
2775,4905,False,0.5184240341186523
2775,4154,False,0.0
2776,5743,True,0.6605501770973206
2777,4205,True,0.5625813007354736
2778,37,False,0.0
2778,4823,True,0.8160243630409241
2778,4263,False,0.7682595252990723
2780,1224,True,0.8940707445144653
2781,2571,True,0.6349272727966309
2782,3827,True,0.7021520733833313
2783,3384,False,0.0
2783,2528,True,0.7185059189796448
2783,5748,False,0.5779598355293274
2783,6031,False,0.5473422408103943
2785,4617,True,0.6491947174072266
2786,3564,False,0.0
2786,4873,False,0.513015627861023
2786,839,True,0.8073501586914062
2787,5334,True,0.7755746841430664
2788,3763,False,0.5918104648590088
2788,2532,False,0.3417883515357971
2789,4396,True,0.4826933145523071
2791,5619,False,0.0
2791,4856,False,0.0
2791,4907,False,0.0
2791,3625,False,0.0
2792,403,False,0.4097245335578918
2793,5882,False,0.5352171659469604
2793,2851,True,0.7504229545593262
2794,3263,False,0.0
2794,2110,False,0.0
2794,6040,False,0.0
2796,1236,False,0.5972083806991577
2799,5993,False,0.0
2800,2138,False,0.6856381893157959
2801,694,True,0.5522335767745972
2803,5199,True,0.5691063404083252
2803,4231,False,0.0
2804,5625,False,0.487770140171051
2804,5571,False,0.3471884131431579
2804,3305,False,0.6313202381134033
2806,1455,True,0.7251172661781311
2807,2883,False,0.8538362979888916
2809,5780,False,0.0
2809,5796,False,0.0
2809,4955,True,0.669560432434082
2810,1636,False,0.4228122532367706
2813,5858,False,0.3994750380516052
2815,5524,True,0.7687159776687622
2815,3326,False,0.4460085332393646
2816,5044,True,0.6866345405578613
2820,5722,False,0.0
2820,5362,False,0.0
2820,2107,False,0.7455388903617859
2821,4764,False,0.6110327243804932
2821,2077,False,0.6727549433708191
2821,5981,False,0.5923615097999573
2822,1717,True,0.7400320172309875
2823,5252,True,0.5118346214294434
2826,5600,True,0.5264755487442017
2826,4671,False,0.0
2828,6012,True,0.7955009937286377
2830,874,True,0.7078686356544495
2831,4086,True,0.7594037055969238
2834,5104,False,0.5286911725997925
2834,5315,False,0.0
2839,268,False,0.5110552310943604
2841,3450,False,0.5505784153938293
2842,677,False,0.4454846084117889
2842,4590,True,0.7654540538787842
2842,5548,False,0.4306157827377319
2842,4354,False,0.5830098390579224
2843,331,False,0.8071966767311096
2844,740,False,0.0
2845,2519,False,0.6050735712051392
2846,4962,False,0.6723694801330566
2848,1867,False,0.5259104371070862
2848,5546,False,0.0
2848,4047,False,0.8580269813537598
2850,4889,False,0.5050307512283325
2850,4840,False,0.7556482553482056
2852,3211,False,0.450721800327301
2852,3253,False,0.0
2853,3410,False,0.7234421968460083
2853,1616,False,0.5071240663528442
2856,3117,False,0.7910659909248352
2857,5864,False,0.3814391195774078
2857,3134,False,0.5014693140983582
2858,459,False,0.705376386642456
2858,1374,False,0.0
2859,566,True,0.6755765676498413
2861,1658,True,0.6452015042304993
2863,1764,True,0.6190485954284668
2864,1085,False,0.0
2864,5171,False,0.861395001411438
2866,3859,False,0.0
2866,4168,False,0.0
2868,2190,True,0.9999998211860656
2868,3677,False,0.596566915512085
2870,5335,False,0.4123895168304443
2871,5975,False,0.0
2874,4235,True,0.8075400590896606
2876,597,True,0.7295740842819214
2878,1388,True,0.7384074330329895
2880,3006,False,0.0
2880,2186,False,0.0
2881,1489,False,0.8194555044174194
2882,2975,True,0.757966160774231
2883,5835,False,0.4672880470752716
2883,5957,False,0.5229559540748596
2883,3166,True,0.6134191751480103
2885,3737,False,0.4708596765995025
2887,2592,True,0.7433841228485107
2889,2321,False,0.0
2889,5500,False,0.4685949981212616
2891,5809,False,0.0
2891,5926,False,0.3725150823593139
2891,5573,False,0.4501996338367462
2892,2911,True,0.602213978767395
2892,5983,False,0.0
2894,5158,True,0.802717924118042
2896,5172,True,0.7182630896568298
2897,1538,False,0.0
2897,2436,False,0.8561892509460449
2898,1310,False,0.0
2898,1647,True,0.6598280668258667
2900,5815,True,0.7035006284713745
2902,4025,False,0.0
2904,261,False,0.0
2904,2233,True,0.8513855934143066
2905,5187,False,0.4577049612998962
2906,2980,False,0.5264595150947571
2906,5100,False,0.4672760963439941
2906,5013,False,0.8304213285446167
2908,347,True,0.6454359292984009
2909,5041,False,0.2916308641433716
2911,652,True,0.6910260915756226
2913,5239,True,0.5955697298049927
2913,3723,False,0.4936182200908661
2914,5384,True,0.781374454498291
2917,5063,False,0.0
2917,3173,False,0.5822349786758423
2918,5953,False,0.0
2918,3547,False,0.0
2918,4731,False,0.0
2918,5607,False,0.0
2920,914,False,0.0
2920,3294,False,0.7494402527809143
2920,1106,False,0.0
2921,5675,False,0.0
2921,4320,False,0.4769259691238403
2922,1870,True,0.6150386333465576
2923,5072,False,0.0
2923,3967,True,0.7602394819259644
2924,3031,False,0.6357111930847168
2924,846,False,0.0
2925,5015,False,0.6514425277709961
2930,4208,True,0.7060205936431885
2931,5901,True,0.7288251519203186
2933,3703,False,0.9239603877067566
2934,5007,False,0.6284377574920654
2934,4438,False,0.4901418089866638
2937,4471,True,0.6418664455413818
2938,3028,True,0.626953125
2940,5183,False,0.5220975279808044
2940,5299,False,0.0
2940,5523,False,0.4047323167324066
2942,3717,False,0.5033409595489502
2942,5788,False,0.5088373422622681
2942,4505,False,0.6108834743499756
2942,5703,False,0.707319974899292
2943,5017,False,0.5872483849525452
2950,353,True,0.6684080958366394
2952,5372,True,0.4475052952766418
2954,2774,True,0.5361884832382202
2955,5537,False,0.8903151750564575
2957,5809,False,0.0
2957,5926,False,0.3747699856758117
2957,5573,False,0.0
2958,5645,False,0.4604289531707763
2959,5257,False,0.0
2959,4129,True,0.5176687240600586
2960,1539,True,0.70832759141922
2960,3996,False,0.5595187544822693
2961,5135,False,0.0
2961,4470,True,0.5287174582481384
2961,6003,False,0.227243110537529
2962,3950,False,0.0
2962,4110,False,0.0
2962,4411,False,0.0
2963,1609,False,0.4910483956336975
2964,5801,False,0.0
2964,989,False,0.0
2964,3339,False,0.0
2964,1257,False,0.7959721088409424
2965,3485,True,0.7609654068946838
2966,1667,False,0.0
2966,3973,False,0.0
2966,5156,True,0.5393948554992676
2966,4427,False,0.0
2967,1277,True,0.5008586645126343
2967,258,False,0.0
2968,2606,False,0.4859715104103088
2970,2542,True,0.8011846542358398
2971,24,False,0.7427478432655334
2975,5420,False,0.0
2976,1971,True,0.7089939117431641
2980,2987,True,0.711097240447998
2981,3618,False,0.0
2981,5960,False,0.0
2981,6032,False,0.0
2983,4097,False,0.5698709487915039
2984,3120,False,0.5904902219772339
2984,4187,False,0.6006403565406799
2984,922,False,0.5194247961044312
2985,2295,False,0.0
2985,3428,False,0.0
2985,1690,False,0.5355831384658813
2988,5969,False,0.0
2988,5554,False,0.0
2988,5958,False,0.0
2988,2338,False,0.752140462398529
2989,892,True,0.5002232789993286
2991,4424,True,0.5964853167533875
2991,3221,False,0.6085231304168701
2992,303,False,0.0
2992,3952,False,0.7382245063781738
2993,5615,False,0.0
2994,2398,True,0.5071197748184204
2995,3930,True,0.503267765045166
2998,4707,False,0.553740382194519
2999,5573,True,0.5581562519073486
3001,5686,False,0.0
3001,5706,False,0.0
3001,4482,True,0.6435114145278931
3002,4264,True,0.722389817237854
3004,6020,False,0.3371577262878418
3004,2027,False,0.6075583100318909
3005,2254,False,0.0
3005,3573,False,0.0
3005,4936,False,0.0
3005,3761,False,0.0
3007,5961,False,0.0
3007,753,False,0.0
3009,4804,False,0.4606456160545349
3009,5985,True,0.7555800676345825
3009,3630,False,0.5490763783454895
3009,3296,False,0.6813255548477173
3010,651,False,0.5464029312133789
3010,1344,False,0.5306240320205688
3010,360,False,0.6082781553268433
3013,493,False,0.0
3013,3830,True,0.825026273727417
3015,5351,False,0.454224944114685
3016,4126,True,0.722365140914917
3018,5599,True,0.6974650621414185
3019,4544,False,0.0
3020,764,False,0.7138057947158813
3021,4184,True,0.7430505752563477
3024,5356,True,0.7444800138473511
3025,684,False,0.0
3025,5880,False,0.658759593963623
3026,1807,False,0.6200011968612671
3028,103,True,0.5883640646934509
3034,3562,False,0.5343414545059204
3034,3028,False,0.5661255121231079
3037,3280,True,0.6559860706329346
3039,429,False,0.5421004295349121
3039,2097,True,0.605204164981842
3040,1833,False,0.5288088917732239
3042,177,True,0.6842977404594421
3043,3720,False,0.6729758381843567
3045,2152,True,0.512242317199707
3047,2892,True,0.7794848084449768
3047,3068,False,0.0
3048,2795,True,0.7539942860603333
3049,910,True,0.7683318257331848
3050,4039,True,0.4872922301292419
3054,2222,True,0.6405283808708191
3055,2044,False,0.0
3055,52,False,0.0
3055,2814,True,0.530440628528595
3056,5851,True,0.6400332450866699
3056,888,False,0.4459109902381897
3058,3718,False,0.5849883556365967
3058,4965,False,0.6017613410949707
3059,3895,False,0.5523980259895325
3059,96,False,0.5010440349578857
3060,4895,False,0.7089307308197021
3061,5745,False,0.0
3061,3613,False,0.0
3061,1832,False,0.0
3061,577,True,0.4221592843532562
3063,6019,False,0.6282525658607483
3068,4525,False,0.780541181564331
3071,3155,True,0.8839801549911499
3072,4861,False,0.5176267623901367
3073,4570,True,0.7164723873138428
3075,1028,False,0.0
3075,4448,True,0.6133930683135986
3076,3645,False,0.0
3078,5953,False,0.558225154876709
3078,4419,False,0.0
3078,4731,False,0.0
3078,5607,False,0.5485314726829529
3081,5871,False,0.5859183073043823
3082,3556,False,0.6206988096237183
3082,391,False,0.610580563545227
3085,5336,False,0.4497482478618622
3086,3272,True,0.402467668056488
3087,1836,True,0.6888189911842346
3088,259,False,0.774505615234375
3088,5834,False,0.0
3088,5797,False,0.0
3089,4984,True,0.4863941669464111
3091,3627,False,0.4324435591697693
3091,4423,False,0.0
3091,3151,False,0.4046688079833984
3091,3359,False,0.0
3092,43,False,0.6774252653121948
3092,3496,False,0.6538697481155396
3092,4611,False,0.4773077368736267
3094,5539,True,0.742388129234314
3095,4592,False,0.0
3096,4798,False,0.434129923582077
3096,4496,True,0.7518072128295898
3097,4772,False,0.5250880122184753
3101,4296,False,0.5657055377960205
3101,4802,False,0.6015775203704834
3102,2485,False,0.7502847909927368
3102,5783,False,0.6366069912910461
3107,917,False,0.0
3107,5492,False,0.0
3107,544,True,0.8302704095840454
3108,584,True,0.7282609939575195
3108,5029,False,0.0
3109,3465,True,0.8826786279678345
3111,3706,False,0.0
3111,4192,False,0.0
3112,5143,False,0.0
3114,1129,False,0.0
3115,849,True,0.7108474969863892
3116,5801,False,0.0
3116,6020,False,0.0
3116,5868,False,0.0
3116,3446,True,0.3794121444225311
3118,3523,False,0.0
3118,3728,False,0.0
3119,4425,False,0.0
3120,4015,False,0.6097695827484131
3120,665,False,0.4934068918228149
3120,1514,False,0.8423800468444824
3121,2416,False,0.4462220668792724
3124,4141,False,0.0
3124,5098,False,0.0
3125,2770,True,0.7678214907646179
3126,5983,False,0.0
3128,1851,False,0.4338805973529815
3128,5265,False,0.553440511226654
3128,5644,True,0.6521660685539246
3128,6039,False,0.4262655675411224
3130,5448,False,0.4659684300422668
3130,390,True,0.6944226026535034
3130,5092,False,0.4216940999031067
3131,4828,False,0.0
3131,1475,False,0.9053103923797609
3133,3932,False,0.0
3133,1516,False,0.7686474323272705
3134,4015,False,0.0
3134,665,True,0.613330602645874
3135,12,True,0.7080894112586975
3136,5121,False,0.0
3142,1776,False,0.7777411341667175
3142,5854,True,0.8704110383987427
3143,5758,False,0.3856250643730163
3144,1249,True,0.6294857263565063
3146,5187,False,0.4974197149276733
3147,4225,False,0.0
3148,3757,True,0.5830913186073303
3149,2469,False,0.8392630219459534
3150,914,False,0.5507732629776001
3152,5341,False,0.4250966906547546
3155,2954,False,0.8202826976776123
3156,186,True,0.6605536937713623
3159,4418,True,0.648078203201294
3160,5354,True,0.7395225763320923
3160,2083,False,0.0
3162,3067,True,0.6235198378562927
3163,3590,True,0.6923768520355225
3164,5751,False,0.5101536512374878
3165,3456,True,0.695953369140625
3166,4465,True,0.8352749943733215
3167,5113,False,0.0
3170,5672,False,0.0
3171,5699,False,0.552046537399292
3172,214,True,0.7105540037155151
3174,5231,True,0.6040447950363159
3175,188,True,0.5910903215408325
3178,5950,True,0.5244993567466736
3179,1520,True,0.8440083265304565
3180,5086,False,0.0
3180,3694,False,0.0
3180,4435,False,0.563361644744873
3180,1418,False,0.820101261138916
3181,5993,False,0.0
3181,2853,True,0.7106194496154785
3182,5323,False,0.0
3182,5196,False,0.0
3184,5087,False,0.0
3186,1867,False,0.0
3186,5268,False,0.0
3187,1388,False,0.5686434507369995
3188,75,True,0.7873584628105164
3188,5858,False,0.0
3189,1060,True,0.8015205264091492
3189,5701,False,0.5256237983703613
3190,1693,True,0.6807484030723572
3191,1684,True,0.8313935995101929
3193,4743,True,0.7200347185134888
3193,176,False,0.5581250190734863
3200,932,False,0.35903000831604
3200,3098,False,0.6211155652999878
3200,4350,False,0.3982668220996856
3200,5542,False,0.6369197368621826
3201,2684,False,0.8413472771644592
3203,4110,False,0.0
3203,4411,False,0.0
3206,3789,False,0.0
3206,3170,False,0.0
3207,5272,False,0.0
3208,4200,True,0.7422657608985901
3209,2815,False,0.7199687957763672
3209,4478,False,0.5273389220237732
3209,5947,False,0.5961841344833374
3211,3852,True,0.7188599109649658
3212,4325,True,0.7633771896362305
3214,1931,True,0.7273213863372803
3216,5209,False,0.4609622955322265
3216,3429,False,0.5602637529373169
3218,4935,False,0.5066602230072021
3219,3466,True,0.7748005390167236
3220,5876,False,0.0
3220,3702,False,0.0
3220,3623,False,0.0
3222,3564,False,0.4067088961601257
3222,1135,False,0.6431287527084351
3222,4746,False,0.3853390216827392
3225,5987,False,0.6207668781280518
3225,5693,False,0.0
3225,4713,False,0.0
3225,5332,False,0.0
3226,1755,False,0.0
3226,3001,False,0.0
3229,4928,True,0.8334600925445557
3229,5735,False,0.4838761687278747
3230,3400,False,0.389847844839096
3230,3468,False,0.4143421053886413
3230,2716,False,0.4506416916847229
3231,960,False,0.0
3233,251,False,0.7420138120651245
3236,5511,False,0.5642401576042175
3237,1624,False,0.8252725005149841
3238,2633,False,0.0
3238,5637,False,0.4411338269710541
3241,2639,False,0.4904063940048218
3244,4373,False,0.4353273510932922
3244,4802,False,0.0
3245,5656,False,0.0
3245,2063,False,0.7852176427841187
3245,2702,False,0.3206864595413208
3247,4316,True,0.6981179118156433
3247,5281,False,0.4951416254043579
3247,5306,False,0.0
3247,5669,False,0.0
3250,2181,False,0.4761121869087219
3250,4666,False,0.6063195466995239
3251,1876,False,0.4071828722953796
3251,4775,False,0.594630241394043
3252,2775,False,0.0
3254,6008,False,0.5366367101669312
3256,4691,True,0.7556454539299011
3257,5480,False,0.5293448567390442
3258,3512,False,0.7803249955177307
3262,4795,False,0.0
3262,3749,False,0.0
3262,5828,False,0.0
3262,4427,False,0.0
3264,3313,True,0.8336354494094849
3265,3779,False,0.5745867490768433
3266,5538,False,0.5402050018310547
3269,3361,False,0.0
3269,231,False,0.4468352198600769
3269,5340,False,0.0
3269,5622,False,0.0
3270,1526,False,0.7073531746864319
3273,2285,False,0.7283505201339722
3274,5984,True,0.8171352744102478
3275,3047,False,0.0
3275,2651,False,0.0
3276,1134,False,0.0
3276,2354,False,0.0
3278,1826,True,0.6578197479248047
3283,3843,False,0.689539909362793
3283,5685,False,0.5681283473968506
3284,4708,True,0.5651736855506897
3284,5256,False,0.4836115837097168
3286,5092,True,0.7786486744880676
3288,4802,True,0.7634171843528748
3289,3757,False,0.0
3289,3991,False,0.0
3289,4048,False,0.0
3289,3372,True,0.7040792107582092
3292,1100,False,0.762772798538208
3293,3290,False,0.0
3294,3520,False,0.6501652002334595
3295,668,False,0.7323520183563232
3297,5741,False,0.0
3297,3488,True,0.7109220027923584
3298,3053,True,0.7513285875320435
3299,987,True,0.7090526819229126
3299,3986,False,0.4646146297454834
3300,2706,True,0.6368265151977539
3301,1294,True,0.7904364466667175
3301,3246,False,0.4448718428611755
3303,3871,False,0.5209950804710388
3303,1863,False,0.0
3305,4452,True,0.7222810983657837
3306,4784,False,0.5448423624038696
3307,3269,False,0.5394835472106934
3311,4060,True,0.6530407071113586
3311,145,False,0.5714704394340515
3314,2697,False,0.0
3314,3383,False,0.0
3315,5566,False,0.5066115260124207
3316,1916,False,0.4743892848491668
3317,5044,False,0.4254969358444214
3318,4376,True,0.4899544715881347
3319,5143,False,0.5307680368423462
3321,5898,True,0.5958449840545654
3321,1014,False,0.5123662948608398
3322,4797,False,0.3871581554412842
3322,4069,False,0.467306911945343
3325,2207,True,0.6325682401657104
3326,4686,False,0.6410565376281738
3326,4742,False,0.4383028745651245
3327,4888,True,0.8316054344177246
3327,4278,False,0.0
3327,4515,False,0.0
3328,4016,False,0.7724594473838806
3329,3046,False,0.7161720395088196
3329,2046,False,0.0
3329,4407,False,0.0
3330,2932,False,0.0
3333,0,True,0.5516318678855896
3335,5663,True,0.855779767036438
3339,5526,False,0.0
3340,2723,False,0.5743399858474731
3341,5885,False,0.0
3342,4778,False,0.4179186224937439
3343,3555,False,0.0
3343,4782,False,0.0
3343,3420,True,0.6361920833587646
3343,901,False,0.0
3344,3552,False,0.0
3344,4682,True,0.6615567803382874
3345,5591,True,0.3364367187023163
3346,2294,True,0.5584904551506042
3350,1300,True,0.772000253200531
3351,594,False,0.5458843111991882
3352,5722,True,0.7758294939994812
3353,147,True,0.6403464078903198
3354,1307,False,0.5197851657867432
3354,5040,False,0.0
3354,5331,False,0.6533277034759521
3357,5169,True,0.8023651838302612
3359,123,True,0.6919200420379639
3359,5257,False,0.0
3360,4222,False,0.410022497177124
3361,2098,False,0.4383523762226105
3362,4876,False,0.0
3363,5189,True,0.4962542057037353
3364,3258,True,0.7782313227653503
3366,3984,True,0.8405275344848633
3367,3536,True,0.5579617619514465
3370,5351,False,0.0
3370,3246,False,0.0
3370,3520,False,0.0
3370,1817,True,0.5722238421440125
3371,4530,True,0.8154104948043823
3374,4985,False,0.5049486756324768
3376,5627,False,0.4787007570266723
3377,5675,False,0.4901155829429626
3379,4620,False,0.3890410661697387
3379,2870,False,0.0
3379,2453,False,0.5533444881439209
3380,3667,True,0.7543781995773315
3381,1139,False,0.5764996409416199
3381,5810,False,0.3834525644779205
3381,5491,False,0.3891167640686035
3381,5184,False,0.411192387342453
3382,5818,False,0.0
3383,4619,True,0.5897354483604431
3388,4591,False,0.5132656097412109
3389,5737,False,0.852563738822937
3389,4880,False,0.0
3389,4234,False,0.0
3391,3432,False,0.3546214401721954
3391,5594,True,0.6792875528335571
3392,4229,False,0.4633641242980957
3393,695,False,0.0
3393,4463,False,0.0
3393,3002,False,0.0
3393,343,False,0.7757759690284729
3394,3970,False,0.0
3395,5745,False,0.0
3395,2339,False,0.0
3395,3287,False,0.5463970899581909
3396,4935,False,0.5224407911300659
3397,4986,False,0.8778954148292542
3398,5131,True,0.7153987884521484
3399,3457,False,0.4826364815235138
3399,4256,False,0.4155514240264892
3401,4132,False,0.0
3404,2552,False,0.7165259122848511
3404,5009,False,0.5889537334442139
3404,55,False,0.5260612368583679
3404,669,False,0.5262489914894104
3406,1064,False,0.8124674558639526
3408,3891,False,0.0
3408,2610,False,0.0
3408,5067,False,0.0
3408,3834,False,0.0
3409,4951,False,0.5264394283294678
3409,3425,True,0.7342523336410522
3411,5195,False,0.0
3411,2539,True,0.6515598297119141
3412,3338,False,0.0
3412,381,True,0.6363469362258911
3412,2549,False,0.0
3415,5113,False,0.3399845063686371
3415,5867,False,0.3914787769317627
3416,5508,True,0.855957567691803
3418,2561,True,0.78012615442276
3421,3314,False,0.0
3421,1998,False,0.0
3421,326,False,0.8563076257705688
3421,2337,False,0.0
3422,316,False,0.0
3422,231,False,0.0
3425,288,True,0.5568739771842957
3426,4990,False,0.8765274286270142
3428,5596,False,0.5693280696868896
3430,4632,False,0.0
3431,5769,False,0.4267556369304657
3431,5056,False,0.0
3431,5957,False,0.4220011234283447
3434,5091,True,0.6983955502510071
3435,3675,True,0.6173714399337769
3436,3626,False,0.899043083190918
3436,4801,False,0.0
3437,5618,False,0.5701414346694946
3437,5933,False,0.5005136728286743
3439,3685,False,0.0
3439,4905,True,0.7801169753074646
3440,5151,True,0.6154358386993408
3441,4181,False,0.5324662327766418
3442,5933,False,0.0
3443,4824,True,0.5472190976142883
3444,4501,True,0.7452656626701355
3447,4210,True,0.7064405083656311
3448,3316,False,0.0
3449,3119,False,0.0
3450,5456,False,0.3585590422153473
3450,2073,False,0.4061485826969147
3450,2475,True,0.720425009727478
3451,4746,False,0.0
3453,810,False,0.4150718450546264
3454,5385,False,0.5531152486801147
3454,1818,True,0.7720849514007568
3456,1944,False,0.4214080572128296
3456,4666,False,0.0
3457,2842,False,0.8654347062110901
3459,4453,False,0.5620924830436707
3461,3087,False,0.4875270426273346
3461,813,True,0.6620301008224487
3461,3319,False,0.4535030126571655
3463,4167,False,0.0
3463,369,False,0.4706795215606689
3464,185,False,0.8673710823059082
3466,1537,True,0.7410323619842529
3467,2182,True,0.7256177663803101
3468,4591,False,0.5460327863693237
3468,498,True,0.656941294670105
3470,989,False,0.0
3471,4742,False,0.0
3471,3437,True,0.567867636680603
3474,1125,False,0.0
3474,4023,False,0.0
3475,2168,False,0.5232807397842407
3476,6005,False,0.0
3477,4011,False,0.0
3481,4862,False,0.4833146929740906
3481,5211,True,0.6293720006942749
3483,4567,True,0.6889205574989319
3484,2248,False,0.8686792850494385
3489,1696,False,0.0
3490,394,True,0.7195827960968018
3490,3431,False,0.0
3491,693,False,0.5778260827064514
3495,907,False,0.0
3495,4457,False,0.0
3495,4572,True,0.5193701386451721
3497,5376,True,0.6846836805343628
3497,5850,False,0.5146965980529785
3498,3411,False,0.6258705854415894
3499,5962,False,0.0
3499,39,False,0.8053353428840637
3500,3305,False,0.0
3500,4605,False,0.3759206533432007
3500,481,True,0.6177340745925903
3502,5526,False,0.5727420449256897
3503,5610,True,0.9999997615814208
3505,5771,False,0.0
3505,4891,True,0.6251453161239624
3506,3690,True,0.6588773727416992
3508,3556,False,0.0
3508,4433,False,0.0
3509,595,True,0.5619436502456665
3511,1707,False,0.0
3511,3973,False,0.6127889752388
3515,3299,False,0.0
3516,3208,False,0.0
3516,1488,True,0.7322731018066406
3516,3946,False,0.4544380307197571
3517,1588,False,0.5911284685134888
3518,2742,True,0.6216846704483032
3519,5071,False,0.5581972599029541
3519,4983,False,0.501207172870636
3521,5309,True,0.664372444152832
3522,5885,False,0.0
3522,192,False,0.4336264431476593
3522,4475,True,0.6560788750648499
3523,5915,True,0.860075831413269
3524,3765,True,0.5430753827095032
3525,1002,True,0.725280225276947
3528,4327,True,0.5908169150352478
3529,4506,False,0.5038506984710693
3530,3415,False,0.597443163394928
3533,3598,False,0.0
3533,4432,False,0.0
3533,5525,False,0.0
3533,3670,True,0.7630027532577515
3534,4314,False,0.0
3539,4364,False,0.4670433402061462
3540,5826,True,0.7509283423423767
3540,1889,False,0.0
3541,3765,False,0.0
3542,174,True,0.7739623785018921
3542,4552,False,0.0
3543,398,True,0.550341010093689
3545,5480,False,0.5746744871139526
3545,3654,False,0.0
3546,2154,True,0.723619282245636
3549,5204,False,0.5522722601890564
3551,2949,True,0.723218560218811
3555,1753,False,0.0
3558,1831,False,0.4924239814281463
3560,1190,False,0.0
3562,2127,True,0.5047109723091125
3563,5159,False,0.492766797542572
3563,957,True,0.6735901236534119
3564,400,True,0.6875076293945312
3566,4091,False,0.0
3566,2343,False,0.0
3567,1549,False,0.6050113439559937
3568,5163,False,0.0
3569,674,False,0.0
3570,1753,True,0.6386863589286804
3571,1902,True,0.6244974732398987
3572,3475,True,0.736021101474762
3574,5054,False,0.0
3574,2846,False,0.0
3574,6025,False,0.0
3574,2701,False,0.0
3576,4267,False,0.4430335760116577
3576,4334,True,0.6994993686676025
3577,4701,False,0.0
3577,3458,False,0.0
3577,5909,False,0.0
3578,2382,False,0.0
3578,2007,False,0.5833821892738342
3579,539,False,0.0
3579,3719,False,0.0
3582,5850,False,0.0
3583,1681,True,0.8119342923164368
3585,2256,False,0.0
3585,5647,False,0.8217720985412598
3589,5456,False,0.0
3591,5723,False,0.519282877445221
3591,5411,False,0.8825687170028687
3593,1346,True,0.5833290815353394
3594,5720,False,0.3693373203277588
3597,4238,False,0.8083956837654114
3598,1727,True,0.7231804132461548
3600,276,False,0.7924455404281616
3600,493,False,0.0
3601,5444,True,0.8257787823677063
3603,2322,False,0.4690315127372741
3604,5713,False,0.0
3605,891,False,0.0
3605,1086,False,0.5678989887237549
3605,3922,False,0.0
3608,3094,True,0.7734342217445374
3610,4734,False,0.0
3611,4885,False,0.0
3614,4326,False,0.0
3614,3077,False,0.3996258378028869
3616,5930,False,0.4763050079345703
3617,1092,False,0.8012560606002808
3617,5963,False,0.0
3618,4828,False,0.0
3619,3915,False,0.6722239255905151
3620,3467,False,0.0
3621,2401,False,0.0
3622,5264,True,0.6209303736686707
3623,1182,True,0.6675677299499512
3625,5561,False,0.6146481037139893
3627,5906,False,0.0
3635,421,True,0.5904914736747742
3638,472,True,0.6829432249069214
3641,4539,True,0.7273929119110107
3642,357,False,0.81626296043396
3643,5858,False,0.0
3643,4937,True,0.7398266792297363
3644,1745,False,0.0
3644,2893,False,0.4454880952835083
3646,3251,True,0.7163146734237671
3648,4800,False,0.9159221649169922
3649,1211,False,0.5420966744422913
3649,5331,False,0.0
3649,3728,False,0.0
3653,253,True,0.4594643712043762
3654,3087,False,0.4118896722793579
3654,5987,False,0.5781130194664001
3654,813,False,0.3630541563034057
3654,3319,False,0.4360519349575043
3655,5352,False,0.5312632322311401
3656,152,False,0.5219318866729736
3656,2597,False,0.5108609199523926
3659,2550,True,0.702897846698761
3659,1929,False,0.481802374124527
3660,524,False,0.8754456043243408
3661,4666,False,0.5122256278991699
3664,2204,False,0.0
3665,2328,True,0.7443898320198059
3666,3417,True,0.60246342420578
3667,4398,False,0.0
3669,4621,True,0.8262436389923096
3670,5054,False,0.0
3670,1036,False,0.8012558221817017
3674,4196,False,0.5310303568840027
3674,4872,False,0.5864700078964233
3674,3476,False,0.5995762348175049
3674,4761,False,0.4666442275047302
3675,3956,True,1.000000238418579
3677,4091,False,0.0
3677,1634,True,0.7619364261627197
3678,4636,False,0.0
3678,5118,False,0.0
3678,5443,False,0.5772300958633423
3678,5759,False,0.0
3681,204,True,0.6638931632041931
3681,2311,False,0.0
3682,4746,False,0.450254738330841
3683,6025,False,0.0
3683,1761,True,0.8322986364364624
3683,5558,False,0.0
3688,2260,False,0.4722632467746734
3688,1584,False,0.4567373692989349
3689,2175,False,0.615166187286377
3691,4784,False,0.0
3693,1755,True,0.6721356511116028
3693,1998,False,0.0
3693,5163,False,0.0
3693,1689,False,0.0
3694,3045,True,0.5480378270149231
3695,5165,True,0.6303204298019409
3697,4183,True,0.8139616250991821
3699,4236,True,0.614719569683075
3701,3749,False,0.0
3701,2424,False,0.5077497363090515
3701,3874,False,0.0
3704,5745,False,0.0
3705,3897,False,0.5802213549613953
3705,5173,True,0.6644041538238525
3706,64,False,0.5302122235298157
3707,4526,True,0.8216732740402222
3707,4744,False,0.0
3707,5156,False,0.0
3711,2590,False,0.0
3711,2173,False,0.7525571584701538
3711,4407,False,0.0
3711,5046,False,0.0
3712,1061,True,0.7108751535415649
3717,3996,False,0.0
3717,4770,False,0.0
3718,3092,False,0.0
3719,4368,False,0.723234236240387
3720,939,False,0.0
3721,4546,False,0.0
3721,2050,True,0.6223135590553284
3723,2698,False,0.5483061671257019
3725,1965,True,0.5404586791992188
3726,5128,True,0.8001887202262878
3727,1445,False,0.0
3727,5116,False,0.901522696018219
3730,4453,False,0.0
3732,4357,True,0.7106937170028687
3734,1507,False,0.7014309167861938
3734,4967,False,0.5197259187698364
3734,1119,False,0.5198207497596741
3735,3690,False,0.4341872632503509
3735,3892,False,0.0
3735,4638,False,0.4917240142822265
3736,5818,False,0.0
3737,4510,False,0.0
3737,5740,False,0.0
3737,6054,True,0.6166667938232422
3737,4523,False,0.0
3738,4756,False,0.4215221405029297
3738,4393,False,0.0
3739,5769,False,0.0
3739,5957,False,0.0
3741,3638,False,0.6117364168167114
3743,1360,True,0.6461994051933289
3745,3384,False,0.0
3745,5932,False,0.4886430203914642
3745,2168,False,0.4368671774864197
3745,1399,False,0.0
3746,5297,False,0.5811684727668762
3746,5498,False,0.5536263585090637
3749,3745,False,0.4124698042869568
3749,2351,True,0.5931512117385864
3749,4917,False,0.3247078061103821
3750,4771,False,0.8825891017913818
3751,5241,True,0.7795898914337158
3752,4220,False,0.5225327014923096
3754,4638,False,0.4215692579746246
3755,2448,False,0.5331922769546509
3758,171,False,0.0
3758,2590,False,0.0
3758,1382,False,0.0
3758,5046,False,0.0
3759,2184,False,0.0
3760,4115,False,0.5242295265197754
3760,4080,False,0.0
3760,3922,False,0.0
3760,3061,False,0.7698938250541687
3764,5597,False,0.0
3765,5592,False,0.0
3765,3444,True,0.6837925910949707
3768,5867,False,0.0
3772,5755,False,0.0
3773,1445,False,0.5654853582382202
3773,2578,False,0.8120532035827637
3773,4753,False,0.0
3774,1029,False,0.5761675834655762
3774,5675,False,0.0
3775,3156,False,0.4321582913398742
3775,5085,False,0.3820390701293945
3777,2181,True,0.5378423929214478
3777,6040,False,0.3286433815956116
3778,5207,False,0.0
3779,2367,True,0.7581400871276855
3781,4338,False,0.0
3783,4904,True,0.8471132516860962
3784,1469,False,0.0
3784,5571,False,0.0
3784,4874,False,0.3748698532581329
3786,1539,False,0.532524824142456
3786,3996,True,0.7268502712249756
3786,5940,False,0.5519086122512817
3787,4823,False,0.8088293075561523
3787,4263,False,0.8458315134048462
3788,3054,False,0.6549466848373413
3794,3631,True,0.616370677947998
3795,1756,False,0.0
3795,1767,False,0.0
3795,202,False,0.6035753488540649
3796,3187,False,0.5905877351760864
3797,5319,True,0.6663406491279602
3799,1875,False,0.6423956155776978
3801,3314,False,0.0
3801,3613,False,0.0
3801,3261,False,0.0
3806,5161,False,0.0
3806,1500,False,0.0
3806,278,False,0.7927948236465454
3806,2441,False,0.0
3807,4132,False,0.0
3808,4947,True,0.7060135006904602
3809,5959,True,0.8564731478691101
3810,5448,False,0.4348394870758056
3811,4072,True,0.6609861850738525
3814,5243,False,0.484474778175354
3817,1073,True,0.6366761326789856
3820,852,True,0.7688508033752441
3820,816,False,0.0
3821,4764,False,0.6172466278076172
3821,2077,True,0.6884806752204895
3821,5981,False,0.6045110821723938
3822,4901,False,0.4100566208362579
3823,3246,False,0.50693678855896
3823,1817,False,0.0
3824,3500,False,0.694663405418396
3824,5380,False,0.5387318730354309
3824,5366,False,0.597050666809082
3827,4891,False,0.0
3827,5629,False,0.9015394449234008
3827,3271,False,0.0
3828,1615,True,0.6327745914459229
3829,1579,False,0.6350539922714233
3829,2405,False,0.68389493227005
3829,2869,False,0.6309847831726074
3831,5321,False,0.6074487566947937
3831,64,False,0.0
3832,4659,False,0.420897901058197
3833,1386,True,0.606694757938385
3834,3989,False,0.0
3834,2451,False,0.0
3835,1807,False,0.5845918655395508
3836,4338,False,0.0
3836,5349,False,0.0
3837,3514,False,0.5378609895706177
3837,332,False,0.4317152202129364
3838,4487,False,0.6198353171348572
3839,5015,False,0.0
3839,2011,True,0.5416562557220459
3841,4309,True,0.7810038924217224
3844,4609,False,0.0
3844,4641,False,0.0
3845,291,False,0.6032727956771851
3847,6041,False,0.0
3847,3013,True,0.6352862119674683
3849,4880,False,0.725305438041687
3851,3747,False,0.807032585144043
3851,4481,False,0.0
3853,3719,False,0.636478066444397
3853,3318,False,0.5228366255760193
3854,3317,False,0.580303430557251
3854,5719,False,0.7890152335166931
3855,283,False,0.8080809116363525
3857,1899,False,0.0
3857,3126,False,0.0
3859,5456,False,0.0
3860,4552,False,0.56370609998703
3860,3552,False,0.0
3860,4226,False,0.0
3861,858,True,0.9023520946502686
3862,5987,False,0.5278683304786682
3865,989,False,0.0
3865,3407,False,0.0
3865,5615,True,0.5309177041053772
3867,3392,False,0.0
3867,2679,False,0.0
3869,393,False,0.0
3870,5848,False,0.502281665802002
3872,1509,True,0.5337786674499512
3872,3607,False,0.0
3876,5962,False,0.3386232852935791
3876,2460,True,0.5753154754638672
3877,3000,True,0.7348641157150269
3877,977,False,0.4124896824359894
3878,3391,False,0.0
3878,1728,False,0.4760004878044128
3878,5806,False,0.0
3878,3705,False,0.0
3879,935,True,0.7093682289123535
3879,3552,False,0.0
3880,1235,True,0.7820427417755127
3881,5613,False,0.5433332920074463
3881,5570,False,0.5296800136566162
3881,4686,False,0.6123074293136597
3881,5894,False,0.6121976375579834
3882,5657,True,0.7509909868240356
3884,4142,True,0.6870298385620117
3885,5259,False,0.0
3885,4024,False,0.0
3885,2996,False,0.0
3886,2622,True,0.6125668883323669
3886,5115,False,0.0
3887,2426,False,0.0
3889,2022,False,0.0
3889,2215,True,0.4571853280067444
3889,4496,False,0.0
3889,3446,False,0.0
3891,4338,False,0.0
3891,5114,False,0.0
3891,5349,False,0.0
3892,4152,False,0.4763228595256805
3892,135,False,0.0
3892,2531,True,0.7600124478340149
3893,3973,False,0.0
3893,4199,False,0.0
3893,4379,True,0.5224881768226624
3894,2590,False,0.0
3894,5412,False,0.0
3894,5061,False,0.6933526992797852
3895,3726,True,0.8484199047088623
3896,3871,False,0.0
3898,4192,False,0.0
3899,2604,False,0.8262193202972412
3900,2901,True,0.8062016367912292
3901,2774,False,0.4184004068374634
3901,5938,False,0.5742900371551514
3902,4961,False,0.5441185235977173
3902,3873,False,0.5845097899436951
3903,1355,False,0.7588335275650024
3903,5893,False,0.0
3904,316,False,0.4599548280239105
3905,4022,False,0.4712831377983093
3906,4570,False,0.642189085483551
3908,3754,True,0.5620888471603394
3909,2373,False,0.0
3909,3823,False,0.6040674448013306
3911,4863,False,0.4778055250644684
3912,1970,True,0.7357790470123291
3914,4059,True,0.7464597225189209
3916,4885,True,0.6995420455932617
3918,5214,True,0.8459261059761047
3920,5560,False,0.5195252299308777
3920,5682,False,0.4441142082214355
3924,4645,False,0.0
3925,5580,False,0.0
3926,4256,False,0.0
3928,1142,True,0.491223394870758
3928,1489,False,0.0
3930,3395,True,0.5321604013442993
3931,4825,False,0.3641861379146576
3932,2783,False,0.0
3932,3252,False,0.0
3932,5828,False,0.0
3932,2009,True,0.6814975738525391
3933,3757,False,0.0
3933,3991,True,0.7356104850769043
3933,4048,False,0.0
3934,291,False,0.5824396014213562
3934,443,False,0.4342213273048401
3935,4553,True,0.7421826720237732
3936,383,True,0.6327563524246216
3937,3432,False,0.3666456937789917
3937,2583,False,0.0
3937,2595,False,0.4304624199867248
3938,5713,False,0.6998417377471924
3938,5473,False,0.0
3938,5920,False,0.6192694306373596
3939,3392,False,0.0
3939,5492,True,0.523887038230896
3940,5668,False,0.5883476734161377
3941,4349,False,0.8962221741676331
3941,5626,False,0.0
3945,4632,False,0.0
3948,4022,False,0.460691750049591
3949,5556,True,0.6331362128257751
3951,2926,False,0.0
3951,5898,False,0.2632706761360168
3951,2666,False,0.5317056775093079
3955,5867,False,0.3032260537147522
3955,5108,False,0.5100254416465759
3955,5113,False,0.0
3956,92,False,0.7496391534805298
3957,3336,False,0.0
3958,5701,False,0.4965322613716125
3958,3906,True,0.7467845678329468
3961,4976,True,0.6616430282592773
3963,5611,True,0.614109992980957
3968,6015,False,0.4290508031845093
3969,556,True,0.7562198638916016
3969,5195,False,0.2623253166675567
3970,2849,True,0.6203432083129883
3971,5416,False,0.7315320372581482
3972,6020,False,0.0
3972,4104,False,0.7194526195526123
3972,2505,False,0.0
3973,2926,False,0.5883473753929138
3976,5448,False,0.5290274024009705
3976,5074,False,0.4818024039268493
3976,5092,False,0.424782395362854
3976,4151,False,0.4684430956840515
3977,4309,False,0.0
3979,3376,False,0.47537362575531
3979,1037,False,0.7023898363113403
3979,479,True,0.70762038230896
3979,4136,False,0.6877924203872681
3982,1739,True,0.7747085094451904
3983,2866,False,0.7312297821044922
3986,2702,False,0.0
3987,5456,False,0.0
3987,5595,False,0.0
3987,5051,False,0.0
3987,5045,False,0.0
3988,5539,False,0.4955657124519348
3988,4626,True,0.7549300193786621
3990,815,True,0.682555079460144
3993,1462,False,0.0
3995,3057,False,0.0
3995,2272,False,0.4962567985057831
3996,903,True,0.6931998133659363
3997,4646,False,0.5425001382827759
3997,5574,False,0.5414568781852722
3997,1250,True,0.6378597617149353
3998,4645,False,0.0
3998,2720,False,0.4804728925228119
3998,4848,False,0.0
3999,1084,False,0.6219387650489807
3999,1522,True,0.5825395584106445
4000,5933,False,0.4728283882141113
4001,2246,False,0.0
4001,1046,False,0.0
4001,1888,True,0.4938482046127319
4002,5320,False,0.5087494850158691
4002,6038,False,0.0
4003,2478,False,0.0
4003,5782,False,0.0
4003,5838,False,0.0
4003,658,False,0.0
4004,5194,True,0.4722049832344055
4009,4148,False,0.0
4009,5418,False,0.0
4009,5372,False,0.0
4009,4212,True,0.5353342294692993
4010,780,True,0.723160445690155
4011,4901,False,0.4294345378875732
4012,5199,False,0.0
4012,2079,True,0.6342967748641968
4012,5892,False,0.0
4013,2224,True,0.7221453189849854
4013,5999,False,0.0
4014,143,False,0.8980726599693298
4015,4964,True,0.6208176612854004
4016,1245,False,0.3340012729167938
4016,5361,False,0.3981010019779205
4017,5508,False,0.5914244055747986
4017,4876,False,0.4752644896507263
4019,965,True,0.6926838755607605
4019,5562,False,0.534946858882904
4019,5716,False,0.0
4023,1760,False,0.0
4023,1464,False,0.5671403408050537
4024,5518,True,0.655799925327301
4026,150,False,0.7485561370849609
4026,5020,True,0.7538881897926331
4027,5250,False,0.5591391324996948
4027,5805,False,0.4887846112251282
4029,1399,False,0.3828912377357483
4033,3651,True,0.7045448422431946
4034,3556,False,0.0
4034,3442,False,0.0
4036,5301,False,0.4931889772415161
4040,664,True,0.6538068652153015
4041,6005,False,0.0
4041,4940,False,0.0
4042,5766,True,0.5707643628120422
4046,2438,True,0.6508888602256775
4046,5595,False,0.0
4046,5051,False,0.51759934425354
4047,1006,False,0.0
4048,5850,False,0.5423323512077332
4049,525,False,0.0
4049,3223,False,0.0
4055,4549,False,0.0
4056,2631,False,0.0
4056,5838,False,0.0
4056,5349,False,0.0
4056,5782,False,0.0
4057,2265,True,0.7115627527236938
4059,1814,False,0.5625012516975403
4060,3463,False,0.0
4061,3361,False,0.6619665622711182
4061,231,False,0.2745009362697601
4063,5007,False,0.4014275372028351
4063,5566,False,0.0
4064,267,True,0.6750612258911133
4066,475,True,0.6722824573516846
4066,5087,False,0.0
4066,2958,False,0.6535602807998657
4068,2830,False,0.599212646484375
4069,5295,True,0.8011188507080078
4070,1883,False,0.6251524686813354
4070,1244,False,0.6035565733909607
4070,3350,False,0.5518835783004761
4071,5789,True,0.7263932228088379
4072,1360,False,0.0
4072,5539,False,0.0
4072,5107,True,0.6493613719940186
4074,642,False,0.6482685804367065
4074,5997,False,0.7026636004447937
4074,3945,True,0.7430374622344971
4074,3076,False,0.0
4075,5742,False,0.7141913175582886
4077,4412,True,0.3476707339286804
4077,5602,False,0.2936423718929291
4077,5580,False,0.4259030818939209
4077,5563,False,0.3669213354587555
4080,3047,False,0.0
4080,2651,False,0.0
4081,4250,True,0.4826220571994781
4082,1981,True,0.7758088111877441
4084,756,False,0.8144118785858154
4085,3410,True,0.599778413772583
4085,1616,False,0.4146474599838257
4086,4878,True,0.4637032747268677
4086,2149,False,0.0
4087,3939,False,0.0
4087,4956,False,0.0
4090,5094,False,0.4592911303043365
4090,3861,False,0.4066548645496368
4090,5981,False,0.0
4090,4419,False,0.0
4093,89,False,0.6362155079841614
4094,2639,False,0.0
4094,5033,False,0.0
4094,4987,False,0.0
4094,3809,False,0.0
4095,2809,True,0.7806454300880432
4096,3873,True,0.6412866115570068
4097,5186,False,0.0
4097,4933,False,0.0
4098,4146,True,0.6525387167930603
4099,5071,False,0.0
4100,482,True,0.6881592273712158
4101,5928,True,0.7641467452049255
4105,3047,False,0.3252463638782501
4110,5480,False,0.5235525369644165
4111,471,True,0.7186800837516785
4113,948,False,0.5921587944030762
4114,4479,True,0.6030226349830627
4115,2348,False,0.0
4115,5875,False,0.0
4115,4031,True,0.5095428824424744
4115,4315,False,0.0
4116,3450,True,0.7821372747421265
4116,2650,False,0.0
4116,4080,False,0.0
4116,4515,False,0.0
4117,2439,False,0.0
4117,2167,False,0.8053091764450073
4118,5494,False,0.0
4119,1940,False,0.4886778593063354
4119,1492,False,0.6680464744567871
4119,2448,True,1.0
4120,4180,True,0.4191096127033233
4120,5200,False,0.0
4121,3414,True,0.7268010377883911
4123,159,True,0.8269911408424377
4124,1832,False,0.0
4125,1732,False,0.0
4125,5694,False,0.6284657716751099
4126,5653,False,0.4579412937164306
4126,5155,True,0.8226238489151001
4126,5999,False,0.3714174628257751
4128,2579,False,0.4855079352855682
4129,1489,False,0.6589052081108093
4130,1918,True,0.8634725213050842
4131,4507,False,0.0
4132,4698,True,0.6807371377944946
4133,4982,False,0.0
4133,5332,False,0.0
4133,5693,False,0.0
4134,3384,False,0.0
4135,1553,False,0.6473586559295654
4137,5953,False,0.0
4137,4419,False,0.0
4137,4731,False,0.0
4137,5607,False,0.5347366333007812
4138,2145,False,0.0
4140,5562,False,0.5146861672401428
4140,5716,False,0.3871491551399231
4141,4300,False,0.0
4142,5345,True,0.5426925420761108
4143,4398,True,0.699492335319519
4144,5983,False,0.0
4145,3930,False,0.4738885760307312
4146,4261,True,0.6516085267066956
4146,391,False,0.6281107068061829
4147,3841,True,0.6880938410758972
4148,3523,False,0.0
4150,4873,True,0.7665501832962036
4154,5251,False,0.515745222568512
4154,2916,False,0.0
4155,64,False,0.5430984497070312
4156,3208,False,0.5617818236351013
4156,2467,False,0.5001093745231628
4156,3946,False,0.5593084096908569
4157,5990,False,0.0
4157,3295,True,0.4988024830818176
4161,4605,False,0.0
4165,4494,True,0.6515830159187317
4166,4198,False,0.5547410249710083
4167,2348,False,0.4357500076293945
4167,5875,False,0.5302542448043823
4167,4031,False,0.0
4167,4315,False,0.2919504642486572
4169,854,True,0.7460798025131226
4170,5780,False,0.0
4170,5796,False,0.608558177947998
4171,190,True,0.8386314511299133
4172,5730,False,0.0
4172,5919,False,0.0
4173,3760,True,0.4980426728725433
4173,3254,False,0.4222369492053985
4174,5933,False,0.6248719096183777
4174,4545,False,0.4754521250724792
4174,4608,False,0.5065264701843262
4175,2948,False,0.0
4176,5730,True,0.7565189599990845
4176,5919,False,0.0
4177,5769,False,0.0
4177,5604,False,0.0
4177,4466,False,0.4654070138931274
4177,5957,False,0.0
4178,2065,True,0.9059158563613892
4179,986,True,0.6653908491134644
4182,5082,False,0.5436080098152161
4182,5605,True,0.6523120403289795
4182,4347,False,0.0
4183,1914,True,0.5090511441230774
4185,125,False,0.0
4186,3626,False,0.0
4186,980,False,0.0
4186,579,False,0.7801488041877747
4187,5267,False,0.0
4189,2990,True,0.6960874199867249
4189,5237,False,0.5956083536148071
4191,604,True,0.5919464230537415
4192,5397,False,0.4347035884857178
4192,1754,False,0.0
4193,2374,True,0.7469261884689331
4194,5941,False,0.3594142198562622
4196,5937,False,0.0
4197,4188,False,0.0
4202,4219,False,0.0
4202,2928,True,0.4789745807647705
4202,3261,False,0.0
4205,4025,False,0.6110643148422241
4206,3438,True,0.739909291267395
4207,5079,False,0.5700387954711914
4208,1690,False,0.0
4209,4905,False,0.4017437100410461
4210,1117,False,0.0
4211,561,True,0.679330050945282
4212,806,False,0.9199085235595704
4213,4121,True,0.6103875041007996
4215,2574,True,0.5794950127601624
4215,1791,False,0.6216055154800415
4216,5645,False,0.5244489908218384
4220,4721,False,0.0
4221,699,False,0.0
4221,2179,False,0.0
4222,5923,False,0.0
4222,1077,False,0.0
4222,328,True,0.6166536808013916
4222,3973,False,0.0
4226,4634,False,0.0
4227,1189,False,0.0
4228,5595,False,0.0
4228,3998,False,0.502490222454071
4228,2645,False,0.5065167546272278
4231,76,False,0.4474425315856933
4232,3713,True,0.7305804491043091
4233,2227,False,0.7969608902931213
4236,5882,False,0.4958167672157287
4239,2487,True,0.806357741355896
4239,605,False,0.0
4239,598,False,0.0
4240,2554,False,0.4717808067798614
4244,5945,False,0.5269781947135925
4244,5464,False,0.5364776253700256
4245,1283,True,0.8396837711334229
4245,5547,False,0.4575342237949371
4245,5671,False,0.4473977386951446
4245,5724,False,0.0
4248,5892,False,0.4561521410942077
4248,6036,False,0.4769971966743469
4249,4896,False,0.0
4249,5162,False,0.0
4250,5396,False,0.4176413714885711
4251,5250,True,0.6712158918380737
4252,4813,False,0.571897029876709
4252,5489,False,0.6096506118774414
4254,5683,False,0.4236122965812683
4254,3156,False,0.0
4254,712,False,0.5060092210769653
4255,5634,False,0.0
4255,758,True,0.6026425361633301
4256,4023,False,0.0
4257,1205,True,0.6555579304695129
4258,929,False,0.0
4258,3496,True,0.6463967561721802
4258,4611,False,0.0
4259,891,True,0.7246333360671997
4260,1883,False,0.6382484436035156
4260,1143,False,0.4902903139591217
4261,4722,False,0.6728740930557251
4262,5327,True,0.6866359710693359
4266,4757,True,0.7891750335693359
4268,4630,False,0.0
4268,5571,False,0.490363210439682
4270,5267,True,0.4538743197917938
4271,3901,False,0.7862651348114014
4272,180,False,0.0
4272,5865,True,0.623178243637085
4273,4627,False,0.0
4273,1552,True,0.7530520558357239
4273,5285,False,0.0
4273,4097,False,0.0
4274,767,False,0.7619665861129761
4274,3615,False,0.6921367645263672
4275,5282,True,0.6347513794898987
4276,5033,True,0.4890623688697815
4277,5937,False,0.5432066917419434
4277,5587,False,0.5542665719985962
4277,5997,False,0.4786616563796997
4278,4598,False,0.4658218026161194
4278,5627,False,0.0
4278,5518,False,0.0
4280,5670,False,0.0
4285,3250,True,0.6660159230232239
4285,5679,False,0.0
4287,6013,False,0.0
4287,4457,False,0.0
4288,4630,False,0.0
4288,4101,False,0.0
4289,4592,False,0.0
4289,5492,False,0.0
4292,3958,True,0.7844207286834717
4295,4437,False,0.0
4295,3886,False,0.0
4295,5382,False,0.0
4300,1630,True,0.93130224943161
4300,3576,False,0.5124147534370422
4301,5513,False,0.0
4301,1799,False,0.0
4301,5774,False,0.0
4301,5903,False,0.5403918027877808
4304,1167,False,0.7935307025909424
4304,2107,False,0.5279644727706909
4306,5896,True,0.7787408828735352
4308,5036,False,0.4385684430599212
4309,4478,False,0.5659418702125549
4309,1999,True,0.7420884966850281
4309,5947,False,0.5070309638977051
4310,5182,False,0.4784932136535644
4311,4343,True,0.4607759118080139
4312,5487,True,0.7342764139175415
4315,5161,False,0.8197096586227417
4315,5828,False,0.0
4315,950,False,0.0
4315,5740,False,0.0
4316,2285,False,0.7280718088150024
4316,2617,False,0.0
4316,3237,False,0.0
4317,2855,False,0.5402798652648926
4318,5155,False,0.4473666250705719
4318,5653,False,0.4371165037155151
4318,5999,False,0.0
4319,5482,False,0.0
4319,5973,False,0.4267585277557373
4320,5608,True,0.7503317594528198
4320,4503,False,0.0
4321,3633,True,0.580501914024353
4324,6030,False,0.0
4324,2932,False,0.3437488973140716
4326,6041,False,0.4089559912681579
4326,2983,True,0.7518954873085022
4327,1844,False,0.0
4328,2150,False,0.5378985404968262
4328,4630,False,0.494509220123291
4328,5885,False,0.4857885539531708
4328,4503,True,0.6286657452583313
4329,5595,False,0.0
4329,3998,True,0.6190690398216248
4329,2645,False,0.4814465045928955
4330,5221,False,0.0
4331,6029,False,0.0
4333,4542,True,0.5493489503860474
4334,5119,False,0.0
4337,6041,False,0.4459242224693298
4337,388,True,0.7217759490013123
4337,4503,False,0.0
4338,5393,False,0.7912092804908752
4338,6013,False,0.4469213783740997
4339,752,False,0.0
4339,5340,False,0.6523373126983643
4340,4401,False,0.0
4340,3246,False,0.0
4340,3191,False,0.7099347710609436
4341,5404,False,0.4423530697822571
4341,5221,False,0.5320394039154053
4341,5920,False,0.5295208692550659
4342,5987,False,0.73267662525177
4343,3775,False,0.0
4343,5148,True,0.5339287519454956
4344,2429,False,0.0
4344,2439,False,0.8226942420005798
4344,1550,False,0.0
4345,1103,True,0.5476271510124207
4345,5422,False,0.0
4347,2491,False,0.0
4347,2868,False,0.3096267580986023
4347,4893,False,0.469774454832077
4348,5274,True,0.6796532869338989
4351,5255,False,0.5574771761894226
4351,2655,False,0.0
4352,5395,False,0.0
4354,5799,True,0.6873503923416138
4355,2953,True,0.7829659581184387
4356,4772,False,0.4693071246147156
4356,78,True,0.6739276647567749
4356,3269,False,0.5759977102279663
4356,3593,False,0.5416984558105469
4357,2343,False,0.0
4357,5944,False,0.317914068698883
4358,5767,False,0.5566296577453613
4359,1211,False,0.0
4359,3245,False,0.0
4359,1216,False,0.0
4359,4812,False,0.0
4362,2992,False,0.5757714509963989
4362,5082,False,0.4648439884185791
4362,4681,False,0.4947517514228821
4363,5513,False,0.571028470993042
4363,5774,False,0.4370352625846863
4363,5903,False,0.0
4364,772,False,0.0
4364,2720,False,0.0
4364,3523,False,0.0
4365,4609,False,0.0
4365,4641,False,0.4627556204795837
4366,4038,True,0.5996920466423035
4367,5079,False,0.5649361610412598
4368,5084,False,0.4782002568244934
4368,3802,False,0.3772538602352142
4369,4260,False,0.8978000283241272
4371,3176,True,0.4718453288078308
4371,5395,False,0.0
4373,1876,True,0.7260611057281494
4373,1405,False,0.0
4373,4496,False,0.4153396189212799
4373,4441,False,0.5673534870147705
4374,2393,True,0.6807927489280701
4375,5238,False,0.0
4376,1775,False,0.4905835092067718
4378,4952,False,0.0
4379,4961,False,0.5958912372589111
4381,4397,True,0.7904810905456543
4381,3502,False,0.3641910851001739
4381,4688,False,0.5030196905136108
4382,6001,False,0.6675233840942383
4383,4734,False,0.0
4383,1137,True,0.6706373691558838
4384,2783,True,0.4630337953567505
4384,3134,False,0.0
4385,1868,False,0.507624626159668
4385,5009,False,0.447517991065979
4386,3197,True,0.6149875521659851
4387,4719,False,0.8693870306015015
4388,3064,True,0.5460788011550903
4390,3332,True,0.7369521260261536
4391,3104,False,0.406896710395813
4391,5956,False,0.0
4392,4721,False,0.597804844379425
4393,1431,False,0.0
4393,4798,False,0.0
4393,5652,False,0.4755392074584961
4394,5384,False,0.0
4394,6029,False,0.4483517408370971
4394,2074,True,0.7357420325279236
4395,2254,False,0.4802530407905578
4395,3521,True,0.8516572713851929
4396,1424,False,0.5722805261611938
4397,56,False,0.0
4397,2258,True,0.5493478178977966
4398,3328,False,0.0
4398,5906,False,0.4274027645587921
4399,5143,False,0.4801437854766845
4399,5170,False,0.5714449882507324
4401,3493,False,0.0
4402,6035,False,0.0
4402,279,False,0.7219762802124023
4405,5464,False,0.4837906062602997
4405,4200,False,0.5026005506515503
4406,5458,False,0.5368818044662476
4407,4539,False,0.0
4407,5238,False,0.0
4409,3843,False,0.6168109178543091
4409,3466,False,0.6579568386077881
4409,5427,False,0.6896400451660156
4409,5685,False,0.7658418416976929
4410,5409,False,0.0
4410,5604,False,0.0
4411,1958,False,0.0
4412,4642,False,0.3226363062858581
4413,1493,True,0.8163509368896484
4413,5818,False,0.528765082359314
4414,4493,False,0.5018502473831177
4414,3008,True,0.831678032875061
4414,806,False,0.0
4415,4139,False,0.0
4415,5392,False,0.0
4415,5801,False,0.0
4415,5558,True,0.5944464206695557
4418,5561,False,0.0
4420,2876,False,0.0
4420,20,True,0.8268542289733887
4420,3937,False,0.0
4421,5560,False,0.0
4421,5682,False,0.0
4422,3940,True,0.6842688322067261
4423,632,True,0.71979159116745
4425,851,False,0.4119754433631897
4425,5745,False,0.0
4425,5459,False,0.0
4426,804,True,0.7498637437820435
4428,326,False,0.0
4428,96,False,0.0
4428,4153,False,0.7176777720451355
4430,2445,True,0.5885270833969116
4430,5360,False,0.0
4432,5622,False,0.4904429614543915
4432,1295,True,0.8888776302337646
4432,5638,False,0.3778947591781616
4433,3944,True,0.6665160059928894
4434,5589,True,0.7369423508644104
4435,5772,False,0.4192937910556793
4435,2040,True,0.7198145985603333
4436,5937,False,0.0
4436,5860,False,0.5030282139778137
4436,3302,True,0.7527188062667847
4439,2296,False,0.8296017050743103
4440,5850,False,0.5766382813453674
4442,4815,True,0.5041041970252991
4443,5041,False,0.0
4443,5093,True,0.6481157541275024
4444,5378,True,0.7524062395095825
4445,4692,False,0.4720620512962341
4445,2158,False,0.5093054175376892
4445,5002,False,0.4807653129100799
4445,4754,True,0.739665687084198
4446,2857,True,0.7927523255348206
4447,4906,False,0.5452307462692261
4448,5785,False,0.0
4451,3334,False,0.9277953505516052
4455,5457,False,0.0
4457,5785,False,0.414176344871521
4458,4569,True,0.7311080694198608
4459,5906,False,0.0
4459,4915,False,0.0
4460,4200,False,0.5686047673225403
4461,3816,True,0.7984508275985718
4463,3728,True,0.6676522493362427
4464,1093,False,0.0
4464,3348,False,0.0
4465,3205,False,0.0
4466,4506,False,0.0
4467,5818,False,0.0
4467,2784,False,0.5229617357254028
4467,5316,False,0.0
4467,4571,False,0.0
4469,5854,False,0.0
4469,2981,False,0.5384200811386108
4470,3264,False,0.8477068543434143
4471,1807,True,0.7751472592353821
4475,5608,False,0.0
4476,4366,False,0.5407644510269165
4476,3846,False,0.0
4477,879,True,0.7375665307044983
4478,2467,True,0.7838557958602905
4478,3946,False,0.5269315838813782
4479,2987,False,0.619391918182373
4480,403,False,0.4184774756431579
4482,1439,True,0.7091029286384583
4484,56,False,0.0
4484,5575,True,0.712510883808136
4486,3951,False,0.4581744372844696
4486,719,True,0.7731639742851257
4487,614,True,0.5446312427520752
4489,5075,False,0.4066630899906158
4491,5706,False,0.3921276330947876
4491,4482,False,0.0
4491,5686,True,0.6335948705673218
4491,4403,False,0.0
4492,180,False,0.0
4492,2705,True,0.7601542472839355
4493,2236,False,0.520884096622467
4494,960,True,0.782860517501831
4497,3786,True,0.744753897190094
4498,4832,False,0.0
4499,5240,False,0.0
4499,3314,False,0.0
4499,951,False,0.6373979449272156
4499,3361,False,0.0
4500,5237,False,0.5511585474014282
4501,5920,False,0.0
4502,1543,True,0.6389080882072449
4503,5975,False,0.0
4504,5312,False,0.4615915417671203
4504,4877,False,0.4459068179130554
4504,5157,False,0.5147718191146851
4505,3683,False,0.5194413065910339
4505,5687,False,0.6489720940589905
4508,2028,False,0.0
4508,3934,False,0.7647616863250732
4508,2456,False,0.0
4508,2036,False,0.0
4510,4256,False,0.0
4511,2619,False,0.5893129110336304
4513,1160,False,0.0
4514,5990,False,0.6803896427154541
4515,3626,False,0.0
4515,2414,False,0.8351075649261475
4515,901,False,0.0
4515,2632,False,0.7400469779968262
4516,3135,True,0.763329267501831
4519,5941,True,0.6441624164581299
4520,4896,False,0.5517708659172058
4520,4495,True,0.7833097577095032
4520,5162,False,0.4858788549900055
4522,5041,False,0.3047851026058197
4522,5093,False,0.5496166944503784
4523,5271,False,0.6391212940216064
4524,2824,False,0.0
4524,5091,False,0.0
4524,5413,False,0.8520363569259644
4524,4771,False,0.0
4525,1578,True,0.6809142231941223
4527,1578,False,0.5201467871665955
4529,4750,True,0.7865938544273376
4530,2558,False,0.7474217414855957
4530,4630,False,0.0
4530,5836,False,0.0
4530,5014,True,0.4340315461158752
4531,4982,False,0.0
4531,3805,False,0.0
4532,814,True,0.5815578699111938
4533,207,True,0.5886118412017822
4533,5822,False,0.0
4534,3387,False,0.596581757068634
4534,406,True,0.7066192626953125
4534,489,False,0.555300235748291
4535,4676,False,0.7158218622207642
4539,580,False,0.0
4539,4071,False,0.0
4539,1216,False,0.0
4540,4437,False,0.4822578430175781
4540,3886,False,0.0
4540,5382,False,0.4676603078842163
4541,4954,True,0.5952284336090088
4542,5071,False,0.5313169360160828
4542,2262,False,0.5911029577255249
4544,1189,False,0.4106049537658691
4545,1028,False,0.3993117809295654
4546,2066,True,0.6188218593597412
4548,3695,False,0.0
4549,2345,False,0.0
4549,3969,False,0.6491150856018066
4549,1041,False,0.439819872379303
4550,2846,False,0.0
4550,5691,True,0.7061339616775513
4551,1584,False,0.4693042635917663
4551,5895,False,0.4496330618858337
4552,3843,False,0.5738208293914795
4552,3466,False,0.6199741363525391
4552,5427,True,0.8234700560569763
4552,5685,False,0.6871609091758728
4553,3684,False,0.58182692527771
4554,4703,False,0.0
4554,639,True,0.5314583778381348
4554,4691,False,0.0
4555,1812,True,0.7115416526794434
4557,4838,False,0.0
4557,5032,True,0.6614060997962952
4558,3825,True,0.6844342947006226
4559,2419,False,0.0
4560,1139,False,0.0
4560,216,False,0.0
4560,1216,True,0.5969598293304443
4561,5604,False,0.0
4562,5668,False,0.4111878275871277
4563,3044,False,0.0
4563,418,True,0.5254716873168945
4564,2048,True,0.5983887910842896
4565,4789,False,0.5488256216049194
4565,6011,False,0.0
4565,4743,False,0.0
4565,5429,False,0.0
4566,3023,True,0.7480200529098511
4566,5434,False,0.5739810466766357
4566,1975,False,0.5178861021995544
4566,5093,False,0.4575221836566925
4567,5824,False,0.0
4568,4517,False,0.4961369633674621
4569,4953,False,0.5316197872161865
4569,2170,False,0.5291992425918579
4572,3108,True,0.5466160774230957
4575,6047,False,0.0
4577,1718,True,0.5664141774177551
4578,515,True,0.7008982300758362
4578,5880,False,0.0
4579,2079,False,0.6872485280036926
4580,4003,False,0.627474308013916
4580,913,False,0.860103964805603
4582,3113,True,0.7727600336074829
4582,4642,False,0.3424854278564453
4584,4541,True,0.6866920590400696
4587,1756,False,0.0
4587,5666,False,0.0
4587,5112,False,0.8346222043037415
4588,1550,True,0.6320115327835083
4588,4017,False,0.4801344573497772
4588,5156,False,0.0
4589,4220,False,0.0
4590,1004,False,0.4471831321716308
4591,5944,False,0.3187131285667419
4592,4860,False,0.4610186219215393
4593,5713,False,0.4637638628482818
4593,5618,False,0.5448619723320007
4594,5887,False,0.0
4594,5254,True,0.7027068138122559
4596,699,True,0.6532554626464844
4597,2526,False,0.5953285098075867
4597,4845,False,0.0
4597,793,False,0.0
4597,4627,False,0.0
4598,916,False,0.0
4598,5249,True,0.9703895449638368
4599,5832,False,0.0
4599,4892,True,0.6652885675430298
4601,3956,False,0.0
4603,5841,False,0.0
4604,5478,False,0.0
4605,5455,False,0.0
4606,4698,False,0.0
4607,5692,False,0.0
4607,5958,False,0.0
4607,5646,False,0.0
4607,5837,False,0.0
4608,5160,False,0.5431174635887146
4608,3236,True,0.6417384743690491
4611,4244,True,0.5993747115135193
4614,3595,False,0.0
4614,5450,False,0.893700361251831
4616,4920,True,0.7209383249282837
4617,1966,False,0.4863329529762268
4617,1117,False,0.0
4618,3985,True,0.7411067485809326
4619,2586,True,0.8309555053710938
4620,204,False,0.4512235820293426
4620,2311,False,0.6044226288795471
4622,6021,False,0.5353807806968689
4622,4989,False,0.6250742077827454
4623,5730,False,0.0
4623,2160,True,0.7584418654441833
4623,5919,False,0.0
4624,1500,False,0.795654833316803
4625,4056,False,0.0
4629,5906,False,0.4948910176753998
4630,5547,False,0.4512587785720825
4630,5724,False,0.0
4630,5671,False,0.4532128572463989
4631,971,False,0.0
4631,3319,False,0.3860905170440674
4632,112,True,0.6526584029197693
4634,4518,False,0.6181367039680481
4634,2426,False,0.4417516589164734
4635,5232,False,0.0
4635,2017,False,0.0
4635,5333,False,0.0
4636,2562,True,0.6283857226371765
4637,2126,False,0.8309266567230225
4638,334,True,0.6802043914794922
4639,3790,False,0.0
4641,5650,False,0.0
4641,3252,False,0.0
4642,5860,False,0.0
4642,240,True,0.7818713188171387
4644,5336,True,0.566133975982666
4645,1678,False,0.5486464500427246
4645,4873,False,0.5973888635635376
4646,5824,False,0.0
4646,5887,False,0.0
4648,5705,False,0.7216157913208008
4648,2256,False,0.0
4652,5513,False,0.0
4652,5774,False,0.0
4652,5903,False,0.0
4654,2695,True,0.6430853009223938
4655,2388,False,0.6804376840591431
4656,5463,False,0.0
4656,5929,False,0.3684216141700744
4656,3883,True,0.7442688345909119
4656,5740,False,0.0
4657,3178,True,0.5901899337768555
4658,3195,True,0.8150831460952759
4660,6030,False,0.0
4661,4982,False,0.0
4661,4961,True,0.7589797973632812
4662,5129,False,0.5931559801101685
4662,4890,False,0.0
4663,6009,False,0.0
4663,6011,False,0.0
4663,833,True,0.4978092312812805
4664,6029,False,0.5191779136657715
4664,2105,True,0.894099235534668
4664,2074,False,0.6379824280738831
4665,2429,False,0.0
4665,4603,False,0.0
4665,3517,False,0.6938145160675049
4665,5960,False,0.0
4666,5514,False,0.0
4666,6004,False,0.0
4666,311,True,0.5901986360549927
4666,5951,False,0.0
4667,4448,False,0.0
4667,6055,False,0.0
4669,3716,False,0.0
4670,6021,True,0.8099855184555054
4671,5183,False,0.0
4671,5299,False,0.0
4671,4839,False,0.0
4671,5523,True,0.6589849591255188
4673,5979,False,0.0
4673,5709,False,0.0
4674,6043,False,0.848833441734314
4674,3237,False,0.0
4677,930,False,0.5109896063804626
4677,2925,False,0.0
4678,6001,False,0.0
4678,5665,False,0.0
4678,5941,False,0.4109941124916076
4679,5878,False,0.0
4681,5976,False,0.7319626808166504
4682,4127,True,0.7775884866714478
4688,5954,False,0.4474018812179565
4688,1231,False,0.7617471814155579
4689,571,False,0.2827360033988952
4689,765,False,0.6928734183311462
4689,2256,False,0.0
4691,5323,False,0.0
4691,5196,False,0.0
4692,3078,False,0.4894286692142486
4694,1291,True,0.7154730558395386
4695,540,False,0.5247732996940613
4695,2865,False,0.6382305026054382
4697,3858,True,0.6853956580162048
4699,6042,False,0.0
4699,314,False,0.8181285858154297
4700,5539,False,0.6378048062324524
4700,5107,False,0.6071017980575562
4700,5524,False,0.6192032098770142
4702,1106,False,0.4631032049655914
4704,5724,False,0.0
4704,5853,False,0.0
4704,5671,False,0.4269801378250122
4705,4878,False,0.0
4705,2881,True,0.5762923359870911
4705,5086,False,0.0
4705,5759,False,0.0
4706,2728,False,0.5754778385162354
4706,4001,False,0.6265018582344055
4708,5994,False,0.0
4708,2615,True,0.6172388195991516
4709,1708,True,0.7136449217796326
4711,3737,False,0.5085219144821167
4711,4643,False,0.4347582161426544
4712,1785,False,0.857437014579773
4712,6008,False,0.4029302597045898
4713,5513,False,0.0
4713,5774,False,0.0
4713,5903,False,0.0
4714,2720,False,0.0
4714,160,False,0.4882575273513794
4715,5617,False,0.0
4715,2948,True,0.7254939675331116
4716,792,True,0.5505808591842651
4718,5993,False,0.0
4718,5130,False,0.0
4719,5497,False,0.4402322173118591
4720,4751,True,0.8856590986251831
4722,5528,False,0.0
4722,5853,False,0.0
4723,3141,False,0.6778136491775513
4724,6034,False,0.0
4726,3268,False,0.6203444004058838
4726,5678,False,0.5282288193702698
4727,342,False,0.0
4727,2019,True,0.7034829258918762
4728,5304,False,0.5067942142486572
4728,5827,False,0.0
4728,5021,False,0.4945183396339416
4729,236,False,0.0
4729,5063,False,0.0
4730,5932,False,0.5029827356338501
4732,3532,True,0.761217474937439
4734,77,False,0.0
4734,5230,False,0.0
4735,5121,False,0.0
4736,5479,False,0.0
4736,50,True,0.7522130608558655
4737,2029,False,0.0
4740,345,True,0.743080198764801
4741,2846,False,0.0
4741,4021,False,0.6597572565078735
4741,5868,False,0.3861894011497497
4741,3407,False,0.4945583939552307
4742,1589,False,0.5363885164260864
4743,4859,True,0.8290916085243225
4744,5475,False,0.0
4744,752,False,0.5968056917190552
4744,4434,False,0.0
4744,1961,False,0.51189124584198
4745,5979,False,0.4259533286094665
4745,2600,False,0.6546116471290588
4745,5709,False,0.455207347869873
4746,1162,True,0.6692522764205933
4747,3240,True,0.5923341512680054
4751,1416,False,0.0
4751,4074,True,0.8139510154724121
4752,6034,False,0.0
4753,1621,False,0.4557784795761108
4754,5167,False,0.0
4754,4985,False,0.3869834542274475
4755,4006,False,0.0
4757,5710,False,0.5315792560577393
4758,5297,False,0.5037574172019958
4758,5498,False,0.5245540738105774
4762,5950,False,0.0
4762,5996,False,0.0
4762,1112,True,0.7179649472236633
4763,4400,True,0.5533831119537354
4764,6001,False,0.0
4766,5728,False,0.0
4767,5170,False,0.5254344940185547
4767,5149,False,0.4330388307571411
4768,1584,False,0.4550870358943939
4768,5613,False,0.5734751224517822
4769,3366,False,0.8171015381813049
4772,6034,False,0.4515470862388611
4772,5758,False,0.3782991170883178
4772,5735,False,0.4505833387374878
4773,5376,False,0.4465795755386352
4773,5354,False,0.5003490447998047
4774,4165,False,0.0
4774,3227,False,0.0
4774,5476,False,0.5315642356872559
4774,3745,False,0.0
4776,1584,False,0.457819253206253
4776,4939,False,0.6335044503211975
4778,3392,False,0.632012128829956
4778,5923,False,0.0
4779,5011,True,0.6190943717956543
4782,5969,False,0.523566722869873
4782,5392,False,0.6088680624961853
4782,6011,False,0.5039432644844055
4782,3183,True,0.6830458045005798
4783,5329,True,0.6340224742889404
4783,441,False,0.6223354935646057
4784,5247,False,0.4354377388954162
4784,5721,False,0.0
4784,5714,False,0.0
4784,3764,False,0.7084397673606873
4786,5150,False,0.0
4786,3589,True,0.8042720556259155
4787,3403,True,0.5982661247253418
4789,6027,False,0.462736427783966
4789,3157,False,0.5397650003433228
4789,5807,False,0.5049948692321777
4790,1343,False,0.0
4790,5485,False,0.0
4791,2730,True,0.7151573896408081
4793,1636,False,0.0
4793,4001,True,0.7505279183387756
4794,4028,False,0.0
4794,4175,False,0.8686860799789429
4794,5236,False,0.0
4794,1416,False,0.0
4795,5996,False,0.0
4795,5950,False,0.0
4796,1426,False,0.7356944680213928
4796,1244,False,0.7037321925163269
4796,1892,False,0.6797516345977783
4796,2607,False,0.6990713477134705
4797,3485,False,0.5095730423927307
4798,679,True,0.6558958292007446
4799,5571,False,0.0
4799,4520,False,0.0
4799,5293,False,0.0
4799,4874,False,0.0
4800,5688,False,0.428883820772171
4800,4511,True,0.7168239951133728
4800,6054,False,0.0
4801,6055,False,0.0
4801,6048,True,0.7714071273803711
4802,5247,False,0.0
4802,5721,False,0.0
4802,5714,False,0.4430274069309234
4803,5433,False,0.0
4804,5698,True,0.723882257938385
4805,3746,False,0.6286353468894958
4805,5760,True,0.6899504661560059
4805,2434,False,0.0
4806,755,False,0.0
4806,6004,False,0.4983678460121155
4806,2706,False,0.0
4806,600,False,0.0
4807,4666,False,0.0
4807,5922,False,0.0
4807,4711,False,0.4903889894485473
4807,5590,False,0.2404530346393585
4808,5836,False,0.4431722164154053
4809,2358,False,0.0
4809,3728,False,0.0
4809,6032,False,0.0
4811,4629,False,0.0
4811,5170,False,0.5405705571174622
4811,5645,False,0.4293533563613891
4811,1906,True,0.6843056082725525
4812,2231,False,0.5757337212562561
4812,2538,False,0.6915128231048584
4812,4345,False,0.5706456899642944
4814,5553,False,0.748907744884491
4815,826,False,0.8413686752319336
4817,5434,False,0.5537619590759277
4817,3518,True,0.85032719373703
4817,5758,False,0.4482146799564361
4818,5864,False,0.0
4818,4671,False,0.0
4818,3077,False,0.0
4818,4351,True,0.3864225745201111
4819,5901,False,0.4994646310806274
4820,133,False,0.4858044683933258
4820,5920,False,0.5561546087265015
4820,6048,False,0.0
4821,3916,False,0.3450445532798767
4821,5186,False,0.6083847284317017
4821,3657,False,0.3400324881076813
4821,5101,True,0.3563809394836426
4822,5526,False,0.4445491135120392
4824,5312,False,0.0
4825,5634,False,0.0
4825,4947,False,0.4988179206848144
4825,1152,True,0.6427678465843201
4826,1444,False,0.0
4826,4791,False,0.599374532699585
4827,5511,False,0.0
4827,5963,False,0.0
4827,2,False,0.0
4827,274,False,0.0
4829,4243,False,0.3195511996746063
4830,5315,False,0.0
4831,3947,False,0.0
4832,5712,False,0.0
4832,5902,False,0.0
4836,65,True,0.6258231401443481
4838,4549,False,0.5305012464523315
4838,5524,False,0.0
4840,3637,True,0.6269664764404297
4842,1492,False,0.0
4842,2841,False,0.0
4842,2448,False,0.5317643284797668
4843,6001,False,0.0
4843,5472,False,0.0
4843,5665,False,0.0
4844,5375,False,0.0
4844,4698,False,0.4433243572711944
4844,3640,False,0.5310441851615906
4846,5770,False,0.0
4847,3306,False,0.0
4847,3460,False,0.8888511657714844
4848,5332,False,0.0
4848,5670,False,0.0
4848,5430,False,0.0
4850,2235,False,0.4054880440235138
4852,4289,False,0.0
4853,4437,False,0.443461924791336
4853,5172,False,0.4484038352966308
4853,5382,True,0.6381502151489258
4854,2478,False,0.0
4854,5782,False,0.0
4854,3846,True,0.6612030863761902
4854,5838,False,0.0
4855,2834,True,0.6006566286087036
4856,4344,True,0.5132175087928772
4857,2862,False,0.3113054037094116
4857,3595,False,0.0
4857,2088,False,0.7330734729766846
4858,3031,False,0.5762711763381958
4858,846,False,0.0
4858,5740,False,0.0
4858,248,False,0.5082495808601379
4859,4938,False,0.0
4859,4593,False,0.0
4859,4901,False,0.0
4860,1935,True,0.7818902730941772
4861,5779,False,0.9006419777870178
4862,4219,False,0.0
4862,628,True,0.6931791305541992
4862,863,False,0.0
4863,5328,False,0.0
4863,5384,False,0.0
4864,1492,False,0.6215383410453796
4864,2448,False,0.5676478147506714
4864,3575,False,0.411996841430664
4865,4700,False,0.0
4865,4972,False,0.0
4865,5799,False,0.0
4866,6047,False,0.0
4868,4622,False,0.4674320816993713
4868,3814,False,0.0
4868,2078,True,0.8498523235321045
4869,2619,False,0.4438425898551941
4870,4990,False,0.0
4870,5468,False,0.0
4870,5822,False,0.0
4871,5431,False,0.0
4871,5538,False,0.5063366889953613
4871,3775,False,0.0
4872,6042,False,0.0
4872,62,True,0.6016750335693359
4872,5797,False,0.0
4873,5479,False,0.0
4873,5386,False,0.0
4874,2478,False,0.0
4874,5838,False,0.0
4874,5782,False,0.0
4876,5376,False,0.0
4876,2529,True,0.728932797908783
4877,6054,False,0.0
4878,2055,False,0.8157980442047119
4879,3483,False,0.357812762260437
4879,5058,False,0.0
4879,5422,False,0.3821938335895538
4880,5953,False,0.0
4880,4419,False,0.0
4880,4731,False,0.0
4880,5607,False,0.0
4881,5869,False,0.0
4882,5549,False,0.0
4882,6048,False,0.0
4883,1996,True,0.7062591314315796
4884,4225,True,0.5984334945678711
4885,5447,False,0.0
4885,5769,False,0.0
4885,5082,False,0.5411942601203918
4885,5605,False,0.3641762733459472
4886,4003,False,0.8417950868606567
4886,3707,False,0.0
4886,913,False,0.6094039082527161
4886,3961,False,0.496012806892395
4887,5608,False,0.4633232951164245
4888,5244,False,0.0
4889,4863,True,0.5612224340438843
4890,5263,False,0.495000422000885
4890,5696,False,0.0
4890,575,True,0.660572350025177
4891,2480,True,0.4246450662612915
4892,3247,False,0.0
4893,5328,False,0.0
4894,531,True,0.700775682926178
4894,1509,False,0.0
4897,6019,False,0.0
4897,2553,True,0.626888632774353
4897,6055,False,0.0
4898,3301,False,0.0
4899,5974,False,0.0
4900,4990,False,0.0
4900,5763,False,0.0
4900,5468,False,0.0
4900,5822,False,0.0
4901,5531,False,0.0
4902,5519,False,0.0
4902,5979,False,0.0
4902,5709,False,0.0
4904,4645,False,0.0
4904,5288,False,0.3071615397930145
4904,5572,True,0.4064913392066955
4904,2704,False,0.6743897199630737
4905,5155,False,0.0
4905,5653,False,0.0
4905,5999,True,0.411672979593277
4906,5376,False,0.0
4907,495,False,0.0
4907,4840,False,0.4660471677780151
4907,2955,True,0.7862290143966675
4908,5528,False,0.0
4908,5853,False,0.0
4909,3836,False,0.0
4909,5015,False,0.0
4909,2617,False,0.0
4910,5854,False,0.487048864364624
4911,5816,False,0.0
4911,5788,False,0.4345719218254089
4911,4505,True,0.595645546913147
4911,5703,False,0.5432235598564148
4912,4937,False,0.0
4912,5129,False,0.0
4913,4881,False,0.0
4913,5476,False,0.0
4913,5928,False,0.0
4914,967,True,0.4338811039924621
4914,4585,False,0.0
4914,4586,False,0.0
4916,3036,False,0.0
4917,2895,True,0.6692475080490112
4918,4982,False,0.0
4918,3805,False,0.0
4918,2577,False,0.0
4918,5461,False,0.4631182551383972
4919,4926,False,0.6376110315322876
4919,5206,False,0.6521228551864624
4919,2329,False,0.0
4919,387,False,0.6621785759925842
4920,1593,True,0.5823044776916504
4921,1932,True,0.7673372030258179
4922,5054,False,0.0
4922,4462,False,0.0
4922,363,False,0.782426118850708
4922,4297,False,0.3118084073066711
4923,4878,False,0.0
4923,555,True,0.6790403127670288
4923,5660,False,0.0
4924,5754,False,0.0
4927,4259,False,0.3437856137752533
4927,5150,False,0.0
4927,2659,False,0.791256308555603
4927,4801,False,0.0
4928,4177,False,0.0
4928,5443,False,0.0
4928,4410,False,0.5831588506698608
4928,4234,False,0.0
4931,6038,False,0.0
4931,761,False,0.8854967355728149
4931,6008,False,0.0
4932,5949,False,0.0
4932,4529,False,0.561099648475647
4933,5730,False,0.0
4933,5919,False,0.0
4934,5882,False,0.5616207122802734
4934,5433,False,0.0
4935,4166,False,0.5627378225326538
4935,5195,False,0.5240282416343689
4936,4118,False,0.6012317538261414
4937,5247,False,0.0
4937,5721,False,0.4944409132003784
4937,5714,False,0.0
4937,5390,False,0.5081231594085693
4938,3662,False,0.4567464888095855
4938,5036,False,0.5514963269233704
4939,3690,False,0.4394594430923462
4939,5593,False,0.4647334814071655
4939,1520,False,0.3945194184780121
4940,2119,True,0.6992038488388062
4940,5427,False,0.6200792193412781
4940,5685,False,0.6224778890609741
4941,515,False,0.0
4941,2793,True,0.8758761882781982
4942,5795,False,0.0
4943,5639,True,0.8660800457000732
4944,3947,False,0.0
4945,5752,False,0.525252640247345
4945,5733,False,0.0
4946,5588,False,0.0
4946,5652,False,0.0
4946,506,False,0.4656482636928558
4947,5712,False,0.0
4947,5902,False,0.0
4948,4300,False,0.0
4948,2159,True,0.4311110973358154
4949,64,True,0.7009420990943909
4950,5705,False,0.0
4951,4888,False,0.0
4951,5163,False,0.0
4951,4080,False,0.0
4951,3776,False,0.0
4952,3836,True,0.5051169395446777
4952,4888,False,0.0
4952,4605,False,0.0
4952,1489,False,0.0
4953,5966,False,0.0
4953,5982,False,0.0
4953,5992,False,0.0
4955,2129,True,0.7986556887626648
4956,4137,False,0.0
4957,684,True,0.6382758021354675
4957,3486,False,0.0
4957,5880,False,0.0
4958,5848,False,0.4876174926757812
4958,3025,True,0.8462342619895935
4958,5784,False,0.5543994903564453
4958,5767,False,0.0
4959,4310,False,0.0
4959,562,True,0.7663769125938416
4960,3819,False,0.0
4960,5000,False,0.0
4960,4945,False,0.0
4960,1872,True,0.6817328929901123
4961,4990,False,0.0
4961,5763,False,0.0
4961,5468,False,0.0
4961,5822,False,0.0
4962,5259,False,0.0
4962,2996,False,0.5067398548126221
4963,4131,False,0.0
4963,4937,False,0.0
4963,5363,False,0.0
4964,3819,False,0.0
4964,4179,False,0.0
4964,5000,False,0.0
4964,4945,False,0.0
4965,5596,False,0.5554120540618896
4965,5854,False,0.4635446071624756
4965,6039,False,0.5667837858200073
4966,5642,False,0.0
4966,5997,False,0.4615052938461303
4966,5540,False,0.0
4967,5993,False,0.0
4968,1648,True,0.8926469683647156
4968,3914,False,0.0
4969,2044,True,0.7042355537414551
4970,180,False,0.0
4970,5361,True,0.6556451916694641
4970,5478,False,0.0
4971,4821,True,0.8496016263961792
4971,4768,False,0.4651073813438415
4972,4513,True,0.7715467214584351
4973,4934,False,0.0
4973,5169,False,0.0
4973,5795,False,0.0
4973,5928,False,0.4525903463363647
4974,3915,False,0.0
4975,5614,False,0.0
4976,291,True,0.7558629512786865
4976,5089,False,0.0
4977,682,True,0.3808110952377319
4978,1084,False,0.6184073090553284
4978,2740,True,0.6258372068405151
4979,5487,False,0.0
4979,1544,True,0.7296390533447266
4979,5438,False,0.0
4980,3627,True,0.6746231913566589
4980,4423,False,0.0
4980,3151,False,0.4857719838619232
4980,3359,False,0.0
4981,5945,False,0.5354200601577759
4981,1601,False,0.7100964188575745
4982,2240,False,0.0
4983,4586,False,0.4899974465370178
4984,475,False,0.0
4984,1853,False,0.3970527052879333
4985,6017,False,0.0
4985,6048,False,0.0
4985,5462,False,0.8564655780792236
4986,5806,False,0.4397841989994049
4986,5531,False,0.3496192991733551
4986,505,True,0.760549008846283
4986,5791,False,0.44333016872406
4987,5479,False,0.0
4987,1340,True,0.6360760927200317
4987,4929,False,0.3752025961875915
4988,1360,False,0.0
4988,5799,False,0.0
4989,5528,False,0.0
4989,5853,False,0.0
4990,5758,False,0.3680278658866882
4990,5902,False,0.0
4990,1577,True,0.8226543068885803
4991,5736,False,0.0
4991,5477,False,0.0
4991,5859,False,0.0
4991,5816,False,0.3669526875019073
4992,4700,False,0.0
4992,5799,False,0.0
4992,4972,False,0.0
4992,514,True,0.7080410122871399
4993,5704,False,0.0
4993,5951,False,0.0
4994,4066,False,0.5208292603492737
4994,5218,False,0.463488906621933
4994,5627,False,0.5762722492218018
4995,5649,False,0.0
4995,5650,False,0.0
4995,5674,False,0.0
4996,4091,False,0.0
4996,1133,True,0.7316652536392212
4997,3652,False,0.0
4997,2155,False,0.4777930676937103
4998,819,False,0.6572729349136353
5000,6044,False,0.0
5000,1223,False,0.9226634502410888
5001,6034,False,0.4483384490013122
5001,5942,False,0.0
5001,1473,True,0.755204439163208
5002,4999,False,0.8074363470077515
5002,4988,False,0.7843183279037476
5003,4021,False,0.0
5003,6053,False,0.0
5004,5251,False,0.0
5004,6046,False,0.0
5006,4,False,0.0
5006,4526,False,0.0
5006,4744,False,0.0
5006,4521,True,0.808855414390564
5007,4881,False,0.4749148786067962
5007,4832,False,0.0
5007,5476,False,0.0
5007,5928,False,0.0
5008,1515,False,0.0
5008,6039,False,0.0
5009,5824,False,0.0
5009,5887,False,0.0
5009,6052,False,0.0
5009,5959,False,0.0
5012,789,False,0.4929864406585693
5012,1718,False,0.4266672134399414
5012,6007,False,0.0
5012,1995,False,0.0
5013,5430,False,0.3849391937255859
5013,5332,False,0.439172089099884
5013,2668,True,0.6185228824615479
5013,5670,False,0.3445000946521759
5015,5734,True,0.7070186734199524
5016,5354,False,0.5832763910293579
5016,3356,False,0.4401934742927551
5016,2813,False,0.0
5017,5945,False,0.4960011839866638
5017,5593,False,0.4296139180660248
5017,5757,False,0.2972153127193451
5018,3695,False,0.6122032403945923
5018,4137,False,0.0
5019,5705,False,0.0
5021,5689,False,0.0
5021,6012,False,0.0
5021,5719,False,0.0
5022,1499,True,0.7580874562263489
5023,5677,False,0.5521085262298584
5024,3763,False,0.0
5024,3937,False,0.0
5024,5186,False,0.0
5024,2532,False,0.0
5025,5859,False,0.0
5025,5935,False,0.0
5026,5788,False,0.3858144879341125
5026,200,True,0.6389678716659546
5026,4505,False,0.4924827814102173
5026,5703,False,0.535996675491333
5027,4586,False,0.0
5028,947,True,0.5083150863647461
5029,5616,False,0.0
5029,5869,False,0.0
5030,6004,False,0.3827860951423645
5030,3422,True,0.9350519180297852
5030,2295,False,0.0
5031,2686,False,0.0
5031,6044,False,0.0
5031,227,False,0.7648444771766663
5032,5978,False,0.0
5032,3685,False,0.0
5033,4597,False,0.0
5033,5795,False,0.0
5035,3685,False,0.0
5036,4131,False,0.0
5036,5363,False,0.0
5037,5487,False,0.0
5037,3285,False,0.6629068851470947
5037,5438,False,0.0
5038,6033,False,0.6773501634597778
5039,4918,True,0.70351243019104
5041,1900,False,0.6546863317489624
5041,4354,False,0.0
5041,4427,False,0.0
5042,2142,False,0.5102359652519226
5044,5135,False,0.5025293827056885
5044,5960,False,0.5944807529449463
5044,4434,False,0.0
5044,2741,False,0.697083592414856
5045,5433,False,0.0
5046,5907,False,0.5953672528266907
5046,5355,True,0.6815083622932434
5046,5687,False,0.6291390061378479
5047,5840,False,0.0
5047,5778,False,0.0
5047,6044,False,0.0
5047,5413,False,0.0
5048,2343,False,0.554085373878479
5048,5033,False,0.4545205235481262
5048,5548,False,0.0
5048,4707,False,0.0
5050,5875,False,0.0
5050,5357,False,0.0
5050,5631,False,0.0
5051,4999,False,0.7852205038070679
5051,4988,False,0.7716718912124634
5052,4511,False,0.5098696947097778
5052,2987,False,0.5312660932540894
5053,3066,False,0.4389167129993438
5053,3785,False,0.0
5053,2845,False,0.0
5054,5426,False,0.6096339821815491
5054,2772,False,0.4859668016433716
5054,5968,False,0.0
5055,6049,True,0.5274301171302795
5056,5660,False,0.0
5056,3309,True,0.7353933453559875
5057,4660,True,0.8155364990234375
5058,5996,False,0.0
5058,5852,False,0.0
5058,5950,False,0.0
5058,5789,False,0.0
5059,5736,False,0.0
5059,5931,False,0.0
5059,5515,False,0.0
5060,5930,False,0.5082558393478394
5060,5170,False,0.5103021264076233
5060,5149,False,0.0
5060,5363,False,0.0
5061,740,False,0.0
5061,1998,False,0.0
5061,5982,False,0.0
5061,5992,False,0.0
5063,1184,False,0.6870633363723755
5064,930,False,0.5159787535667419
5064,2925,False,0.4205182790756225
5065,5519,False,0.0
5065,5979,False,0.4187617897987366
5065,5709,False,0.0
5066,4399,False,0.0
5067,1228,True,0.6061614155769348
5067,6028,False,0.0
5068,2403,True,0.4212325513362884
5069,5046,False,0.0
5069,5487,False,0.0
5069,5319,False,0.0
5069,5438,False,0.0
5070,5560,True,0.7483787536621094
5070,5682,False,0.4442711472511291
5070,5254,False,0.0
5071,5431,False,0.5187735557556152
5071,5131,False,0.4908500015735626
5071,5128,False,0.4541124105453491
5071,5942,False,0.0
5072,4140,False,0.0
5072,4231,False,0.0
5073,6018,False,0.0
5073,6035,False,0.0
5073,6028,False,0.0
5074,3523,False,0.0
5074,2720,False,0.0
5074,4101,False,0.0
5074,2651,False,0.0
5076,5247,False,0.3705271482467651
5076,5721,False,0.0
5076,5714,False,0.0
5078,5929,False,0.0
5078,4743,False,0.0
5078,4744,False,0.9063005447387696
5078,5967,False,0.0
5079,5176,False,0.0
5080,5914,False,0.0
5080,6028,False,0.0
5080,784,True,0.7128130793571472
5081,5270,False,0.0
5081,2184,True,0.5206295251846313
5081,5880,False,0.0
5083,2721,False,0.0
5084,4540,False,0.0
5084,4721,False,0.5586832761764526
5084,5238,False,0.0
5085,5704,False,0.0
5085,5951,False,0.0
5085,5759,False,0.0
5086,3712,False,0.5487599968910217
5087,5319,False,0.0
5087,5089,False,0.0
5087,5138,False,0.0
5087,5718,False,0.0
5089,3595,True,0.6417258977890015
5089,5868,False,0.0
5089,3035,False,0.0
5089,4042,False,0.2485942244529724
5090,5511,False,0.0
5090,5923,False,0.0
5090,3065,False,0.5002737045288086
5090,5475,False,0.0
5091,5816,False,0.0
5091,5573,False,0.5152860283851624
5092,5804,False,0.0
5092,5831,False,0.4508474171161651
5093,3078,False,0.474239706993103
5094,3417,False,0.0
5094,3741,False,0.3115429878234863
5095,5054,False,0.0
5095,5087,False,0.0
5095,5033,False,0.0
5095,122,False,0.4836374521255493
5096,2445,False,0.4434024393558502
5096,5360,False,0.0
5096,2998,False,0.3819038867950439
5097,5856,False,0.0
5097,5985,False,0.0
5097,6025,False,0.0
5097,3198,True,0.7681726813316345
5098,4953,True,0.7320186495780945
5100,5329,False,0.0
5100,5566,False,0.6307677030563354
5101,5624,False,0.0
5101,4430,False,0.0
5101,4696,False,0.0
5101,5909,False,0.0
5102,1916,False,0.0
5103,5465,False,0.0
5103,5628,False,0.0
5104,4698,False,0.4599974453449249
5105,1765,True,0.6677479147911072
5105,5935,False,0.0
5106,4857,True,0.5907684564590454
5107,5889,False,0.0
5107,4782,False,0.0
5107,2632,True,0.8545622229576111
5107,5101,False,0.282442569732666
5108,4999,False,0.0
5108,5272,False,0.0
5108,5941,False,0.4842807054519653
5109,5681,False,0.0
5109,3669,False,0.7006299495697021
5110,5386,False,0.0
5110,2289,True,0.7205390930175781
5110,5887,False,0.0
5111,5722,False,0.0
5111,5779,False,0.0
5111,5462,False,0.0
5111,6043,False,0.0
5112,6054,False,0.0
5112,5694,False,0.0
5112,1817,False,0.0
5113,1444,True,0.3569958209991455
5113,5859,False,0.0
5114,3188,True,0.6026250123977661
5115,5978,False,0.0
5115,5912,False,0.0
5116,1851,False,0.4811108410358429
5116,5265,True,0.7598943710327148
5116,5644,False,0.5072078108787537
5116,6039,False,0.5015265941619873
5117,5810,False,0.0
5117,2455,False,0.6761638522148132
5117,5779,False,0.0
5117,6043,False,0.0
