D1,D2,responses,s-weight,weight
0,4407,False,0.6848503947257996,0.2666787612158107
0,8365,False,0.5035552978515625,0.0
0,15113,False,0.5100663304328918,0.2722178614686481
1,16720,False,0.8725451231002808,0.4313088035290418
1,16447,False,0.8553825616836548,0.4065987956759849
1,7147,False,0.8280230164527893,0.0
2,18949,False,0.580303430557251,0.0
2,18028,False,0.774563729763031,0.3976133679861513
2,16495,False,0.6064337491989136,0.4765187702495964
3,21424,False,0.8342201709747314,0.4022409138923945
3,4378,True,0.8530861735343933,0.4803335705351552
3,4377,False,0.7735570073127747,0.0
4,14172,False,0.5882389545440674,0.2910711189559382
4,14048,False,0.0,0.0
4,1470,False,0.0,0.0
5,20932,True,0.8716970086097717,0.4749174720869308
5,10424,False,0.6268876194953918,0.0
5,10422,True,0.745769202709198,0.327567640827119
6,13023,False,0.9191036820411682,0.0
6,9015,True,0.9673612713813782,0.4488655290372549
6,3047,False,0.9116776585578918,0.3719171526308684
7,19193,False,0.691804051399231,0.2788386702307703
7,17995,False,0.0,0.0
7,1303,True,0.834133505821228,0.5060240963855421
8,19470,False,0.8148143291473389,0.463343394140887
8,10248,False,0.7612432241439819,0.0
8,349,False,0.778605580329895,0.528223277359081
9,10846,False,0.8237318992614746,0.2503130871608794
9,10052,False,0.8551424741744995,0.0
9,2456,False,0.8457511067390442,0.2741465395665704
10,21365,False,0.0,0.3274230937990495
10,20208,False,0.6087250113487244,0.3250576131959479
10,3494,False,0.6392995715141296,0.0
11,12797,False,0.0,0.2431273205363943
11,2830,False,0.0,0.224627838666293
11,2816,False,0.0,0.0
12,7686,False,0.0,0.0
12,5666,False,0.0,0.0
12,3691,False,0.0,0.0
13,12081,False,0.6828033328056335,0.360288346061446
13,7532,False,0.7689226865768433,0.0
13,1627,False,0.7268728017807007,0.3888888888888889
14,13616,False,0.8013551235198975,0.0
14,1699,False,0.8769415616989136,0.6959937112104427
14,1698,False,0.8142274618148804,0.4688517583860896
15,17810,False,0.918223798274994,0.6610936902417277
15,17364,True,0.9467528462409972,0.7220072577520033
15,4282,True,0.9089162349700928,0.0
16,15183,False,0.8492940664291382,0.4046310373620458
16,15182,False,0.8623165488243103,0.425287356321839
16,13230,False,0.8565991520881653,0.0
17,21288,False,0.6975969672203064,0.2392395479928344
17,18816,False,0.7314133048057556,0.0
17,18014,False,0.0,0.0
18,17423,False,0.7157481908798218,0.3252736831667506
18,10879,False,0.7773025035858154,0.3680373690492888
18,4881,False,0.657555103302002,0.0
19,17429,True,0.8409780263900757,0.5493703305977613
19,11239,False,0.8190895915031433,0.5058399550750968
19,6596,False,0.8561142086982727,0.0
20,16837,True,0.8289142847061157,0.502793317823715
20,2791,False,0.6928716897964478,0.0
20,14080,False,0.5730797052383423,0.0
21,12925,False,0.8216298818588257,0.4910501993413254
21,8915,False,0.9117971062660216,0.0
21,7853,False,0.843660831451416,0.5108985546879944
22,20961,False,0.9164035320281982,0.6074713990454064
22,17882,False,0.9220693707466124,0.6592611948214577
22,17391,False,0.9121303558349608,0.0
23,19216,False,0.6427063345909119,0.3953477463074335
23,14262,False,0.7822567224502563,0.3896505535597371
23,11991,False,0.7697286009788513,0.0
24,12804,False,0.710309624671936,0.3548552977501779
24,10757,False,0.5387718677520752,0.3691364005933181
24,10384,False,0.0,0.0
25,13012,False,0.8443386554718018,0.4637698592246115
25,1035,False,0.8162336349487305,0.0
25,1033,False,0.8695327043533325,0.0
26,14406,False,0.8761358261108398,0.0
26,4406,False,0.8708099126815796,0.3163646315354801
26,537,False,0.8587775230407715,0.3552798562032137
27,10473,False,0.5956419110298157,0.0
27,9437,False,0.7176727652549744,0.2693054760081116
27,3982,False,0.7448732852935791,0.0
28,19489,False,0.6180701851844788,0.231724548867124
28,14112,False,0.792576253414154,0.408248290463863
28,13919,False,0.0,0.0
29,8071,False,0.7779808640480042,0.0
29,8070,False,0.821463406085968,0.6023630470009435
29,6031,True,0.7924346923828125,0.5323152239464995
30,15046,False,0.8771897554397583,0.3919276794717019
30,13118,False,0.7274549007415771,0.0
30,11088,True,0.9503656029701232,0.5520524474738834
31,18620,False,0.7092255353927612,0.0
31,16173,False,0.6978060007095337,0.5161500868845837
31,6573,False,0.8218942880630493,0.5687696939916126
32,21567,False,0.9146518707275392,0.6409523767656126
32,20124,False,0.9242449998855592,0.0
32,17836,False,0.9177356958389282,0.6451009791483272
33,11683,True,0.8435192108154297,0.3110453761208996
33,5233,False,0.6586999297142029,0.2870189239409639
33,1117,False,0.5973993539810181,0.0
34,6766,False,0.8147894144058228,0.4531803232405456
34,5118,False,0.8118762373924255,0.0
34,3067,False,0.8966766595840454,0.4445299063132171
35,8092,False,0.580223560333252,0.0
35,7916,False,0.0,0.0
35,604,False,0.0,0.2584008443261382
36,21331,False,0.8707647919654846,0.554485809860691
36,8949,False,0.8316855430603027,0.0
36,2991,False,0.8302211165428162,0.4622633141209763
37,14089,False,0.747878909111023,0.0
37,5601,False,0.816112220287323,0.6040281960459404
37,5600,False,0.6812403202056885,0.0
38,21628,False,0.7244640588760376,0.0
38,19129,False,0.7337568998336792,0.3666177875533832
38,15683,False,0.7100459933280945,0.0
39,10872,True,0.8848687410354614,0.5342967087424112
39,6882,False,0.0,0.0
39,955,False,0.6847980618476868,0.0
40,20123,False,0.8083343505859375,0.5230273466594172
40,12795,False,0.809922456741333,0.0
40,2828,False,0.8345296382904053,0.0
41,10814,False,0.8208795785903931,0.0
41,10802,False,0.8499158024787903,0.0
41,6816,True,0.8346580266952515,0.0
42,11478,False,0.7836918830871582,0.0
42,7477,False,0.7716748714447021,0.3884227466049727
42,172,True,0.817795991897583,0.536185990313331
43,20229,False,0.7110168933868408,0.0
43,10344,False,0.8252503871917725,0.3879852850993631
43,45,False,0.8498580455780029,0.3086066999241838
44,8725,False,0.0,0.0
44,6691,False,0.0,0.2501901037697985
44,6690,False,0.0,0.0
45,16163,False,0.0,0.2823912473624525
45,11421,False,0.0,0.226168026755238
45,768,False,0.0,0.0
46,19337,False,0.0,0.1513068831672006
46,18034,False,0.0,0.0
46,16500,False,0.0,0.0
47,18037,False,0.838782548904419,0.0
47,17556,False,0.9289628863334656,0.5833649837678719
47,9387,False,0.7502343654632568,0.5474379637391723
48,20273,False,0.8552308082580566,0.3317630285236877
48,10254,False,0.6949061155319214,0.0
48,5920,False,0.6577231287956238,0.0
49,10111,False,0.841613233089447,0.0
49,8096,False,0.9308568239212036,0.4805337054208107
49,6064,False,0.8934089541435242,0.4162070956347247
50,16936,False,0.7316684722900391,0.4765544982901364
50,16665,False,0.6808102130889893,0.0
50,2013,False,0.7808613777160645,0.4690492339915352
51,5210,False,0.8476207256317139,0.0
51,16399,False,0.856472373008728,0.4736864806890499
51,16358,False,0.8812912702560425,0.5364969220493451
52,20998,False,0.7664958238601685,0.0
52,8239,False,0.8380200862884521,0.2871832634470952
52,2257,False,0.7657785415649414,0.283026991218202
53,17892,True,0.9560840129852296,0.8784104611578831
53,16598,False,0.901108741760254,0.0
53,9734,False,0.9356775879859924,0.6859943405700353
54,6572,False,0.972013294696808,0.5988796144848786
54,2612,False,0.7809983491897583,0.0
54,649,False,0.949926495552063,0.5393598899705937
55,13865,False,0.0,0.0
55,12913,False,0.7926572561264038,0.4700873778960065
55,9191,False,0.783440113067627,0.0
56,21964,False,0.912545919418335,0.4072245901133854
56,21636,False,0.8895020484924316,0.0
56,9164,True,0.8689314723014832,0.3859164193260526
57,13302,False,0.966696321964264,0.7166498144294319
57,12464,False,0.6965437531471252,0.0
57,12060,False,0.925023913383484,0.5206817403344601
58,21406,False,0.8183079957962036,0.0
58,9328,False,0.9245166778564452,0.5721794101409778
58,5531,False,0.8616732954978943,0.5291958714065682
59,19658,False,0.727406919002533,0.0
59,7604,False,0.8005584478378296,0.3004812268107607
59,5585,False,0.7361958026885986,0.0
60,18198,False,0.723602831363678,0.0
60,17380,False,0.6921107769012451,0.3196013860502965
60,606,False,0.7021100521087646,0.3391993216020352
61,11091,False,0.8371012210845947,0.4387862045841156
61,6043,False,0.6759034395217896,0.3472369172517648
61,907,False,0.7010971903800964,0.0
62,19392,False,0.8447275161743164,0.4323919748258183
62,9668,False,0.8593524098396301,0.0
62,3955,False,0.7721168994903564,0.4785168003042052
63,19627,False,0.7422828674316406,0.2895450767013406
63,12675,False,0.6859194040298462,0.2830314630545016
63,10911,False,0.6482903361320496,0.0
64,18372,False,0.8542591333389282,0.5439433649162873
64,15314,False,0.860553503036499,0.0
64,8391,True,0.9628901481628418,0.7722362879205682
65,15087,False,0.88824063539505,0.0
65,11129,False,0.9887787103652954,0.6066876735910535
65,3882,False,0.9326361417770386,0.5217391304347826
66,9690,False,0.7746899724006653,0.4554385166235311
66,3670,False,0.7948529720306396,0.4406635872898061
66,3668,False,0.7878013849258423,0.0
67,20417,False,0.8128823041915894,0.0
67,14617,False,0.855583906173706,0.4079300508750567
67,12696,False,0.8630839586257935,0.4370956778314644
67,10669,False,0.8119974732398987,0.0
68,20446,False,0.6286168098449707,0.2861395998603915
68,12402,False,0.0,0.0
68,12207,False,0.0,0.0
69,21809,True,0.8398295640945435,0.0
69,20427,False,0.8795742988586426,0.4612656040144425
69,14641,False,0.8373349905014038,0.6056796398154362
70,7758,False,0.7721952795982361,0.0
70,13715,False,0.7447643280029297,0.349648250451944
70,13714,False,0.774067759513855,0.3645555017033667
71,14521,False,0.6350284218788147,0.3066598240363719
71,2619,False,0.6936884522438049,0.0
71,643,False,0.643393337726593,0.3421052631578947
72,11091,False,0.731475830078125,0.0
72,6846,False,0.8112165331840515,0.282205867258552
72,6043,False,0.8756014108657837,0.4089958616639782
73,19782,False,0.907146155834198,0.4970535983885191
73,6997,False,0.7527909278869629,0.0
73,6528,False,0.7831734418869019,0.471870105616408
74,12632,False,0.6420429944992065,0.3250056229832958
74,2656,False,0.7665920853614807,0.361092690364237
74,2652,False,0.6788188815116882,0.0
75,15132,False,0.7981975078582764,0.0
75,12501,False,0.7368307113647461,0.4349094999167963
75,5909,False,0.7369530200958252,0.3943302155080884
76,21933,False,0.0,0.1979959277657713
76,18637,False,0.5971518158912659,0.2222269688868008
76,14949,False,0.0,0.0
77,14635,False,0.7912283539772034,0.0
77,6691,False,0.680068850517273,0.2789622403227054
77,6690,False,0.7913172245025635,0.2899396666111975
78,12600,False,0.8632196187973022,0.0
78,12347,False,0.8685851693153381,0.3723797345005051
78,3931,False,0.8165831565856934,0.0
79,18495,False,0.8710611462593079,0.0
79,18187,False,0.860483705997467,0.4625212707821403
79,17238,False,0.8473118543624878,0.4930493313022979
80,17575,False,0.7620887160301208,0.0
80,17375,False,0.8228527307510376,0.5196305326652165
80,6526,True,0.9162331819534302,0.7850617489441726
81,17194,True,0.9603098034858704,0.788009048074417
81,16844,False,0.836214542388916,0.0
81,10884,False,0.9125060439109802,0.5524422570272028
82,21003,False,0.796228289604187,0.372496157743775
82,19407,False,0.8843090534210205,0.0
82,7743,False,0.9351820349693298,0.6368814469962913
83,21620,False,0.6519408226013184,0.0
83,15528,False,0.7080870866775513,0.0
83,10151,False,0.725603461265564,0.0
83,2144,False,0.7497346997261047,0.0
84,19377,False,0.8085626363754272,0.0
84,9496,False,0.7965935468673706,0.0
84,9262,False,0.8013970851898193,0.4130165938154511
85,9496,True,0.7090332508087158,0.3368550347726847
85,9489,False,0.0,0.0
85,9262,False,0.7649286985397339,0.4498677054212187
86,18822,False,0.0,0.0
86,11617,False,0.7898263931274414,0.6020450099286042
86,7610,True,0.8185817003250122,0.6983018101510268
87,15985,False,0.7796589136123657,0.2406132515928939
87,8061,False,0.843960165977478,0.2446946979188288
87,2063,False,0.7837519645690918,0.0
88,18980,True,0.7843060493469238,0.5961381040478324
88,7860,False,0.6257403492927551,0.0
88,3269,False,0.8516591191291809,0.5562213147927256
89,14042,False,0.6449359655380249,0.0
89,10105,False,0.6689997911453247,0.3734080224074693
89,2097,False,0.6481789350509644,0.331645558775394
90,20646,False,0.9115617275238036,0.4870881870470524
90,10463,False,0.9094654321670532,0.0
90,10462,False,0.8585615158081055,0.0
91,17687,True,0.9413028955459596,0.863178460571463
91,13412,False,0.7940192818641663,0.3720594877662901
91,6751,False,0.0,0.0
92,11014,False,0.903447926044464,0.7058865787567897
92,4739,False,0.8621745705604553,0.0
92,2689,False,0.9198514819145204,0.7673330437300352
93,8350,True,0.7943357229232788,0.609262035862309
93,8348,False,0.6352179050445557,0.4218497101541946
93,2362,False,0.6465388536453247,0.0
94,15993,False,0.8580295443534851,0.0
94,13275,False,0.8321213722229004,0.604832856920097
94,9051,True,0.8704909086227417,0.6726999721460174
95,20448,False,0.8206698298454285,0.0
95,14920,False,0.9001350402832031,0.4314554973040048
95,1033,False,0.9502606391906738,0.4726326718627028
96,16092,False,0.8347923755645752,0.0
96,15762,False,0.7381634712219238,0.0
96,4755,False,0.693074107170105,0.2414271603423924
97,21940,False,0.7829998731613159,0.44
97,19575,False,0.0,0.0
97,15904,True,0.7417738437652588,0.4754434894158368
98,19327,False,0.0,0.2434322477800738
98,13170,False,0.4267659485340118,0.0
98,2775,False,0.6577388048171997,0.4218565668126584
99,6551,False,0.893781304359436,0.6211685666097135
99,4520,False,0.8386653661727905,0.5625686771261945
99,635,False,0.8153132796287537,0.0
100,17359,True,0.8438454866409302,0.3938662490471004
100,15195,False,0.7219756245613098,0.0
100,15194,False,0.8285296559333801,0.4500351603704096
101,10615,False,0.8401850461959839,0.0
101,6538,False,0.8451129198074341,0.4605661864718383
101,2593,True,0.976691484451294,0.5419467627971346
102,21109,False,0.848850429058075,0.0
102,15063,False,0.8832154273986816,0.5180523745047364
102,11759,True,0.8781698346138,0.5716965053380485
103,15985,False,0.7690693736076355,0.0
103,8061,False,0.8676471710205078,0.0
103,2063,False,0.7936952114105225,0.0
104,20806,False,0.6839090585708618,0.4741258499991609
104,11791,False,0.8171402215957642,0.5892556509887896
104,5756,False,0.6280547380447388,0.0
105,9877,False,0.8092116713523865,0.2862421459972176
105,1873,False,0.7431361675262451,0.2780992292088378
105,0,False,0.6737609505653381,0.0
106,16126,False,0.6470775604248047,0.3815602643018762
106,9975,False,0.6176264882087708,0.0
106,1499,False,0.6533334851264954,0.0
107,12090,True,0.8778771758079529,0.5128120420545821
107,4082,False,0.8514211773872375,0.4691684640073836
107,2096,False,0.8616030216217041,0.0
108,21709,True,0.8776615262031555,0.397891785041595
108,14851,False,0.6944670677185059,0.0
108,1311,False,0.7706843018531799,0.3823341496562339
109,21004,False,0.6272093057632446,0.0
109,14743,False,0.6892114281654358,0.2649101894768477
109,124,False,0.7060150504112244,0.2719276491122066
110,17878,False,0.5574052929878235,0.0
110,15568,False,0.0,0.2167830364915251
110,9644,False,0.5939027667045593,0.2341491273113651
111,21789,False,0.7221088409423828,0.3351162439458319
111,19229,False,0.7237051725387573,0.2874921623891912
111,17369,False,0.729088306427002,0.0
112,13373,False,0.6509996652603149,0.0
112,6691,False,0.6895144581794739,0.2677996916815475
112,6690,False,0.7847459316253662,0.2690599324855267
113,7686,False,0.7316839694976807,0.0
113,5666,False,0.748874306678772,0.0
113,3691,False,0.7181078195571899,0.0
114,19066,False,0.8297085762023926,0.5441696415430993
114,13239,False,0.4735129177570343,0.0
114,9223,False,0.9564387202262878,0.6263084553609256
115,9747,False,0.5659557580947876,0.0
115,9745,False,0.5889147520065308,0.3137405684403952
115,7026,False,0.6494027376174927,0.2565578913634612
116,19430,False,0.0,0.0
116,13967,False,0.0,0.0
116,9510,False,0.0,0.0
117,15292,False,0.9104835987091064,0.5962847939999439
117,7323,False,0.9055821299552916,0.6149186938124421
117,1338,False,0.9121431112289428,0.0
118,18157,False,0.7196992635726929,0.0
118,17041,False,0.6649854183197021,0.3157769778104473
118,16542,False,0.6109880208969116,0.0
119,21976,False,0.8043662905693054,0.0
119,20772,False,0.7782768607139587,0.0
119,3290,False,0.7761064767837524,0.0
120,14795,True,0.8633171319961548,0.4195315943520017
120,2907,False,0.6835023164749146,0.0
120,923,False,0.8331876993179321,0.3311495631395214
121,20284,False,0.7294763326644897,0.0
121,10286,False,0.7039812803268433,0.0
121,2001,False,0.6758188009262085,0.0
122,15661,False,0.8833793997764587,0.465939175763086
122,3710,False,0.7906707525253296,0.0
122,1749,False,0.8372447490692139,0.4742013735086525
123,14767,False,0.679374098777771,0.3974779513438591
123,13869,False,0.7726233601570129,0.4558423058385518
123,818,False,0.775831937789917,0.0
124,10931,False,0.808883011341095,0.0
124,10929,False,0.797141969203949,0.0
124,8974,False,0.7815523743629456,0.3951822107791969
125,5419,False,0.8658291101455688,0.557394985789109
125,5418,False,0.8595156669616699,0.0
125,1477,False,0.8558101654052734,0.6132945449904222
126,21663,False,0.8482778072357178,0.4831260911493826
126,19808,False,0.6988407969474792,0.0
126,1555,True,0.909093141555786,0.5349566432172538
127,9708,False,0.5942119359970093,0.3338161314968097
127,6917,False,0.6542532444000244,0.0
127,1760,False,0.6885906457901001,0.0
128,20986,False,0.7888250350952148,0.0
128,10640,True,0.8053390979766846,0.4599331055038999
128,2701,True,0.8273293375968933,0.5367198354991009
129,18649,False,0.761845052242279,0.0
129,10654,True,0.7465041875839233,0.4962582455458511
129,10595,True,0.8614881038665771,0.5957926067150843
129,8121,False,0.7846832871437073,0.0
130,14783,False,0.8029454350471497,0.0
130,9890,True,0.8347246646881104,0.3846390826431851
130,6836,False,0.8111124038696289,0.3957847516267562
131,5595,True,0.7972722053527832,0.4896964688242579
131,1642,False,0.8156246542930603,0.4370614685290013
131,1641,False,0.8180580139160156,0.0
132,12839,False,0.8077908754348755,0.0
132,12354,False,0.8063744306564331,0.2825986526270952
132,9649,False,0.6744587421417236,0.3085594798642449
133,18925,False,0.0,0.2802596198981482
133,18758,True,0.6172589063644409,0.4185110693297312
133,4231,False,0.0,0.0
134,15708,False,0.7656415104866028,0.0
134,3740,True,0.8239195942878723,0.4399690657625572
134,188,False,0.7954906225204468,0.0
135,19358,False,0.8904324173927307,0.0
135,7323,False,0.7265693545341492,0.3162277660168379
135,27,False,0.7024726271629333,0.3207501495497921
136,2577,False,0.9185625314712524,0.0
136,2576,True,0.9182851910591124,0.5624551632058591
136,613,False,0.9092954993247986,0.4878213576649419
137,21120,False,0.8449894785881042,0.4810692188136434
137,19728,False,0.8254627585411072,0.4119231073907635
137,9866,False,0.8534032702445984,0.0
138,19932,False,0.628652811050415,0.3491205480867958
138,11468,True,0.8498383164405823,0.6079600189283705
138,9528,False,0.0,0.3491205480867958
139,22036,False,0.5912570953369141,0.0
139,21687,False,0.6582426428794861,0.3732544513450796
139,14161,False,0.6169690489768982,0.0
140,13715,False,0.8462120294570923,0.0
140,11757,False,0.8498868942260742,0.0
140,11756,False,0.7327443361282349,0.4378774882063145
141,14545,False,0.7627451419830322,0.4035850423722276
141,4552,False,0.7466838359832764,0.0
141,2644,False,0.7640775442123413,0.3417603730032218
142,15665,False,0.7813911437988281,0.3686939359041512
142,13685,False,0.7665266394615173,0.3869589073038846
142,5955,False,0.6795705556869507,0.0
143,17825,False,0.8207155466079712,0.2924026607359652
143,17068,False,0.6446675658226013,0.3156801850587938
143,15424,False,0.0,0.0
144,12593,False,0.6946605443954468,0.0
144,12589,False,0.8756093978881836,0.4096682888050979
144,7970,False,0.8422166705131531,0.4679082708957309
145,15891,False,0.9311982989311218,0.4312443460170648
145,4498,False,0.8535478115081787,0.0
145,2593,False,0.8627264499664307,0.4606858606810743
146,20791,False,0.6051517128944397,0.0
146,13423,False,0.7547929883003235,0.0
146,12097,False,0.8402777314186096,0.5217939320872036
147,21192,True,0.874894380569458,0.7716331963811642
147,10217,False,0.4903323650360107,0.0
147,2244,False,0.4977341890335083,0.0
148,18936,True,0.8281828761100769,0.543458428318533
148,16398,True,0.8444756865501404,0.0
148,16350,True,0.8511385321617126,0.5944300934137097
149,14852,False,0.7437697649002075,0.3894810992789338
149,14851,False,0.7288487553596497,0.0
149,8939,False,0.6837234497070312,0.4103049699311091
150,19227,False,0.8756166696548462,0.0
150,15128,False,0.931816816329956,0.4581709669115176
150,4349,False,0.8786267638206482,0.3909018199039661
151,14577,False,0.7547236680984497,0.4451991096026712
151,6619,False,0.799239993095398,0.0
151,691,False,0.7668150067329407,0.4222482877358577
152,12797,False,0.0,0.0
152,6691,False,0.0,0.239302939833615
152,6690,False,0.7554248571395874,0.2404290775352563
153,11014,False,0.0,0.2820067440075409
153,4739,False,0.0,0.2714959920700003
153,2689,False,0.0,0.0
154,16442,False,0.7605395913124084,0.3739580418872147
154,14666,False,0.0,0.2820046928788481
154,5824,False,0.6649826765060425,0.0
155,9455,False,0.725011944770813,0.335869707825144
155,6536,False,0.0,0.0
155,3446,False,0.9028557538986206,0.5735914384140804
156,18881,False,0.7012374401092529,0.0
156,11954,False,0.0,0.3458759264133046
156,8214,False,0.7312107086181641,0.3272306617555107
157,17313,False,0.7826000452041626,0.3885777727501203
157,16501,False,0.730410099029541,0.0
157,16205,True,0.911911129951477,0.6801594095724226
158,13089,False,0.6284098625183105,0.0
158,13082,False,0.7300986051559448,0.4560061546326323
158,1087,False,0.7355720400810242,0.4495860980662859
159,20821,False,0.8730453252792358,0.4849984766493965
159,9709,True,0.7230294942855835,0.5337017656580851
159,5664,False,0.5915793180465698,0.0
160,15420,False,0.546808123588562,0.1989433445294229
160,14855,False,0.7050158381462097,0.0
160,985,False,0.8534848093986511,0.3233419501518519
161,18248,False,0.8431090712547302,0.3488157876353989
161,17621,False,0.8432514667510986,0.3488157876353989
161,17286,False,0.8424462676048279,0.350646854219839
161,17005,False,0.7591891288757324,0.0
162,18349,False,0.7940799593925476,0.6190833004248293
162,18348,False,0.8896434307098389,0.0
162,18055,False,0.8911727666854858,0.6221710168382552
163,20784,False,0.0,0.0
163,9824,True,0.8257655501365662,0.2886751345948128
163,123,True,0.8264177441596985,0.6434255510137705
164,20642,False,0.7098968029022217,0.0
164,18937,False,0.9299709796905518,0.4922541006956402
164,10446,False,0.7364161610603333,0.3736838766118223
165,19755,False,0.6390805840492249,0.4131182235954578
165,12800,False,0.7724847197532654,0.0
165,4732,False,0.7181421518325806,0.4526019054848144
166,19283,False,0.920462965965271,0.6458333333333334
166,14680,False,0.9636163711547852,0.0
166,12781,False,0.989913046360016,0.6879173545843652
167,15437,True,0.8367794752120972,0.3893406698172647
167,11478,False,0.8376594185829163,0.3675596198291978
167,4099,False,0.7717267870903015,0.0
168,12913,False,0.6758675575256348,0.4504596001322997
168,12345,False,0.6381275057792664,0.3551424026022887
168,5324,False,0.0,0.0
169,20035,False,0.6698363423347473,0.0
169,17056,False,0.6958813667297363,0.0
169,16364,False,0.6529596447944641,0.2099632596440622
170,8126,False,0.7130293846130371,0.3120938919661796
170,7438,False,0.5993597507476807,0.0
170,4112,False,0.7022036910057068,0.3151093619261757
171,19334,False,0.0,0.0
171,6691,False,0.0,0.2506147601684105
171,6690,False,0.0,0.0
172,21462,False,0.8441457748413086,0.3675885311387945
172,14392,False,0.7249578833580017,0.0
172,7297,False,0.6859129667282104,0.0
173,18771,False,0.7485113143920898,0.0
173,11265,False,0.7509574890136719,0.408980617355405
173,1249,True,0.8400111794471741,0.3800207988520331
174,13481,False,0.8368710279464722,0.3265381679380311
174,5479,False,0.8781871795654297,0.3226198676211274
174,1525,False,0.8571018576622009,0.0
175,20939,False,0.4809702038764953,0.0
175,6573,False,0.8029240965843201,0.5617765604118758
175,5431,False,0.7302151322364807,0.5613608914238398
176,14820,False,0.9399901628494264,0.6270597128624559
176,4855,False,0.9408490657806396,0.6171063840868614
176,951,False,0.8850767612457275,0.0
177,14903,False,0.8303225636482239,0.0
177,6960,False,0.8366782665252686,0.4661585813193036
177,1019,False,0.8829697370529175,0.4419257545262127
178,20725,False,0.9004139304161072,0.5435796774195893
178,19149,False,0.8213314414024353,0.5219068779396587
178,10843,False,0.8564744591712952,0.0
179,14057,False,0.7555015683174133,0.0
179,8545,False,0.7113136053085327,0.5651771895569286
179,6621,False,0.7521218657493591,0.3522417817843354
180,21041,False,0.6629126071929932,0.0
180,20271,False,0.6647480726242065,0.0
180,1928,False,0.0,0.0
181,12012,False,0.9158297777175904,0.7089647092243917
181,11744,False,0.6033413410186768,0.0
181,3981,False,0.8244580030441284,0.5129075645913916
182,11396,False,0.8518927693367004,0.4785101489172643
182,7399,True,0.7798070907592773,0.5042986332124733
182,5362,False,0.7976982593536377,0.0
183,15597,False,0.6949938535690308,0.3443686158605972
183,11424,False,0.8502850532531738,0.4427717166460821
183,3462,False,0.7900645136833191,0.0
184,18620,False,0.8491588830947876,0.0
184,5560,False,0.8140239715576172,0.0
184,2959,True,0.9752034544944764,0.8940593410189046
185,13913,False,0.7891265153884888,0.0
185,5930,False,0.837918221950531,0.3562617777222598
185,4506,False,0.8031967878341675,0.3578281334822565
186,9936,False,0.0,0.0
186,1929,False,0.8485323190689087,0.4565230157482972
186,1928,True,0.8079745769500732,0.576101402771117
187,14758,False,0.8954077959060669,0.5164772681085843
187,12862,False,0.921694278717041,0.4738791022072738
187,8850,False,0.8836800456047058,0.0
188,17020,False,0.6572376489639282,0.3386481059780782
188,10217,False,0.5305418968200684,0.0
188,9978,False,0.6657826900482178,0.0
188,2592,False,0.6231793165206909,0.0
189,7007,False,0.6212900280952454,0.0
189,6417,False,0.6812883615493774,0.3457820374040623
189,3337,False,0.849439263343811,0.5765510100534695
190,6411,False,0.7157204151153564,0.3278050340535929
190,3750,False,0.6671151518821716,0.0
190,1790,False,0.8503122329711914,0.3546090913322759
191,5169,False,0.9126330614089966,0.4540206010025383
191,1243,False,0.9170478582382202,0.4678877204190327
191,27,False,0.7410370111465454,0.0
192,16315,False,0.8738837242126465,0.0
192,11134,False,0.834149181842804,0.0
192,11131,True,0.831223726272583,0.2802759273356052
193,19880,True,0.8865709900856018,0.3261917987122867
193,16315,False,0.8921853303909302,0.0
193,15090,False,0.868222713470459,0.2901294265928297
194,2939,False,0.7856711149215698,0.0
194,6876,True,0.8837648630142212,0.6960099313669335
194,18691,False,0.7620499730110168,0.4601950115131126
195,18514,False,0.6595226526260376,0.493831342050101
195,13143,False,0.8657451272010803,0.52623130992359
195,3129,False,0.8265066146850586,0.0
196,13373,False,0.0,0.0
196,4739,False,0.0,0.0
196,768,False,0.0,0.2723085536960524
197,18601,False,0.0,0.283026991218202
197,16162,False,0.0,0.0
197,768,False,0.0,0.2988505747126437
198,12797,False,0.0,0.2309019452187318
198,6691,False,0.0,0.0
198,6690,False,0.7514848709106445,0.2308119144338461
199,5511,False,0.8841211795806885,0.533678389364008
199,3535,False,0.8648239374160767,0.4387573507310308
199,3534,False,0.8500016927719116,0.0
200,17886,False,0.0,0.0
200,16962,False,0.0,0.3158594780020033
200,12521,False,0.0,0.0
201,13529,False,0.9125354290008544,0.593241642211075
201,9572,False,0.9091655015945436,0.593241642211075
201,6828,False,0.912906289100647,0.6042607900726623
201,3554,False,0.9108543395996094,0.593241642211075
202,6373,False,0.8758833408355713,0.4904989276604043
202,4353,False,0.8681411743164062,0.0
202,2447,True,0.8763129115104675,0.4476442297793199
203,20015,False,0.7307363748550415,0.3900052651066187
203,18558,False,0.7282914519309998,0.0
203,17234,False,0.7854564785957336,0.4495674993227812
204,17234,False,0.63937908411026,0.3783341205039396
204,14346,False,0.6012797355651855,0.0
204,2306,False,0.8332618474960327,0.3750484339685584
205,14518,False,0.0,0.0
205,10517,True,0.958919644355774,0.6650198959341774
205,6570,False,0.0,0.2541475252505217
206,22067,False,0.6598817110061646,0.3275692099413302
206,21560,False,0.6954712867736816,0.0
206,10679,False,0.6882020235061646,0.0
207,18002,False,0.7884352207183838,0.4068429565500516
207,16759,False,0.7459062337875366,0.5863312872752433
207,16449,False,0.6492427587509155,0.0
208,12738,False,0.8332586288452148,0.5688945076278223
208,6711,False,0.850921094417572,0.5475087286633239
208,6710,False,0.8010410070419312,0.0
209,18713,False,0.8520581722259521,0.0
209,12803,False,0.0,0.0
209,10972,False,0.7950934767723083,0.0
210,9350,False,0.0,0.2628614345074343
210,9087,False,0.0,0.0
210,1358,False,0.0,0.0
211,17684,False,0.7426650524139404,0.0
211,6270,False,0.7772756814956665,0.4433125120585802
211,400,True,0.8740875124931335,0.4729467696627824
212,16120,False,0.0,0.0
212,11745,False,0.0,0.3476640129702598
212,4579,False,0.5867629051208496,0.3663967458131496
213,21190,False,0.8585290908813477,0.0
213,20018,False,0.8052088618278503,0.3145671436138503
213,7531,False,0.9023340940475464,0.3474611580999682
214,18601,True,0.8017355799674988,0.5641171541346605
214,10489,False,0.8949465155601501,0.6066920336919934
214,8788,False,0.83158278465271,0.0
215,10600,False,0.9358633756637572,0.6556466239112849
215,8641,False,0.9412053823471068,0.0
215,6601,False,0.995690643787384,0.8581018574820868
216,18752,False,0.0,0.3317833378517667
216,12901,False,0.0,0.0
216,2091,False,0.6089391112327576,0.0
217,9332,False,0.82281494140625,0.5020186997986805
217,5274,True,0.8478937745094299,0.5885736480398324
217,984,False,0.904770016670227,0.0
218,13085,False,0.864747166633606,0.0
218,5046,True,0.872901201248169,0.6450549514661205
218,5037,False,0.9009122252464294,0.6065202781656084
219,6667,False,0.9004988670349121,0.0
219,6666,False,0.9325846433639526,0.0
219,729,False,0.9468464851379396,0.655825835783953
220,12996,False,0.5106010437011719,0.0
220,2035,False,0.7012706398963928,0.2701351013344488
220,1904,False,0.5919032692909241,0.2816437921643029
221,16944,False,0.7307044863700867,0.0
221,16624,True,0.8912567496299744,0.6534196381862065
221,1772,False,0.7426417469978333,0.3578300267477955
222,17534,True,0.6836633086204529,0.5241424183609591
222,5730,False,0.7325503826141357,0.0
222,1354,True,0.9196664094924928,0.4746311465493233
223,5971,False,0.8493026494979858,0.4188302931176179
223,3863,False,0.8339358568191528,0.4213976904463449
223,414,False,0.7906866669654846,0.0
224,21724,False,0.674065351486206,0.4646766902382152
224,18577,False,0.0,0.0
224,12206,False,0.7643792629241943,0.4745377795480169
225,12627,True,0.9488497972488404,0.709008082541303
225,6587,False,0.8317505121231079,0.0
225,107,False,0.9278848171234132,0.6584150525756779
226,15314,False,0.8418867588043213,0.0
226,14005,False,0.7299658060073853,0.0
226,2943,False,0.7603281736373901,0.0
227,20795,False,0.8383179903030396,0.2603960601728536
227,3523,False,0.8004037141799927,0.0
227,1548,False,0.6939218044281006,0.2915131552412598
228,18020,False,0.6801751255989075,0.5689866601230589
228,17695,False,0.533661425113678,0.0
228,10391,False,0.7105971574783325,0.5910828046793255
229,13258,True,0.9188096523284912,0.6407116072277477
229,11249,False,0.8968037962913513,0.0
229,3282,False,0.882793128490448,0.4635525346505533
230,16042,False,0.7584316730499268,0.3383319236199218
230,16041,False,0.7590427398681641,0.0
230,14051,False,0.8019832372665405,0.0
231,13272,False,0.0,0.3043486771655314
231,10436,True,0.8492833375930786,0.4490180165820414
231,6876,False,0.0,0.0
232,12221,False,0.6895591020584106,0.2310840803264906
232,8958,False,0.5706457495689392,0.0
232,2990,False,0.5977779626846313,0.0
233,8110,False,0.693809986114502,0.0
233,6075,False,0.7583699226379395,0.3218450394066701
233,1470,False,0.6562042236328125,0.0
234,16574,False,0.6923341155052185,0.4241253234536338
234,16573,False,0.6984386444091797,0.4000809287775539
234,15248,False,0.7063201665878296,0.0
235,21783,True,0.935287594795227,0.7516680700851492
235,16182,False,0.9454343914985656,0.733741080561577
235,12319,False,0.8050217032432556,0.0
236,21948,False,0.5340299606323242,0.2952617265740468
236,6402,False,0.8727997541427612,0.0
236,1597,False,0.6268025040626526,0.0
237,20434,False,0.6941664218902588,0.0
237,11149,False,0.6760580539703369,0.2719790483469747
237,11046,False,0.7043718695640564,0.0
238,14451,False,0.8710356950759888,0.0
238,12532,False,0.8750888109207153,0.4218003623491296
238,203,False,0.8649935722351074,0.4127963137122095
239,10617,True,0.9493396878242492,0.7979381720788153
239,10616,False,0.7129757404327393,0.4177522091055419
239,8656,False,0.6707284450531006,0.0
240,20288,False,0.6736961007118225,0.0
240,10166,False,0.7679569721221924,0.0
240,6106,False,0.7750834822654724,0.3668996928526714
241,11137,False,0.6133855581283569,0.2287331208629615
241,7135,False,0.6583966016769409,0.21322269467806
241,3839,False,0.0,0.0
242,11691,False,0.6549490094184875,0.4281744192888376
242,16745,False,0.7231007814407349,0.0
242,10180,False,0.6271847486495972,0.4719399037242694
243,13747,False,0.909468412399292,0.507346289431841
243,11799,False,0.9121366739273072,0.0
243,7799,False,0.9000541567802429,0.4969225003372459
244,14691,False,0.7964253425598145,0.0
244,12785,False,0.822731614112854,0.0
244,9288,False,0.8872132301330566,0.5915204817512771
245,15231,False,0.0,0.0
245,11261,False,0.5941059589385986,0.0
245,6015,False,0.0,0.1786522486751414
246,19031,True,0.89035564661026,0.6463596124937739
246,14867,False,0.8891184329986572,0.0
246,13589,True,0.8986032009124756,0.6611073566849314
247,18804,False,0.5271620750427246,0.0
247,14606,True,0.781221330165863,0.4272413969497872
247,12171,True,0.7033727765083313,0.2981651204020856
248,11662,False,0.8727085590362549,0.0
248,1690,False,0.9281288385391236,0.5120915564991891
248,1688,False,0.9133321046829224,0.0
249,21092,False,0.8311719298362732,0.4429403980178329
249,18994,False,0.8246261477470398,0.4787898976397385
249,14146,False,0.8106219172477722,0.0
250,21393,False,0.6373662352561951,0.2731057979236327
250,17576,False,0.5050370693206787,0.0
250,2486,False,0.0,0.0
251,11613,False,0.5724051594734192,0.0
251,7609,False,0.6525360345840454,0.4083715538393964
251,3316,False,0.5446947813034058,0.2772978648157931
252,9523,False,0.647219181060791,0.338699705716235
252,2422,False,0.760036289691925,0.0
252,460,False,0.7603830695152283,0.3639301321213052
253,13718,False,0.8433979153633118,0.415835346006085
253,13717,False,0.8455662727355957,0.4409621952112815
253,7759,False,0.8363865613937378,0.0
254,16007,False,0.5506737232208252,0.0
254,3848,False,0.0,0.2394603721730797
254,3662,False,0.0,0.2565179471204691
255,14835,False,0.7075649499893188,0.0
255,2964,False,0.7927538156509399,0.4071434216167145
255,961,False,0.8299759030342102,0.4722237525794557
256,12075,False,0.761564314365387,0.4051342229457093
256,1365,False,0.7744383811950684,0.0
256,970,False,0.7921561598777771,0.0
257,13913,False,0.8129664659500122,0.3912141047586589
257,9990,False,0.898025631904602,0.5029895632611329
257,5930,False,0.895358681678772,0.0
258,14154,False,0.7930576205253601,0.0
258,10646,True,0.9082232117652892,0.6325681387348324
258,6642,False,0.7851830720901489,0.0
259,10734,True,0.8617818355560303,0.5239045718095457
259,8771,False,0.85489821434021,0.4379241236285747
259,1054,False,0.8324205279350281,0.0
260,20837,False,0.8629082441329956,0.5337605126836238
260,19523,False,0.7962084412574768,0.4441155916843275
260,13745,False,0.6033111810684204,0.0
261,21470,False,0.8681613802909851,0.0
261,14378,False,0.8610409498214722,0.0
261,5192,True,0.881893515586853,0.5508894960085645
262,18152,False,0.0,0.0
262,16163,False,0.0,0.2914820186645445
262,13175,False,0.0,0.0
262,5134,False,0.0,0.2124141293137443
263,21694,False,0.0,0.0
263,14691,False,0.0,0.2627691364061218
263,6744,False,0.0,0.2325273435904719
264,19687,False,0.6606885194778442,0.0
264,16640,True,0.8687097430229187,0.5700771556629529
264,6898,False,0.6683530211448669,0.0
265,20891,False,0.8397847414016724,0.5670873736295182
265,3518,False,0.8524141907691956,0.5669817440703095
265,3516,False,0.7252775430679321,0.0
266,14829,False,0.94188392162323,0.5437979386921549
266,8908,False,0.8404433131217957,0.0
266,2949,True,0.8585772514343262,0.5349551064605599
267,17965,False,0.0,0.0
267,11315,False,0.6167349219322205,0.3307475463158258
267,16259,False,0.6589980125427246,0.276263195278595
268,20989,False,0.7466486692428589,0.2067663899064365
268,18440,False,0.8119127750396729,0.2142526544306503
268,7134,False,0.0,0.0
269,14288,False,0.0,0.2013190579900677
269,11996,False,0.6146984696388245,0.0
269,11037,False,0.0,0.0
270,10315,False,0.7834286093711853,0.3399150318617245
270,5966,False,0.6372841596603394,0.0
270,3967,False,0.6305781602859497,0.3799520996356054
271,12307,False,0.7962773442268372,0.3571242651515307
271,11988,False,0.8115921020507812,0.4234048992199705
271,10308,False,0.7216945290565491,0.0
272,22043,False,0.0,0.0
272,14259,False,0.7867394089698792,0.2210777224815799
272,3965,True,0.9730138778686525,0.7185950159185064
273,12803,False,0.6437027454376221,0.2795047061879796
273,12801,False,0.76728355884552,0.0
273,8239,False,0.8382201194763184,0.3015418048844108
274,13859,False,0.8286218047142029,0.0
274,3933,False,0.710382878780365,0.3136567659107953
274,68,False,0.8740938901901245,0.3639335432660121
275,21152,False,0.8236079216003418,0.0
275,20623,False,0.9203373789787292,0.7126907593011393
275,17677,False,0.7365734577178955,0.0
276,18991,False,0.0,0.3648448221132586
276,15426,True,0.9318763613700868,0.7223151185146153
276,738,False,0.6022502183914185,0.0
277,15099,False,0.838392972946167,0.4501406909523198
277,4812,False,0.0,0.3628772689281336
277,2738,False,0.8247759342193604,0.0
278,19779,False,0.8884637951850891,0.6394184872829826
278,17184,False,0.8400194644927979,0.0
278,16320,False,0.8797621726989746,0.0
279,18896,False,0.511752188205719,0.2932942300427066
279,10323,False,0.6494391560554504,0.0
279,8374,False,0.7469404935836792,0.0
280,16909,False,0.8528029918670654,0.5669178785387395
280,16597,False,0.8309483528137207,0.0
280,5349,False,0.9132308959960938,0.6604661526884764
281,20258,False,0.922806978225708,0.5644277999381045
281,7824,True,0.9668303728103638,0.6748593260129511
281,60,False,0.8811178207397461,0.0
282,21380,False,0.6354265213012695,0.0
282,19964,False,0.0,0.0
282,15687,False,0.6324204206466675,0.0
283,9708,False,0.6170454025268555,0.0
283,3820,False,0.7186489701271057,0.4083897241388019
283,1886,False,0.7346980571746826,0.4709142403455451
284,14575,False,0.8919395804405212,0.0
284,14569,False,0.9147095680236816,0.5304671043874534
284,2675,False,0.9397256374359132,0.6
285,12797,False,0.0,0.0
285,10749,False,0.0,0.0
285,8788,False,0.0,0.0
286,18626,True,0.8521417379379272,0.5466133744605253
286,13803,False,0.6699009537696838,0.4434395736311599
286,2240,False,0.5621559023857117,0.0
287,19434,False,0.8862296342849731,0.3798920139074467
287,15885,False,0.8915561437606812,0.375486336471155
287,3925,False,0.8636268973350525,0.0
288,12116,False,0.7764106392860413,0.3591081575427399
288,6712,False,0.8388426303863525,0.3797772626563749
288,2632,False,0.7936254143714905,0.0
289,18559,True,0.8250858783721924,0.4742595474843519
289,17744,False,0.6753172278404236,0.0
289,16709,False,0.7632895112037659,0.4225771273642583
290,20220,False,0.8666142821311951,0.7283992804419204
290,15478,False,0.8738473653793335,0.7352388603585194
290,9554,False,0.7873216867446899,0.0
291,15926,False,0.0,0.0
291,4181,False,0.5507687926292419,0.3121273946115411
291,2001,False,0.6985147595405579,0.3711961693228116
292,14489,False,0.8623930215835571,0.581113921354603
292,12590,False,0.8586381673812866,0.0
292,6535,False,0.864081621170044,0.0
292,4497,False,0.876458466053009,0.59297338913735
293,15229,False,0.69437175989151,0.0
293,9497,False,0.7312533855438232,0.3526728079292991
293,6850,False,0.6528381705284119,0.3289758474798844
294,19911,True,0.9621504545211792,0.7895420339517227
294,15485,False,0.8985632658004761,0.4705982870544019
294,11301,False,0.776881217956543,0.0
295,13910,True,0.8493757247924805,0.4318027059486031
295,12600,False,0.8797206878662109,0.0
295,12589,False,0.889262318611145,0.4006760074510028
296,20284,False,0.779072642326355,0.0
296,10286,False,0.7522350549697876,0.3755096634497453
296,3667,False,0.7367919683456421,0.3369764287796901
297,15653,True,0.9752265810966492,0.7818158063483879
297,3706,False,0.832186222076416,0.0
297,1733,False,0.8464263677597046,0.5104349962146898
298,15917,False,0.5307393074035645,0.0
298,4683,False,0.0,0.252796796770753
298,3025,False,0.5009928941726685,0.0
299,4644,True,0.8025065064430237,0.5225125876726382
299,4643,False,0.8293085098266602,0.4868338201673969
299,734,False,0.8076826930046082,0.0
300,19334,False,0.7296247482299805,0.2527472527472527
300,16163,False,0.0,0.0
300,14691,False,0.0,0.2455250996706627
301,16608,False,0.0,0.354267565968589
301,14707,False,0.0,0.0
301,6750,False,0.0,0.0
302,16807,True,0.8625103831291199,0.7276811927513059
302,16641,True,0.8823539614677429,0.8111611843346741
302,4461,False,0.6919105052947998,0.0
303,19299,True,0.9799046516418456,0.8903101088052662
303,14841,False,0.7580846548080444,0.0
303,12936,False,0.7623814344406128,0.5680744279950957
304,20180,False,0.7417014241218567,0.0
304,19884,False,0.8391858339309692,0.4286129622284315
304,5127,False,0.6031125783920288,0.0
305,15292,False,0.8437228798866272,0.0
305,13308,False,0.8808646202087402,0.5933082268219884
305,5266,False,0.8838793039321899,0.5933082268219884
306,21886,False,0.8547495603561401,0.2486823656509969
306,8353,False,0.8618847131729126,0.2313105010296124
306,73,False,0.7367006540298462,0.0
307,20906,False,0.8626135587692261,0.0
307,10209,True,0.8782724142074585,0.3592904339552073
307,8203,False,0.8342305421829224,0.0
308,12803,False,0.6167855858802795,0.2837505903779547
308,12802,False,0.6996483206748962,0.0
308,8239,False,0.8097286224365234,0.2857142857142857
309,19291,True,0.7487948536872864,0.5805124120675239
309,12826,False,0.7284939289093018,0.3058211406170429
309,1040,False,0.0,0.0
310,15836,False,0.8290537595748901,0.0
310,12779,False,0.8742470741271973,0.4715603003533919
310,798,False,0.8686373233795166,0.4715603003533919
311,17878,False,0.6528173089027405,0.0
311,15568,False,0.5575197339057922,0.2234995437037973
311,9644,False,0.7104531526565552,0.0
312,13299,False,0.9726848602294922,0.8263719277935343
312,13298,False,0.948906421661377,0.6465966049568281
312,11285,False,0.7763937711715698,0.0
313,21712,False,0.6732727885246277,0.3606186020065962
313,8870,False,0.7566036581993103,0.4569149745270801
313,3295,False,0.799212634563446,0.0
314,9124,False,0.0,0.1840242255036891
314,8805,False,0.0,0.0
314,3158,False,0.0,0.0
315,13661,False,0.8546892404556274,0.0
315,7705,False,0.9279127717018129,0.6734233176860693
315,1727,False,0.8967875242233276,0.6006207968551429
316,18775,False,0.7743912935256958,0.0
316,6570,False,0.562279224395752,0.0
316,5232,False,0.8089532852172852,0.3936208351034797
317,9242,False,0.5972561240196228,0.264118257805628
317,5550,False,0.73166823387146,0.0
317,1082,True,0.5955659747123718,0.3779644730092272
317,950,False,0.7009723782539368,0.0
318,21762,False,0.731972873210907,0.0
318,20166,False,0.7426818013191223,0.3588490432130052
318,10402,False,0.7036277651786804,0.0
319,21483,True,0.969957947731018,0.6253053994807224
319,19634,False,0.8779897689819336,0.4580641068144918
319,13350,False,0.7988230586051941,0.0
320,15247,False,0.8503575325012207,0.0
320,10473,False,0.8372082114219666,0.0
320,5431,False,0.850235104560852,0.0
321,14611,False,0.6210989952087402,0.0
321,4629,False,0.6436985731124878,0.0
321,4628,False,0.6697224378585815,0.3339729245834394
322,13913,False,0.8093283176422119,0.0
322,9990,False,0.8922971487045288,0.6035874759133595
322,5930,False,0.886533260345459,0.3793103448275862
323,15166,False,0.7553609609603882,0.0
323,5174,False,0.6562414169311523,0.0
323,1244,True,0.811319887638092,0.3873318654925954
324,21543,False,0.9731661677360536,0.0
324,19773,False,0.987357258796692,0.744075160647512
324,8519,False,0.9353162050247192,0.0
325,6893,False,0.694203794002533,0.4208549232684047
325,4876,False,0.7155314683914185,0.4124235324192475
325,4875,False,0.5481094121932983,0.0
326,11440,False,0.8249557614326477,0.3983018436366553
326,1474,False,0.7791622877120972,0.0
326,171,False,0.7001827955245972,0.0
327,20123,False,0.8236319422721863,0.5125657428907351
327,12795,False,0.812555730342865,0.0
327,2828,False,0.8417391180992126,0.0
328,20143,False,0.6730201244354248,0.0
328,14369,True,0.7474544644355774,0.4865050338665269
328,14351,False,0.7290525436401367,0.3376118524547578
329,13293,False,0.8690884709358215,0.0
329,7314,True,0.8559883832931519,0.390752975668337
329,159,False,0.8007186055183411,0.0
330,21371,False,0.875306248664856,0.0
330,13536,False,0.907685399055481,0.6268245672198309
330,1599,False,0.7706578969955444,0.5002067397235337
331,13373,False,0.0,0.0
331,6690,False,0.7580604553222656,0.0
331,768,False,0.0,0.279203532279538
332,19334,False,0.7031408548355103,0.0
332,7686,False,0.7169473171234131,0.0
332,768,False,0.0,0.3059670614315683
333,16617,False,0.6739763021469116,0.0
333,3710,False,0.8141503930091858,0.5204956780951701
333,1749,False,0.7629531621932983,0.4503410014021149
334,10661,True,0.8079729676246643,0.3813014871845399
334,6657,False,0.7411779165267944,0.0
334,725,False,0.7904598116874695,0.3841532377498725
335,6664,False,0.8232084512710571,0.367717753384095
335,6663,False,0.8506232500076294,0.3305345152549199
335,2721,False,0.6492196321487427,0.0
336,20174,False,0.8542596101760864,0.6443544133959921
336,19065,False,0.7870084047317505,0.0
336,7237,True,0.8316398859024048,0.5550811106356464
337,18357,False,0.7707767486572266,0.0
337,11148,False,0.7954903244972229,0.4775088029506922
337,6115,True,0.809360921382904,0.5741504844101761
338,13775,False,0.0,0.2938743939204741
338,7942,False,0.6322999000549316,0.0
338,1904,False,0.0,0.418639746825736
339,13560,False,0.82593834400177,0.0
339,11601,False,0.8907538056373596,0.5454897667470275
339,11599,False,0.883759081363678,0.0
340,18622,False,0.8817847967147827,0.6006056638606886
340,12267,False,0.8476696014404297,0.0
340,363,False,0.8467755913734436,0.4856820943520499
341,8689,False,0.6708896160125732,0.33892434367263
341,5380,False,0.7163489460945129,0.0
341,2737,False,0.0,0.0
342,21065,False,0.9453643560409546,0.6538595625868041
342,9327,False,0.918515145778656,0.0
342,7323,False,0.9180185794830322,0.0
343,19986,False,0.6491307616233826,0.0
343,11855,False,0.5489588975906372,0.2924426693098318
343,9820,False,0.6724473834037781,0.3161680045562236
344,20879,False,0.6910998821258545,0.2338581542600525
344,6271,False,0.787684440612793,0.0
344,2010,False,0.700167179107666,0.227597961891443
345,21748,False,0.5739709138870239,0.0
345,9839,False,0.6976649165153503,0.4631510861170775
345,8386,True,0.8865189552307129,0.6069327367499429
346,8305,False,0.8849149346351624,0.0
346,8304,True,0.9519314169883728,0.6705314333428188
346,379,False,0.9091679453849792,0.6183289068182708
347,14458,True,0.8158549070358276,0.4461665155112619
347,10511,False,0.8075909614562988,0.4096614074981223
347,2555,False,0.6928399801254272,0.0
348,19614,False,0.923295557498932,0.0
348,1189,False,0.934514820575714,0.6023231038383011
348,1187,False,0.9141607284545898,0.6107639326725458
349,19691,False,0.6148606538772583,0.3124772045995669
349,15809,False,0.0,0.0
349,1904,False,0.0,0.2948905349707343
350,9349,False,0.581307590007782,0.2495674517140684
350,7942,False,0.5758339166641235,0.0
350,1904,False,0.7098504304885864,0.347177976846682
351,10048,True,0.7730982899665833,0.4446210310721664
351,10045,False,0.761372447013855,0.0
351,2552,False,0.7566584348678589,0.3820580506426211
352,17477,False,0.6848068833351135,0.3432012745400843
352,17173,False,0.8544203042984009,0.6067553308004666
352,16294,False,0.7309234738349915,0.0
353,10729,False,0.8411993980407715,0.0
353,10728,False,0.8868895769119263,0.0
353,10727,False,0.8678126335144043,0.0
353,8235,False,0.8815934658050537,0.0
354,21296,False,0.8229444026947021,0.0
354,16760,False,0.7419109344482422,0.3208969123804186
354,2013,False,0.8532205820083618,0.324611778926064
355,18723,False,0.8825534582138062,0.0
355,6850,False,0.7387136220932007,0.0
355,4909,False,0.7754202485084534,0.3854166666666667
356,21591,True,0.8970100283622742,0.4286129622284315
356,8836,False,0.8923192024230957,0.0
356,3882,False,0.8622524738311768,0.4054446939998676
357,20629,False,0.8616273403167725,0.4029114820126901
357,18632,False,0.7427642345428467,0.0
357,2432,False,0.0,0.2976190476190476
358,21637,False,0.7003177404403687,0.3378686891997429
358,18295,False,0.7190793752670288,0.3802345503146868
358,17347,False,0.7264506816864014,0.0
359,13958,False,0.6522538661956787,0.0
359,13808,False,0.6905698180198669,0.2937013006481066
359,8373,False,0.6731913089752197,0.3122698157218294
360,19150,True,0.8623394966125488,0.5518171974521376
360,11566,True,0.92742121219635,0.5041183773141629
360,7558,False,0.8019999265670776,0.0
361,18286,False,0.6579626798629761,0.3832657764100933
361,17436,False,0.8009758591651917,0.4028388264387494
361,297,False,0.7742221355438232,0.0
362,19065,False,0.842502772808075,0.453666366444561
362,18769,False,0.832665205001831,0.0
362,155,False,0.8594293594360352,0.4987265760659026
363,18691,False,0.8409947156906128,0.0
363,7131,False,0.586475670337677,0.0
363,2939,False,0.8211973905563354,0.0
364,9532,True,0.6751344203948975,0.0
364,9519,False,0.6991345286369324,0.0
364,7503,False,0.8101950883865356,0.3922322702763681
365,18601,False,0.0,0.0
365,15693,False,0.7654699683189392,0.4011612877037874
365,768,False,0.0,0.3511910560050134
366,21964,False,0.8727227449417114,0.0
366,21636,False,0.8544139862060547,0.0
366,15541,False,0.7105767130851746,0.2963866580843977
367,11421,False,0.0,0.0
367,6691,False,0.0,0.0
367,6690,False,0.0,0.0
367,768,False,0.0,0.2779322274854458
368,18601,False,0.7704232931137085,0.265319935799805
368,14443,False,0.7580405473709106,0.0
368,12797,False,0.0,0.0
369,17846,False,0.0,0.2164127022757194
369,16333,False,0.0,0.2172937066282653
369,768,False,0.0,0.0
370,21042,False,0.8506930470466614,0.4440288540962148
370,15071,True,0.9099999070167542,0.6900072349066888
370,13846,False,0.8072401285171509,0.0
371,20697,False,0.8558950424194336,0.0
371,4629,False,0.8503892421722412,0.3408051468921033
371,725,False,0.652696967124939,0.3553537340120071
372,8543,False,0.0,0.0
372,8437,True,0.6089978814125061,0.3044077736591046
372,2857,False,0.0,0.2266083655811306
373,7119,False,0.7221096754074097,0.3143819683988236
373,6173,False,0.6679844856262207,0.2642812815437407
373,1900,False,0.0,0.0
374,6278,False,0.7975152134895325,0.324037034920393
374,2346,False,0.6056925654411316,0.0
374,428,False,0.8712941408157349,0.3421128446899834
375,9081,False,0.6968632936477661,0.0
375,7054,False,0.6774070262908936,0.0
375,5041,True,0.8126340508460999,0.495258441451086
376,11351,False,0.8329761028289795,0.0
376,9389,False,0.8992490768432617,0.4469477924479479
376,3374,False,0.8475942611694336,0.0
377,14245,False,0.6426160335540771,0.2858631495214548
377,8328,False,0.775601863861084,0.4250511420422255
377,8006,False,0.0,0.0
378,21690,True,0.970410704612732,0.6108472217815261
378,16907,False,0.8429479598999023,0.3571428571428571
378,4201,False,0.7286550402641296,0.0
379,20659,False,0.7516727447509766,0.2666831290963312
379,3933,False,0.5968433618545532,0.0
379,68,False,0.5917408466339111,0.2820006754098338
380,16499,False,0.0,0.0
380,14555,False,0.5700221061706543,0.0
380,667,False,0.6391211152076721,0.4183810882947926
381,20562,False,0.7338581681251526,0.0
381,17623,False,0.7339977025985718,0.4033227561742197
381,320,False,0.7265291810035706,0.4314879119764749
382,2583,False,0.8425401449203491,0.0
382,2579,False,0.8700250387191772,0.5108695652173914
382,1609,False,0.7168692946434021,0.5201809639866857
383,20130,False,0.7591549158096313,0.308346162351422
383,10773,False,0.7737753391265869,0.3133186825294285
383,5177,False,0.7300719022750854,0.0
384,9349,False,0.5388384461402893,0.2860090167177501
384,8701,False,0.5207287669181824,0.2623360911485515
384,2088,False,0.0,0.0
385,18965,True,0.9322797060012816,0.4781623578935601
385,13688,False,0.9033457040786744,0.0
385,11729,False,0.8931946754455566,0.4743979633019867
386,20008,False,0.8116519451141357,0.2486263632303515
386,16017,False,0.8241535425186157,0.0
386,4058,True,0.7824235558509827,0.3229073934303955
387,11120,False,0.8384533524513245,0.0
387,3169,True,0.8655930757522583,0.4477458413066199
387,1160,False,0.8691067695617676,0.4520423357472068
388,19048,False,0.8554955720901489,0.3638957149022243
388,13136,False,0.8518929481506348,0.348975877457325
388,3161,False,0.7798190712928772,0.0
389,19893,False,0.5567899942398071,0.3728358164321559
389,19515,False,0.7575085759162903,0.0
389,10543,True,0.7434395551681519,0.0
390,11602,False,0.9596884250640868,0.5084826915437648
390,11588,False,0.9335748553276062,0.441153106696646
390,1615,False,0.7178511619567871,0.0
391,16932,False,0.7536977529525757,0.3560736802566522
391,9801,False,0.7897436022758484,0.0
391,7162,False,0.8185378313064575,0.0
392,12857,False,0.7387749552726746,0.336868961741516
392,12366,False,0.6869791746139526,0.3200052246177461
392,5339,False,0.6673775911331177,0.0
393,21590,False,0.6547675132751465,0.0
393,19879,False,0.7237663269042969,0.2749025801469105
393,19049,False,0.7659024596214294,0.0
394,17444,False,0.7256460189819336,0.3044295411712822
394,17139,False,0.7381038069725037,0.0
394,15681,False,0.6890801191329956,0.4694569257103907
395,22043,False,0.8591071367263794,0.0
395,10311,False,0.7805517315864563,0.3914516041997284
395,99,True,0.8246334195137024,0.4171857651716425
396,17848,True,0.7984017133712769,0.0
396,9940,False,0.8464474678039551,0.0
396,7144,True,0.8635904788970947,0.4922541006956402
397,14826,False,0.8217744827270508,0.0
397,4860,False,0.8655545115470886,0.0
397,4859,False,0.8967993259429932,0.4959348919001854
398,18047,False,0.8987164497375488,0.0
398,17563,False,0.9067009687423706,0.643729586271626
398,16514,True,0.8757464289665222,0.6619007519448211
399,4610,False,0.8290877938270569,0.0
399,713,False,0.9234390258789062,0.5004345937369794
399,712,False,0.7877141237258911,0.0
400,8725,False,0.0,0.0
400,6691,False,0.0,0.2459372709391668
400,6690,False,0.0,0.0
401,19334,False,0.0,0.0
401,7686,False,0.7336640954017639,0.0
401,5666,False,0.7105795741081238,0.0
402,17886,False,0.0,0.0
402,16962,False,0.0,0.2977532000896204
402,14444,False,0.0,0.2995483684204317
403,16608,False,0.0,0.0
403,14707,False,0.0,0.0
403,820,False,0.0,0.3461796919226175
404,18577,False,0.4484612047672272,0.0
404,18575,False,0.502902626991272,0.0
404,17020,False,0.5132414698600769,0.3307592922378892
404,17018,False,0.4742871522903442,0.0
405,15894,False,0.0,0.0
405,14495,False,0.8496975898742676,0.3566990490197037
405,9988,False,0.7574895620346069,0.3469458082067134
406,21288,False,0.77230304479599,0.2121455644790354
406,19557,False,0.6018911004066467,0.1949392595769047
406,10878,False,0.0,0.0
407,17346,False,0.8081245422363281,0.3274203974068794
407,17345,False,0.7972882390022278,0.0
407,17047,False,0.7999488711357117,0.338798178409059
408,20225,False,0.0,0.0
408,3221,False,0.0,0.0
408,2183,False,0.0,0.0
409,17551,False,0.0,0.0
409,5774,False,0.0,0.3263150034575203
409,5459,False,0.0,0.2946278254943948
410,15299,False,0.8803310394287109,0.0
410,9322,False,0.8945813179016113,0.4757923456935147
410,1341,False,0.886273205280304,0.0
411,20452,False,0.9008157849311828,0.4123810610768682
411,19599,False,0.8885151147842407,0.403752996615392
411,19309,False,0.7758604288101196,0.0
412,13139,False,0.0,0.3477502445119766
412,7567,False,0.0,0.0
412,1192,False,0.0,0.3699217555959069
413,16531,False,0.8428661227226257,0.5861852287239797
413,1677,True,0.6429269313812256,0.0
413,284,True,0.8616676926612854,0.6805570473787206
414,9527,False,0.861193060874939,0.4330568936259561
414,6762,False,0.8114888668060303,0.0
414,1529,False,0.8553571701049805,0.4526030250978877
415,20385,False,0.8433499932289124,0.0
415,17243,True,0.8560270667076111,0.5530575214221883
415,16503,False,0.90833842754364,0.5415513763973768
416,19475,True,0.7414736747741699,0.5490313348968022
416,12289,False,0.6659108400344849,0.3399522514869683
416,4263,False,0.6469807624816895,0.0
417,18507,False,0.9554646015167236,0.6558798109978861
417,18443,False,0.908600926399231,0.0
417,2819,False,0.9613884687423706,0.0
418,11272,False,0.6285545825958252,0.5056958712892093
418,3296,False,0.0,0.0
418,1306,False,0.6661248803138733,0.6079600189283705
419,13252,False,0.9523894786834716,0.611819914212553
419,7260,False,0.9414260983467102,0.6117936727163076
419,5215,False,0.95982563495636,0.0
420,14861,False,0.7586134672164917,0.0
420,4903,False,0.7732961773872375,0.3196555828597021
420,4100,False,0.0,0.0
421,17564,False,0.8753150701522827,0.6430961498709615
421,17330,False,0.8921376466751099,0.6223048602337667
421,17315,False,0.7132377624511719,0.0
422,16086,False,0.8828061819076538,0.3289691789829568
422,13582,False,0.674710750579834,0.0
422,6033,False,0.6903282999992371,0.3260449504815452
423,21896,False,0.7389788031578064,0.3066746596631934
423,4937,False,0.643406867980957,0.0
423,4010,False,0.6074708700180054,0.2924088893653571
424,8538,False,0.6185125112533569,0.0
424,8535,False,0.8147552013397217,0.2963767142406691
424,8534,False,0.8676397204399109,0.3881117961799457
425,21878,False,0.7246233224868774,0.0
425,19691,False,0.6649230122566223,0.0
425,13261,False,0.5203770399093628,0.24650214535893
426,19587,False,0.7606155872344971,0.3823790640939403
426,14868,True,0.7843348979949951,0.3707918197274572
426,4914,False,0.7734947204589844,0.0
427,8561,False,0.7580785751342773,0.2937848256965015
427,6504,False,0.7622814178466797,0.0
427,6503,False,0.6883293986320496,0.2472689477090801
428,10588,False,0.8726400136947632,0.0
428,6990,True,0.9440879821777344,0.5081516761362315
428,4979,False,0.8678199052810669,0.4744033600317009
429,11237,False,0.8974089622497559,0.0
429,7263,False,0.896054208278656,0.4845963882358119
429,3273,True,0.880984902381897,0.5249794205887962
430,16147,False,0.7335737347602844,0.3387994587020709
430,4193,False,0.7621249556541443,0.3879049103011415
430,4191,False,0.7116289138793945,0.0
431,18464,True,0.8650544881820679,0.530534807027005
431,14871,False,0.642583429813385,0.3451795709050765
431,1492,False,0.634136974811554,0.0
432,12356,False,0.8023898601531982,0.375717308627385
432,12352,False,0.9356026649475098,0.4344231381004139
432,438,False,0.924621284008026,0.0
433,12366,False,0.769220769405365,0.4273937576108645
433,6324,False,0.8614706993103027,0.4775942086083415
433,5339,False,0.7731146812438965,0.0
434,20211,False,0.7348812818527222,0.4199170694580074
434,16042,False,0.0,0.0
434,13420,False,0.7483334541320801,0.3229867668881951
435,15840,False,0.903759241104126,0.2635106901016107
435,11134,False,0.8410022258758545,0.268452428509859
435,7143,False,0.8334000110626221,0.0
436,11808,False,0.5774908661842346,0.2894513285285622
436,10032,False,0.6001891493797302,0.0
436,8395,False,0.6188485622406006,0.0
437,21298,False,0.6837834119796753,0.0
437,12332,False,0.7026230096817017,0.2791452631195412
437,2245,False,0.0,0.2470246356342049
438,10344,False,0.8024736642837524,0.0
438,9120,False,0.6059128046035767,0.3256655262024648
438,4296,False,0.7693864107131958,0.3723196252465238
439,21637,False,0.8021361827850342,0.4079685725204621
439,18295,False,0.7340185642242432,0.0
439,17347,False,0.8199173212051392,0.3946400141150675
440,11421,False,0.0,0.0
440,6691,False,0.0,0.0
440,768,False,0.0,0.2996645634283651
441,12714,False,0.0,0.0
441,6691,False,0.0,0.2028405530153484
441,19334,False,0.0,0.2431037579886778
442,21933,False,0.730420708656311,0.0
442,14949,False,0.0,0.0
442,7686,False,0.7246323823928833,0.2310211819657538
443,19334,False,0.0,0.0
443,6691,False,0.0,0.0
443,6690,False,0.0,0.24782862053692
444,21933,False,0.0,0.0
444,18601,False,0.7785843014717102,0.3964671152043351
444,10489,False,0.7946571111679077,0.3414022380926219
445,18198,False,0.0,0.0
445,17380,False,0.0,0.0
445,606,False,0.0,0.3077935056255462
446,21189,False,0.0,0.3132805650378374
446,16169,False,0.0,0.3132805650378374
446,5774,True,0.9772056341171264,0.8489428330267074
447,13174,True,0.9596046209335328,0.7042952122737638
447,13173,False,0.8872047662734985,0.0
447,9155,False,0.8920828104019165,0.4751909633114914
448,13174,False,0.906479001045227,0.0
448,13173,True,0.9552620649337769,0.6540333268673774
448,9155,False,0.9085134267807008,0.5208531796722097
449,20034,False,0.7876548767089844,0.2440447552739261
449,11980,False,0.7660316228866577,0.0
449,2306,False,0.6516014337539673,0.2731954930196643
450,17346,True,0.8634371161460876,0.3766995032161184
450,17302,False,0.7359787821769714,0.0
450,17048,False,0.7777266502380371,0.0
451,21108,False,0.7426830530166626,0.3241149565362651
451,20035,False,0.7583497762680054,0.0
451,20034,False,0.8522738218307495,0.3333333333333333
452,20707,False,0.6342028975486755,0.0
452,18386,False,0.5619415044784546,0.3516695858110864
452,16645,True,0.9404677152633668,0.6702800625998363
453,12946,False,0.6029855608940125,0.0
453,10899,True,0.8679389953613281,0.4293992612574088
453,4892,True,0.8496537804603577,0.3688590130581641
454,2985,False,0.8857624530792236,0.5366658554110759
454,1891,True,0.948132336139679,0.6421710925161951
454,485,False,0.7122070789337158,0.0
455,19347,True,0.9641776084899902,0.8444056094871311
455,17216,False,0.859897792339325,0.0
455,16355,False,0.8510638475418091,0.0
455,16354,False,0.8233980536460876,0.0
456,21792,False,0.7127885222434998,0.438468038124562
456,8957,False,0.6624314785003662,0.421656144517068
456,1980,False,0.7172630429267883,0.0
457,8018,True,0.8409676551818848,0.3599459387106468
457,8017,False,0.7700204849243164,0.0
457,2035,False,0.7361133098602295,0.4326089893129922
458,15293,False,0.8655760288238525,0.0
458,15292,False,0.8752144575119019,0.0
458,1337,False,0.895257830619812,0.6105617270948679
459,11738,False,0.6830006837844849,0.0
459,20827,False,0.8827217817306519,0.6055300708194983
459,7739,False,0.7317390441894531,0.3566856139860804
460,20337,False,0.6093087792396545,0.0
460,10386,False,0.6984299421310425,0.0
460,8646,False,0.0,0.3003757045930553
461,18389,True,0.844288170337677,0.7186788452708798
461,17769,False,0.8268569707870483,0.5446171073921049
461,7121,False,0.8114542961120605,0.0
462,12785,True,0.8617566823959351,0.4981380352662587
462,9288,False,0.8745442032814026,0.5054055625027248
462,2821,False,0.8429350256919861,0.0
463,11440,True,0.9451659321784972,0.6359358571541743
463,3459,False,0.6697180271148682,0.3450648742510029
463,171,False,0.7100322246551514,0.0
464,14006,False,0.8267083764076233,0.0
464,10075,False,0.8787431716918945,0.3899010572571402
464,3818,False,0.6590871810913086,0.3498992134725563
465,15278,True,0.9159168004989624,0.6659740257870127
465,15263,False,0.9550559520721436,0.0
465,7304,True,0.9601699113845824,0.6646544148978673
466,17506,False,0.9024279117584229,0.0
466,16910,False,0.9560596942901612,0.7018111933164765
466,16317,False,0.9533339738845824,0.7161466441809289
467,21605,False,0.8187996745109558,0.4952605565436485
467,18785,False,0.7762991189956665,0.4306663789414497
467,16403,False,0.7522504925727844,0.0
468,20645,False,0.9478274583816528,0.7469801430417927
468,18940,False,0.9249610900878906,0.6206024762792104
468,8479,False,0.8716981410980225,0.0
469,19558,False,0.8096663355827332,0.0
469,19257,True,0.929761528968811,0.599306773838415
469,2720,True,0.9213145971298218,0.6625585677134681
470,15783,False,0.7861089110374451,0.0
470,10874,True,0.7154895067214966,0.4407573754333156
470,2958,False,0.7715442776679993,0.4944132324730442
471,19389,False,0.5358449220657349,0.0
471,11622,False,0.4978476166725158,0.0
471,11283,False,0.6817949414253235,0.2531848417709166
472,15367,False,0.8429721593856812,0.4789474720713997
472,13371,False,0.7220167517662048,0.3698001308168194
472,5362,False,0.750521719455719,0.0
473,14744,False,0.7059381008148193,0.3835976370458336
473,6068,False,0.6800118684768677,0.0
473,3860,False,0.8829765319824219,0.3858718165706449
474,18529,False,0.7617698311805725,0.5060968164544672
474,11175,False,0.8297351002693176,0.0
474,1225,False,0.8180787563323975,0.4525062483125562
475,20392,True,0.8493480682373047,0.5342542476307083
475,12746,True,0.7906907796859741,0.5845067914140646
475,12745,False,0.823204755783081,0.0
476,10881,False,0.6760937571525574,0.3160760858901085
476,2717,False,0.7903147339820862,0.5874780291913977
476,1688,False,0.7969633936882019,0.0
477,21046,False,0.8432795405387878,0.314970394174356
477,19193,False,0.7507876753807068,0.3401680257083045
477,9145,False,0.8239858746528625,0.0
478,20274,False,0.4115709960460663,0.2420614591379635
478,8154,False,0.7040832042694092,0.0
478,4380,False,0.5249722003936768,0.25
479,14557,False,0.8074139356613159,0.3874823545996955
479,12920,False,0.6002901792526245,0.0
479,261,False,0.6486120820045471,0.0
480,8295,False,0.8707113265991211,0.0
480,376,True,0.9077064990997314,0.4613998405827779
480,374,False,0.8590297698974609,0.3172123904006598
481,14852,False,0.8687860369682312,0.0
481,14851,False,0.7902316451072693,0.4475633910915675
481,8939,False,0.7500264048576355,0.0
482,21789,False,0.7685881853103638,0.3128840681937158
482,19229,False,0.8024328947067261,0.3439971465943615
482,15132,False,0.8337889909744263,0.0
483,9130,True,0.8596594929695129,0.6935887362103852
483,8707,False,0.8802664279937744,0.0
483,1149,False,0.8029341101646423,0.5201915521577889
484,12803,False,0.8516008853912354,0.0
484,12802,False,0.6884201169013977,0.0
484,4736,False,0.7900738716125488,0.0
485,18622,False,0.8150517344474792,0.0
485,12267,False,0.7963436245918274,0.3962269048731628
485,363,False,0.7959539890289307,0.3831609239269934
486,19334,False,0.0,0.2599907604169276
486,9288,False,0.0,0.0
486,820,False,0.0,0.2156655464068768
487,19334,False,0.0,0.1720828078873293
487,17381,False,0.0,0.0
487,16909,False,0.0,0.1497518924441953
488,13373,False,0.0,0.2865633642153136
488,9063,False,0.0,0.301268353528559
488,6691,False,0.7033616304397583,0.0
488,6690,False,0.7893182039260864,0.0
489,18601,False,0.7627485990524292,0.0
489,10489,False,0.7871182560920715,0.0
489,768,False,0.7703081369400024,0.4085297439895141
490,12536,False,0.9074866771697998,0.0
490,10505,False,0.8570988774299622,0.6132902128811403
490,5529,False,0.8685301542282104,0.6218283064843615
491,19957,True,0.9490091800689696,0.8000711205939974
491,1744,False,0.0,0.0
491,1742,False,0.0,0.0
492,14430,False,0.8924745321273804,0.5336674338595341
492,12502,False,0.926100254058838,0.508668079659963
492,11917,False,0.8944900035858154,0.0
493,12268,False,0.7020448446273804,0.0
493,7825,False,0.0,0.2361783773123927
493,15923,False,0.0,0.0
494,15939,False,0.6762639880180359,0.2630818678891976
494,6824,False,0.637140154838562,0.2481291227729255
494,3970,False,0.6027497053146362,0.0
495,13141,False,0.8420058488845825,0.4759300725550594
495,8804,False,0.8543834686279297,0.4366524276833778
495,2837,False,0.8450982570648193,0.0
496,20374,False,0.6613155603408813,0.0
496,4496,False,0.8295385837554932,0.4575261124140018
496,1978,False,0.7464828491210938,0.3626203338114211
497,18162,False,0.8034274578094482,0.0
497,18161,False,0.7784726023674011,0.4264014327112208
497,3071,True,0.7759881019592285,0.4193139346887672
498,11605,False,0.6991175413131714,0.3830998546753719
498,5577,False,0.7326900362968445,0.3715458705067435
498,2091,False,0.5672625303268433,0.0
499,18882,False,0.0,0.3022801944381853
499,10112,False,0.7796607613563538,0.0
499,4076,False,0.8296242952346802,0.0
500,12544,True,0.908084750175476,0.6235294117647059
500,8565,False,0.6838669180870056,0.0
500,587,False,0.7076651453971863,0.4608176875690326
501,20503,False,0.8013908863067627,0.3535533905932737
501,11336,False,0.7994988560676575,0.0
501,2841,False,0.8099541664123535,0.3417128571881321
502,20212,False,0.7983914017677307,0.0
502,11435,True,0.7815196514129639,0.500567859353936
502,5421,False,0.8949614763259888,0.618465843842649
503,20588,False,0.8640356063842773,0.4491366310724286
503,19198,False,0.8838995695114136,0.0
503,10206,True,0.8955910205841064,0.4717845325583388
504,5491,False,0.6527614593505859,0.303203657276947
504,5489,False,0.7591511011123657,0.0
504,3522,False,0.7034744620323181,0.0
505,18716,False,0.6794410943984985,0.3046424421249601
505,8842,False,0.7410774230957031,0.3490011487112926
505,6803,False,0.7534752488136292,0.0
506,21169,False,0.875311017036438,0.0
506,15706,False,0.8481858372688293,0.3793354041441548
506,3739,False,0.8561052083969116,0.3563453796505696
507,19705,False,0.8617122173309326,0.4333333333333333
507,15894,False,0.8080599308013916,0.0
507,11953,True,0.9357284307479858,0.5465943944999485
508,16371,False,0.521694540977478,0.0
508,8125,False,0.5329452157020569,0.2150772505036516
508,289,False,0.4314379692077636,0.0
509,19410,False,0.846889078617096,0.4729653291010299
509,7770,False,0.8860913515090942,0.4481470973860283
509,1798,False,0.905268371105194,0.0
510,15321,False,0.859263002872467,0.4169671693826653
510,3341,False,0.8518709540367126,0.4169671693826653
510,1360,False,0.9076673984527588,0.4893906951642069
511,16069,False,0.6694234609603882,0.0
511,12119,False,0.7375533580780029,0.3116641322415628
511,4117,False,0.7134878635406494,0.3013217028553868
511,1392,True,0.795722484588623,0.0
512,9060,True,0.9011130332946776,0.4500351603704096
512,6766,False,0.8325773477554321,0.0
512,3723,False,0.9123098850250244,0.4513537837386966
513,10570,False,0.8438526391983032,0.6113736809658867
513,2644,False,0.7412814497947693,0.0
513,2642,False,0.814098060131073,0.6184880536659318
514,19852,False,0.8729685544967651,0.4647413098127202
514,14877,False,0.8296139240264893,0.4450031350772678
514,6150,False,0.759082555770874,0.0
515,12701,False,0.0,0.0
515,6674,False,0.0,0.0
515,3049,False,0.0,0.3115763766063608
516,13606,False,0.7316494584083557,0.2694626071837186
516,4922,False,0.5574967861175537,0.2817476755912645
516,1680,False,0.7028244137763977,0.0
517,7407,False,0.640291690826416,0.442619202874535
517,7406,False,0.8321713209152222,0.4131671220064233
517,6065,False,0.8299547433853149,0.0
518,16070,False,0.0,0.0
518,12120,False,0.787388026714325,0.3843999840834385
518,2138,True,0.8582430481910706,0.5898208112622201
519,14264,False,0.8836512565612793,0.582222509739582
519,8344,False,0.8117692470550537,0.4408023405083195
519,6271,False,0.7193922996520996,0.0
520,19334,False,0.7248697876930237,0.0
520,7686,False,0.0,0.0
520,768,False,0.0,0.2875079081711388
521,14687,False,0.0,0.3336420825794093
521,820,False,0.0,0.0
521,304,False,0.0,0.0
522,20776,False,0.0,0.0
522,18925,False,0.6322280764579773,0.3187883565316691
522,14014,False,0.9043038487434388,0.5327776050574939
523,9658,True,0.8557307720184326,0.6334460659719167
523,7630,False,0.8504179120063782,0.0
523,3626,False,0.8478114604949951,0.6371182478422787
524,12778,False,0.0,0.3411775438127726
524,9812,False,0.6579094529151917,0.0
524,5425,False,0.4979678392410278,0.0
525,14462,False,0.8804138898849487,0.5369170952384339
525,12568,False,0.9035837054252625,0.5944677716119166
525,4474,False,0.9090675115585328,0.0
526,17855,False,0.0,0.0
526,6892,False,0.836298406124115,0.3351400312999181
526,5591,False,0.7837908267974854,0.3746751395719891
527,4361,False,0.8684208393096924,0.4809239410698028
527,2146,False,0.6958775520324707,0.0
527,485,False,0.9497473835945128,0.5501196042201808
528,21347,True,0.9276632070541382,0.638593962778458
528,15198,False,0.9141768217086792,0.0
528,76,True,0.9104342460632324,0.0
529,19687,False,0.615877091884613,0.2672281055609348
529,17879,False,0.9033843278884888,0.6106248099913271
529,6898,False,0.6995682716369629,0.0
530,18531,True,0.8915088176727295,0.6758625033664688
530,18176,False,0.747449517250061,0.0
530,6615,True,0.919249415397644,0.7244464749279004
531,19817,True,0.932030439376831,0.6049494651800982
531,12693,False,0.8521116971969604,0.0
531,8697,False,0.8533344268798828,0.5313689313240572
532,12464,False,0.93368399143219,0.586156640681896
532,8071,False,0.9489205479621888,0.6206942110104736
532,8070,False,0.8804651498794556,0.0
533,21896,False,0.7363746762275696,0.3809696588797296
533,17305,False,0.6226674914360046,0.0
533,4937,False,0.6199877262115479,0.0
533,4010,False,0.678098201751709,0.3269230769230769
534,6873,False,0.8104537725448608,0.0
534,6872,False,0.8046250939369202,0.0
534,2941,False,0.7464996576309204,0.3118450540792123
535,12757,False,0.6102266907691956,0.0
535,10951,False,0.6741634607315063,0.2712125199968458
535,1699,False,0.7889596223831177,0.2913961521640036
536,21189,False,0.0,0.0
536,15737,False,0.7711150050163269,0.5955432118425306
536,8313,False,0.0,0.3528923366202927
537,14670,False,0.9013878107070924,0.0
537,12774,False,0.882969081401825,0.4691684640073836
537,790,True,0.8874751329421997,0.5404221264588962
538,17174,True,0.7873925566673279,0.4800114153893734
538,10461,False,0.7612009048461914,0.2789858881347428
538,5430,False,0.7689687013626099,0.0
539,11542,True,0.8861879110336304,0.6163156344279367
539,7076,False,0.634095311164856,0.0
539,1564,False,0.877376914024353,0.4695738167069994
540,20202,False,0.8793570399284363,0.4118629898452589
540,9383,False,0.9779784679412842,0.6675727350217695
540,4137,False,0.8004936575889587,0.0
541,9189,True,0.7993379235267639,0.431765183592825
541,4924,False,0.8926234245300293,0.0
541,1231,False,0.8418474197387695,0.452328176181705
542,15021,False,0.7738043069839478,0.0
542,13159,True,0.8542548418045044,0.4626349175886353
542,3174,False,0.7817853689193726,0.0
543,10106,False,0.0,0.0
543,20785,False,0.6775892972946167,0.257021386773911
543,3418,False,0.0,0.0
544,21494,False,0.8423212766647339,0.0
544,15649,False,0.8510194420814514,0.3512872068777267
544,13664,False,0.8736698627471924,0.4029114820126901
545,11636,False,0.8374699354171753,0.0
545,9656,False,0.8884809017181396,0.6593258825515826
545,7622,False,0.8988351225852966,0.6697920268436323
546,12699,False,0.0,0.3844732240543962
546,12697,False,0.0,0.0
546,735,False,0.0,0.3844732240543962
547,15267,False,0.9194194078445436,0.5581772712371587
547,15265,False,0.94292151927948,0.5349198849356104
547,11276,False,0.9114219546318054,0.0
547,9295,True,0.9229892492294312,0.0
548,21359,False,0.8228496313095093,0.0
548,15374,False,0.8288730382919312,0.3533111477483943
548,3414,True,0.956504225730896,0.6438356164383562
549,21789,False,0.8047326803207397,0.2598076211353315
549,19336,False,0.0,0.2574905238314872
549,12439,False,0.8406966924667358,0.0
550,19539,True,0.9310232400894164,0.5284635898620392
550,10511,False,0.8179428577423096,0.0
550,2555,True,0.8898769617080688,0.4688619548292665
551,18578,False,0.0,0.0
551,8315,False,0.0,0.2412836956409989
551,8313,False,0.0,0.232920588489983
552,13373,False,0.0,0.2958631677069693
552,9063,False,0.0,0.3110453761208996
552,768,False,0.0,0.0
553,18198,False,0.0,0.0
553,17383,False,0.0,0.0
553,17380,False,0.6710268259048462,0.0
553,16199,False,0.0,0.0
553,260,False,0.6785300970077515,0.2990284090483535
554,20542,False,0.0,0.252310280118708
554,12222,False,0.0,0.0
554,5665,False,0.0,0.2508726030021272
555,19568,False,0.7461929321289062,0.5334650693692645
555,19009,True,0.8372648358345032,0.5959565336976098
555,18712,False,0.7507309913635254,0.0
556,21901,False,0.8002220392227173,0.3918358757635058
556,10722,False,0.5931404829025269,0.0
556,6721,False,0.623451292514801,0.4484507032450693
557,13220,False,0.741382360458374,0.0
557,11931,False,0.8917701244354248,0.4531845001249085
557,6498,False,0.920210897922516,0.438800307961639
558,12735,False,0.8166947364807129,0.3798670339051543
558,5883,True,0.886151909828186,0.736276938117533
558,2763,False,0.753812849521637,0.0
559,21310,True,0.8361522555351257,0.5663938603238309
559,20713,True,0.8454501628875732,0.53252426193765
559,17687,False,0.6837282180786133,0.0
560,20114,False,0.0,0.0
560,6113,False,0.0,0.2400980191995123
560,1684,False,0.0,0.2470160908777854
561,20125,False,0.920415997505188,0.0
561,18152,True,0.9604257345199584,0.8435490220263846
561,8791,False,0.9508522152900696,0.7170674831279846
562,14882,False,0.7292108535766602,0.0
562,7564,False,0.5843132734298706,0.283756063909082
562,6585,False,0.5985862612724304,0.3152919019758304
563,18915,True,0.8568977117538452,0.5821817364274595
563,17683,False,0.685358464717865,0.2704813730373557
563,17363,False,0.6861521005630493,0.0
564,21533,True,0.7983688712120056,0.4591878204596923
564,17673,False,0.831059455871582,0.0
564,16487,False,0.854403555393219,0.0
565,20075,False,0.829977810382843,0.5219068779396587
565,17962,False,0.8498651385307312,0.4806412828510974
565,15257,False,0.8721054196357727,0.0
566,18275,False,0.0,0.0
566,16778,False,0.0,0.0
566,16626,False,0.6008398532867432,0.0
567,14120,False,0.8146072030067444,0.5515861602679127
567,12173,True,0.7355867624282837,0.3369167182398788
567,2205,False,0.728700578212738,0.0
568,15946,False,0.8325107097625732,0.2898327105541172
568,3976,False,0.807521402835846,0.0
568,2035,False,0.7205891013145447,0.3911465744468754
569,14799,False,0.6991405487060547,0.3203548935160373
569,6718,False,0.7802386283874512,0.3032392174315613
569,763,False,0.7817070484161377,0.0
570,19375,False,0.8750613927841187,0.0
570,9470,False,0.8860740065574646,0.4589791224308453
570,5426,False,0.8633837699890137,0.4576043153224294
571,15299,False,0.8687173128128052,0.0
571,13307,False,0.8815189599990845,0.4676381156332907
571,1341,False,0.8737964630126953,0.0
572,4643,False,0.9223421812057496,0.6158737360170479
572,4642,False,0.8023151159286499,0.5901287331137309
572,734,False,0.832780122756958,0.0
573,17889,False,0.8395253419876099,0.5254106375285611
573,17558,False,0.8578218221664429,0.0
573,16964,False,0.8542208671569824,0.5598383475529399
574,20580,False,0.7739176750183105,0.3500700210070024
574,16055,False,0.7420625686645508,0.3803076615015084
574,15457,False,0.728761613368988,0.0
575,5075,True,0.7978196740150452,0.500141783641018
575,3867,False,0.7763416767120361,0.0
575,1128,True,0.8968554139137268,0.6340938344591932
576,20429,False,0.906687080860138,0.6137857701752953
576,18153,False,0.9450696110725404,0.6383372009823072
576,16598,False,0.915607213973999,0.0
577,21736,False,0.8641372919082642,0.6988924840240822
577,19367,False,0.8801242709159851,0.7210261897244072
577,9160,False,0.5953150391578674,0.0
578,11389,False,0.6780487895011902,0.0
578,11384,False,0.822378396987915,0.3955938860646178
578,5365,False,0.8139546513557434,0.0
579,15015,True,0.9591585397720336,0.8004667972984777
579,11054,False,0.8819200396537781,0.0
579,1100,False,0.8826625347137451,0.6243462402003677
580,10401,False,0.7217596769332886,0.0
580,6366,False,0.7117728590965271,0.0
580,3505,False,0.8392314314842224,0.3052414315659402
581,17697,False,0.912692666053772,0.6619168182176299
581,17380,False,0.8179255127906799,0.5412294272573258
581,606,False,0.8209351301193237,0.0
582,12971,False,0.9251418113708496,0.5323283704405615
582,4985,False,0.7837275266647339,0.0
582,2465,False,0.6895781755447388,0.0
583,14422,False,0.0,0.1685401943200768
583,14352,False,0.0,0.0
583,7895,False,0.0,0.0
584,8909,False,0.9140987396240234,0.5231747416547531
584,4868,False,0.914701521396637,0.0
584,965,False,0.96006178855896,0.6796436827080402
585,19031,False,0.8234365582466125,0.0
585,14867,True,0.8770081996917725,0.4542199791661351
585,13589,False,0.8303664326667786,0.3660834522579435
586,19937,False,0.767467737197876,0.0
586,9708,False,0.6228417754173279,0.3368660776264854
586,6928,False,0.7723180651664734,0.0
587,14455,False,0.8398351669311523,0.0
587,12543,False,0.7941763401031494,0.3781280585927397
587,8562,False,0.7774368524551392,0.0
588,20108,True,0.8412203788757324,0.5515528318445926
588,18144,False,0.8718088865280151,0.3712129349338475
588,14898,False,0.8437733054161072,0.0
589,20807,False,0.8786660432815552,0.4907668798175102
589,15495,True,0.9074885249137878,0.0
589,1571,False,0.8411929607391357,0.0
590,8725,False,0.0,0.0
590,6691,False,0.0,0.2161688505835584
590,18637,False,0.0,0.2166000563609908
591,10585,False,0.6558232307434082,0.0
591,5594,False,0.824651837348938,0.4345015009842798
591,5593,False,0.7893639802932739,0.4023739080814782
592,14421,False,0.917162537574768,0.0
592,4421,False,0.9276861548423768,0.4265625923135903
592,2521,False,0.9079400300979614,0.4611627321170328
593,7075,False,0.7310188412666321,0.3155242550986462
593,3077,False,0.0,0.0
593,390,False,0.0,0.3099854411144401
594,20843,True,0.8251686096191406,0.0
594,11307,False,0.8926526308059692,0.5377877706628422
594,7334,False,0.8675634860992432,0.5067151602136786
595,19445,False,0.6141296625137329,0.2931906165895441
595,14869,True,0.8666257858276367,0.5518882194626712
595,9156,False,0.6031913757324219,0.0
596,12631,False,0.0,0.0
596,12627,False,0.889162540435791,0.3760349343306476
596,107,False,0.8896833658218384,0.3700499114132267
597,22043,True,0.8575960397720337,0.4286397758214558
597,12305,False,0.8786654472351074,0.4142439571460497
597,8337,False,0.8751581907272339,0.0
598,9658,True,0.8406519889831543,0.6630473664160085
598,7630,True,0.8519973754882812,0.0
598,3626,True,0.8361674547195435,0.6668911514656611
599,19773,False,0.9441525936126708,0.6997462391892624
599,6457,False,0.929346203804016,0.0
599,556,False,0.9760570526123048,0.667461263690856
600,12881,True,0.8850235939025879,0.5302386611083358
600,4691,True,0.7833516597747803,0.4221412560493349
600,2898,False,0.7748346924781799,0.0
601,11705,False,0.6589719653129578,0.2572741529681818
601,18202,False,0.6685564517974854,0.2776650898076712
601,3705,False,0.6710648536682129,0.0
602,18093,False,0.8038058876991272,0.3222864788612916
602,16344,False,0.7585238218307495,0.0
602,1507,False,0.7052074670791626,0.0
603,21731,True,0.7827856540679932,0.3369764287796901
603,19358,False,0.7610682249069214,0.0
603,15224,False,0.7249019145965576,0.2948531466300106
604,15829,False,0.8902115821838379,0.5067459361951188
604,13834,False,0.8205975294113159,0.4395542531745126
604,5864,False,0.7891882658004761,0.0
605,15693,False,0.7557300329208374,0.3208898518646281
605,6744,False,0.0,0.0
605,2822,False,0.0,0.0
606,15297,False,0.788010835647583,0.4046851288050203
606,11293,False,0.786751925945282,0.375
606,5269,False,0.7917888164520264,0.0
607,12797,False,0.0,0.2275794418531694
607,6691,False,0.6795716881752014,0.0
607,6690,False,0.7583428025245667,0.2274907065427999
608,19334,True,0.8156805038452148,0.3391183831525142
608,7686,False,0.0,0.0
608,5666,False,0.0,0.0
609,9469,False,0.854022741317749,0.0
609,6713,False,0.7652890682220459,0.3874777640186558
609,1469,False,0.7905945777893066,0.0
610,15811,False,0.6375774145126343,0.0
610,15809,False,0.8240260481834412,0.2704940749732164
610,1904,False,0.8363609313964844,0.3581634662063832
611,12403,False,0.8767774105072021,0.0
611,10398,False,0.8851155042648315,0.0
611,8429,True,0.8932687044143677,0.4854398035379584
611,467,False,0.8856786489486694,0.4441257777049406
612,4733,False,0.9054406881332396,0.0
612,2829,True,0.8974635004997253,0.0
612,2754,False,0.6653430461883545,0.5583867230139558
613,19807,False,0.6891632676124573,0.3849983958433593
613,16202,False,0.6650482416152954,0.0
613,10608,False,0.7199853658676147,0.4075316548660468
614,22045,False,0.8386654853820801,0.5151515151515151
614,12327,False,0.822258472442627,0.425638274156824
614,11998,False,0.8160057067871094,0.0
615,17519,True,0.7839827537536621,0.4807619738204116
615,11341,False,0.8626598119735718,0.4174555390689118
615,3365,False,0.8549782037734985,0.4174555390689118
616,21190,False,0.8531380891799927,0.3507676933292807
616,20018,False,0.8118327856063843,0.0
616,7531,False,0.8683556318283081,0.3361893154369327
617,19540,True,0.8815999031066895,0.5881037902345897
617,4475,False,0.9459880590438844,0.5388602512436507
617,4474,False,0.8311954736709595,0.0
618,22022,False,0.725810706615448,0.5010216834356844
618,10042,False,0.7277772426605225,0.4985352081201221
618,8689,False,0.0,0.0
619,18256,False,0.6506572961807251,0.0
619,7838,False,0.6486742496490479,0.0
619,2355,False,0.6593906879425049,0.3206340427219419
620,20130,False,0.7672734260559082,0.4067021560763592
620,10773,False,0.7426900863647461,0.0
620,983,False,0.6735860109329224,0.0
621,13149,False,0.7778030037879944,0.4880438639987323
621,7212,False,0.9219104051589966,0.0
621,3169,False,0.7727406024932861,0.0
622,20145,False,0.0,0.0
622,16249,False,0.6556809544563293,0.3688555567816587
622,3160,False,0.3547794818878174,0.3157909871260332
623,14735,True,0.8664706349372864,0.3604894876739983
623,8820,False,0.8740480542182922,0.4941076318991365
623,2832,False,0.7428679466247559,0.0
624,12056,False,0.8197560906410217,0.3867462340768809
624,4040,False,0.8176453113555908,0.3795360576382948
624,4039,False,0.9162670373916626,0.0
625,21566,False,0.9287734627723694,0.6629699999089105
625,18443,True,0.9562775492668152,0.8223614832243233
625,2818,False,0.9322003126144408,0.0
626,16608,False,0.8971734642982483,0.6252778103087325
626,14707,False,0.9230543971061708,0.6295412064573488
626,6750,False,0.80083829164505,0.0
627,20715,False,0.835059404373169,0.0
627,10489,False,0.8832198977470398,0.5811829825576807
627,4739,False,0.8093054890632629,0.4952274784001943
628,16360,False,0.7535713315010071,0.0
628,7379,False,0.0,0.0
628,1040,False,0.6443342566490173,0.0
629,15099,False,0.8157222270965576,0.0
629,2739,False,0.8514000177383423,0.4126289667062931
629,2738,False,0.828635573387146,0.0
630,12819,False,0.8783942461013794,0.0
630,12817,True,0.8860635757446289,0.4856354978115725
630,6771,False,0.8576050996780396,0.4817730411281797
631,21424,False,0.7909749150276184,0.0
631,10447,False,0.6317723393440247,0.0
631,4378,False,0.775431215763092,0.0
632,13149,True,0.8667694926261902,0.5440619462529467
632,7127,False,0.8211812376976013,0.4523278504154936
632,3169,False,0.8348267078399658,0.0
633,18610,False,0.5518858432769775,0.2718837195356705
633,18609,False,0.6300554275512695,0.3385728561881008
633,14609,False,0.0,0.0
634,19840,False,0.864791989326477,0.0
634,6853,False,0.7055869698524475,0.0
634,4829,False,0.8838492035865784,0.4439280032528608
635,7145,True,0.8724378347396851,0.5001000300100035
635,5793,False,0.8427571058273315,0.0
635,1854,False,0.8332746624946594,0.4766818675855335
636,9151,True,0.9453731775283812,0.6636490846274722
636,8689,False,0.871081531047821,0.0
636,7158,False,0.9272504448890686,0.5970632540155099
637,15920,False,0.910915732383728,0.4146701433990969
637,15919,False,0.9017173051834106,0.0
637,3955,False,0.915344774723053,0.5151944359301378
638,20333,False,0.8192793130874634,0.0
638,19221,False,0.8315707445144653,0.4318917622127915
638,4329,False,0.802826464176178,0.4279111080479295
639,12389,False,0.9135059714317322,0.6215968896923448
639,10128,False,0.9243426322937012,0.0
639,7371,False,0.9135606288909912,0.6125219954576278
640,18863,False,0.8271872997283936,0.548634133198549
640,17577,False,0.7691394090652466,0.0
640,6286,False,0.8556525111198425,0.5892556509887896
641,15844,False,0.8738514184951782,0.0
641,15119,False,0.882473349571228,0.0
641,9161,False,0.8621619343757629,0.3864058020039577
642,22021,False,0.6913883686065674,0.2628263466258159
642,18899,False,0.0,0.240624509143212
642,5279,False,0.0,0.0
643,9502,False,0.6928918361663818,0.3734471982989769
643,7480,False,0.6514003276824951,0.0
643,270,False,0.7020010948181152,0.3971222647875137
644,12588,False,0.8022826910018921,0.3747884634273634
644,12347,False,0.857458233833313,0.0
644,9987,False,0.9135479927062988,0.3813369294353578
645,18666,False,0.7473684549331665,0.0
645,6985,False,0.727294921875,0.3981896402778443
645,6760,False,0.7859159708023071,0.4286913485995239
646,12879,False,0.0,0.0
646,4822,False,0.7556376457214355,0.3591653491741194
646,1877,False,0.7402840852737427,0.3948568419964074
647,6401,False,0.6500567197799683,0.3268029480822667
647,10405,False,0.6162234544754028,0.0
647,10404,False,0.6412020921707153,0.3236453576250939
648,14723,False,0.8768637776374817,0.0
648,8812,False,0.8784506320953369,0.49029033784546
648,4759,False,0.8754231333732605,0.47253691838893
649,20785,False,0.7425264716148376,0.0
649,16913,False,0.6236854791641235,0.387940088722229
649,1427,True,0.8047080039978027,0.3396831102433787
650,8725,False,0.0,0.0
650,6691,False,0.0,0.2487480738698247
650,6690,False,0.0,0.0
651,18444,False,0.0,0.3125508750512121
651,820,False,0.0,0.0
651,304,False,0.0,0.3068781096366669
652,7445,True,0.8619524240493774,0.4803704965477047
652,6708,True,0.9626399278640748,0.6679118165523541
652,4094,False,0.0,0.0
653,16333,False,0.0,0.0
653,820,False,0.0,0.0
653,304,False,0.0,0.3299831645537222
654,14489,True,0.8803237676620483,0.6250476973943327
654,12592,False,0.8932636976242065,0.0
654,4497,False,0.8277237415313721,0.4767312946227962
655,14266,False,0.8701346516609192,0.553408838936192
655,12312,False,0.6982986927032471,0.0
655,5293,False,0.6941283345222473,0.2299272523068622
656,10559,False,0.8882911205291748,0.4553388659489621
656,10558,True,0.8380416035652161,0.4798081151232537
656,2997,False,0.0,0.0
657,19655,True,0.663818359375,0.0
657,8422,False,0.7155265808105469,0.0
657,5380,False,0.7740582227706909,0.3491187521945837
658,21942,True,0.9282259941101074,0.7154547587901781
658,12878,False,0.7945904731750488,0.4630673952510801
658,10831,False,0.8739904165267944,0.0
659,19083,False,0.4563653171062469,0.2222675829539096
659,15620,False,0.6187171936035156,0.2395768019909926
659,11303,False,0.5093119144439697,0.0
660,19485,False,0.790340781211853,0.4710412031873157
660,12386,False,0.7794647812843323,0.0
660,4867,False,0.751985490322113,0.4800078369266191
661,21639,False,0.8726481199264526,0.4761904761904761
661,8607,False,0.8860557079315186,0.0
661,7976,False,0.9120519161224364,0.5014858873767987
662,20260,False,0.7478655576705933,0.0
662,17258,True,0.8890409469604492,0.585858936978131
662,17223,False,0.8964304327964783,0.6159131805828746
663,11137,False,0.664546549320221,0.0
663,9145,False,0.8423115015029907,0.2897249421710204
663,7135,True,0.9794250726699828,0.6807122445670326
664,16177,False,0.7231056094169617,0.0
664,11618,False,0.6827229261398315,0.4542199791661351
664,5378,False,0.8007141351699829,0.3485075176786614
665,14691,False,0.8068982362747192,0.0
665,12785,False,0.8543935418128967,0.0
665,2821,True,0.8485844731330872,0.4813299149207702
666,14433,False,0.8400736451148987,0.0
666,12514,True,0.8160640597343445,0.397705839334203
666,2526,False,0.7851399183273315,0.3798941964539282
667,7079,True,0.8986779451370239,0.533001790889026
667,6298,False,0.8973383903503418,0.0
667,3198,False,0.7489326000213623,0.4348924155941491
668,13662,False,0.0,0.288135593220339
668,6397,False,0.0,0.0
668,4151,False,0.0,0.2858357515567071
669,12490,True,0.8046637773513794,0.5584116074618332
669,8507,False,0.7616957426071167,0.0
669,4415,False,0.7653838396072388,0.3845829718408043
670,15515,False,0.8171126842498779,0.0
670,10527,False,0.8492369055747986,0.4973358977281674
670,8591,False,0.8302280902862549,0.4490731195102493
671,18863,False,0.8398456573486328,0.0
671,16444,False,0.8599849939346313,0.5809475019311126
671,6286,False,0.839531660079956,0.5846339666834284
672,14820,False,0.9542130827903748,0.5971997265356723
672,4855,False,0.9668548703193665,0.646966370413645
672,951,False,0.9050394296646118,0.0
673,19234,False,0.7570251226425171,0.0
673,15182,False,0.8648741841316223,0.4247467423094011
673,6425,False,0.7690036296844482,0.0
674,12277,False,0.0,0.0
674,8185,False,0.0,0.0
674,408,False,0.0,0.1906412495277592
675,18212,False,0.5615955591201782,0.1619552660357832
675,17536,False,0.0,0.1628625855497983
675,4663,False,0.5532666444778442,0.0
676,20217,False,0.0,0.0
676,18581,False,0.6478849053382874,0.0
676,17635,False,0.6755677461624146,0.3274230937990495
676,16455,False,0.615913987159729,0.0
677,17839,False,0.8665758967399597,0.4177549889220125
677,5837,False,0.6982766389846802,0.0
677,990,False,0.6932159662246704,0.3478041718201262
678,20733,False,0.8581711053848267,0.0
678,8962,False,0.838620662689209,0.4450031350772678
678,2999,False,0.815889835357666,0.4298876132910694
679,13325,False,0.7350065112113953,0.4166666666666667
679,5955,False,0.7122542262077332,0.0
679,5339,False,0.6849921941757202,0.0
680,19224,False,0.5734795928001404,0.0
680,843,True,0.7668531537055969,0.5367040237447831
680,123,False,0.6071094274520874,0.3570662555753967
681,21112,False,0.7357293367385864,0.0
681,20251,True,0.9838588237762452,0.7333630764492249
681,4619,False,0.9289530515670776,0.5863373752619084
682,19135,False,0.0,0.0
682,19134,False,0.0,0.0
682,18848,False,0.0,0.0
682,1822,False,0.0,0.0
683,10207,False,0.8334870338439941,0.5411809495441866
683,1855,False,0.7724527716636658,0.0
683,1850,False,0.8038339018821716,0.5159582652245946
684,17573,False,0.94840407371521,0.7842940966870439
684,17572,False,0.941663146018982,0.6765050185908242
684,17143,False,0.7884489297866821,0.0
685,10108,False,0.826111912727356,0.4381747327861655
685,7458,False,0.864248514175415,0.3707679256793988
685,3403,False,0.7979637384414673,0.0
686,18994,False,0.7041497826576233,0.317757028381549
686,18811,False,0.7795171737670898,0.3164700552358971
686,14146,False,0.7106938362121582,0.0
687,20212,True,0.8944849371910095,0.4842451120301196
687,5427,False,0.9183996319770812,0.519725834001674
687,5421,False,0.8843600749969482,0.0
688,8839,False,0.8462483286857605,0.4979959839195493
688,4783,True,0.903850793838501,0.5241935483870968
688,2872,False,0.8089841604232788,0.0
689,19334,False,0.0,0.0
689,6691,False,0.0,0.0
689,6690,False,0.0,0.246547843898237
690,12896,True,0.8440574407577515,0.5138888888888888
690,10843,False,0.6926184892654419,0.0
690,932,False,0.0,0.365753584987908
691,17947,False,0.8272042274475098,0.4474321215796982
691,17289,False,0.8415217399597168,0.381611983076666
691,4426,False,0.8403367400169373,0.0
692,18704,True,0.7776484489440918,0.533113989983183
692,10885,False,0.7118992209434509,0.5067117097095317
692,10826,False,0.0,0.0
693,6629,True,0.8151248693466187,0.5423261445466404
693,2611,True,0.800093948841095,0.4775451384723702
693,104,True,0.780704915523529,0.0
694,20006,True,0.9048315286636353,0.4792567697930596
694,3224,False,0.7872682213783264,0.0
694,2043,False,0.8622785806655884,0.3578300267477955
695,14463,False,0.6172919869422913,0.0
695,12569,True,0.9755855202674866,0.7441309785793594
695,9472,False,0.7306888103485107,0.3961810356120981
696,18044,False,0.7302239537239075,0.3859383328149814
696,16745,False,0.7575179934501648,0.0
696,11691,False,0.7391834259033203,0.4057368785585242
697,17897,False,0.8235002756118774,0.0
697,17562,False,0.762053370475769,0.4093119004916153
697,7737,False,0.8004540205001831,0.4206838395223574
698,18248,False,0.8886867761611938,0.5282124940008192
698,17621,False,0.8879494667053223,0.5282124940008192
698,17286,False,0.9093976020812988,0.5309852820497925
699,14265,False,0.9264963269233704,0.0
699,4283,True,0.9250037670135498,0.6674810406660153
699,3856,True,0.8759058117866516,0.7245334605627619
700,21811,False,0.9341397881507874,0.6194889035730705
700,2818,False,0.8934820890426636,0.0
700,286,False,0.9342899918556212,0.6504205370373848
701,18601,False,0.7303138375282288,0.0
701,14644,False,0.8538639545440674,0.5782110586053726
701,2754,False,0.8656042218208313,0.5815630348519937
702,21933,False,0.88251793384552,0.7001958766709934
702,14949,False,0.8640004396438599,0.6966142885969229
702,11013,False,0.8868926763534546,0.0
703,18759,False,0.857062578201294,0.0
703,17210,False,0.8512284159660339,0.3666793988112845
703,3907,False,0.8549859523773193,0.3789619141192702
704,18804,False,0.0,0.0
704,18206,True,0.835567831993103,0.578954416201552
704,5774,False,0.0,0.2389124373726212
705,16537,False,0.737680196762085,0.4850797373873086
705,16536,False,0.7828241586685181,0.5289361190836662
705,14798,False,0.9025912284851074,0.0
706,14765,False,0.8894364237785339,0.3989023128068564
706,10806,False,0.8787422180175781,0.4396828709626473
706,8850,False,0.7966755032539368,0.0
707,11829,False,0.7188873887062073,0.3063358324269934
707,11613,False,0.0,0.0
707,2576,False,0.0,0.0
708,13094,False,0.8559087514877319,0.0
708,3128,False,0.890387773513794,0.6540275845911283
708,1101,False,0.8642857074737549,0.6536634440990086
709,20455,False,0.8315794467926025,0.5571144336621283
709,1395,False,0.845099687576294,0.0
709,1096,False,0.9063236713409424,0.6929023281557338
710,10867,False,0.8051732182502747,0.0
710,2945,False,0.8066570162773132,0.468743025916876
710,951,False,0.7847652435302734,0.4333583102973805
711,7671,True,0.6877890825271606,0.0
711,5659,False,0.7579444646835327,0.0
711,1150,False,0.7448381781578064,0.0
712,5427,False,0.0,0.0
712,5421,False,0.0,0.0
712,171,False,0.0,0.3164748511692768
713,18892,True,0.7362319231033325,0.4101261971823579
713,17551,False,0.782920777797699,0.2333441066248104
713,12277,False,0.0,0.0
714,20770,False,0.8068665266036987,0.0
714,16478,True,0.8770604133605957,0.5372459788199831
714,15428,False,0.5936552882194519,0.3459914408722933
715,11900,False,0.7714743614196777,0.4154631552343684
715,7850,False,0.8414201736450195,0.4074442556303116
715,995,False,0.6699283123016357,0.0
716,5898,False,0.6627177596092224,0.4712106468281574
716,4295,False,0.834024965763092,0.0
716,414,False,0.8076237440109253,0.0
717,20296,False,0.0,0.2474507709787363
717,20106,True,0.9463457465171814,0.7891261786217484
717,9132,False,0.0,0.0
718,14599,False,0.7289541959762573,0.0
718,10643,False,0.7363351583480835,0.0
718,8678,False,0.0,0.0
719,10404,False,0.7402091026306152,0.4959348919001854
719,9056,False,0.8888733983039856,0.0
719,6401,False,0.7265609502792358,0.5007733956671916
720,19371,False,0.9321271181106568,0.0
720,13398,True,0.9785696864128112,0.7573794026371805
720,1451,False,0.9406379461288452,0.6493506493506493
721,10189,False,0.8052401542663574,0.4049296559093742
721,5706,False,0.6642115116119385,0.0
721,4164,False,0.6565696001052856,0.0
722,12995,True,0.9876925349235536,0.7465517058725969
722,6459,False,0.8669471740722656,0.0
722,3097,False,0.9245729446411132,0.5746957711326909
723,9675,False,0.8956446647644043,0.4952536348081634
723,1689,False,0.8608141541481018,0.4947642536265799
723,1687,False,0.8094205856323242,0.0
724,21748,False,0.5235285758972168,0.0
724,12452,False,0.6565613150596619,0.2989282658232709
724,10369,False,0.7488843202590942,0.325
725,16800,True,0.8894801139831543,0.6678508422893389
725,16279,False,0.8383846282958984,0.0
725,16277,True,0.8645803928375244,0.6148650841688426
726,19703,False,0.7725608348846436,0.0
726,10508,False,0.8485010266304016,0.4387573507310308
726,4460,False,0.7566409111022949,0.0
727,6691,False,0.6917678117752075,0.2109591970536952
727,6690,False,0.0,0.0
727,19334,False,0.7297586798667908,0.2516299559794226
728,11631,False,0.81676185131073,0.398133561698372
728,10175,False,0.7657266855239868,0.0
728,10173,False,0.762138843536377,0.4724615982874433
729,17886,False,0.0,0.0
729,16962,False,0.0,0.2874024973854982
729,12521,False,0.0,0.0
730,18165,False,0.0,0.0
730,16333,False,0.0,0.0
730,820,False,0.0,0.0
731,12222,False,0.0,0.2467845252200708
731,7686,False,0.0,0.0
731,5666,False,0.0,0.0
732,17567,False,0.8141192197799683,0.0
732,16393,False,0.8653619885444641,0.4216370213557839
732,7755,False,0.8831489086151123,0.4785366129910017
733,7674,False,0.0,0.2441870782669439
733,7653,False,0.0,0.0
733,1133,False,0.0,0.0
734,5991,True,0.8039554357528687,0.5179451230911267
734,2035,False,0.8088287115097046,0.3669159702064583
734,1904,False,0.6682937145233154,0.0
735,19485,False,0.7908951640129089,0.4560742992960059
735,12386,False,0.7823337316513062,0.0
735,4867,False,0.7487913370132446,0.4746444525345672
736,17761,False,0.7354859113693237,0.4116848704300548
736,16922,False,0.7310276031494141,0.4115256509884964
736,16258,False,0.7195007801055908,0.0
737,21423,False,0.8196645975112915,0.4222967695031456
737,6759,False,0.8711501955986023,0.5209269169566793
737,4752,True,0.8394954204559326,0.0
738,18411,False,0.7239356637001038,0.0
738,18301,False,0.6937702298164368,0.0
738,18197,True,0.8797924518585205,0.7100837803370506
739,18034,False,0.4856093227863312,0.0
739,16500,False,0.480107843875885,0.0
739,11687,True,0.7393927574157715,0.341368214783562
740,18012,False,0.7836599946022034,0.0
740,17812,False,0.8622959852218628,0.5993505457967399
740,17808,False,0.9238400459289552,0.6958809306822273
740,16777,False,0.78753662109375,0.0
741,21618,False,0.8105643391609192,0.4720008581841587
741,11537,False,0.8534542322158813,0.5088296785949442
741,5512,False,0.819115400314331,0.0
742,8235,True,0.9793161153793336,0.6194708795036008
742,4711,False,0.8993352651596069,0.5128626630291749
742,4209,False,0.866456151008606,0.0
743,21243,False,0.7796722650527954,0.3357211936288458
743,16512,False,0.7996257543563843,0.0
743,4620,False,0.5577502846717834,0.0
744,18269,False,0.8692735433578491,0.0
744,16162,False,0.8436052799224854,0.493377191032965
744,15530,False,0.7584159970283508,0.486863023565325
745,11811,False,0.9325578212738036,0.0
745,11810,True,0.9361205101013184,0.5999335290531389
745,7077,False,0.9016872644424438,0.5812178109586541
746,17567,False,0.6511679887771606,0.2964350757802185
746,16180,False,0.7574189901351929,0.0
746,13225,False,0.7503259181976318,0.3092895668566356
747,21540,False,0.4505017101764679,0.3215197180549401
747,19327,False,0.0,0.0
747,13170,False,0.8115032911300659,0.4597071433101443
748,20503,False,0.7940423488616943,0.0
748,5315,False,0.8277816772460938,0.3255813953488372
748,3361,False,0.8338738679885864,0.3200470307743838
749,19296,False,0.0,0.0
749,15430,True,0.8496540784835815,0.3625677854705694
749,9276,False,0.5779746770858765,0.2796840811798891
750,21509,False,0.6798937320709229,0.0
750,10530,True,0.8957022428512573,0.4934575129205193
750,5197,False,0.6877064108848572,0.2271232720341467
751,18994,False,0.7303250432014465,0.0
751,14146,False,0.7124789357185364,0.3631859988593198
751,3527,False,0.9100260734558104,0.3875248580117247
752,7480,False,0.0,0.0
752,7075,False,0.8768162727355957,0.5586300301170025
752,390,False,0.6083295345306396,0.3436284092703353
753,21594,False,0.7515189051628113,0.5125564001267039
753,2146,False,0.7073744535446167,0.0
753,1595,False,0.7138252854347229,0.0
754,13478,False,0.8146528005599976,0.3105136595745332
754,11496,False,0.8277087211608887,0.3131121455425747
754,5474,False,0.819016695022583,0.0
755,17464,False,0.8017274141311646,0.4169326524369202
755,15790,False,0.7400678396224976,0.0
755,11851,False,0.797360360622406,0.4025430793767732
756,12557,False,0.6010592579841614,0.3033785416830803
756,11936,False,0.6905626058578491,0.3406744776120109
756,594,False,0.0,0.0
757,6330,False,0.7777238488197327,0.0
757,2409,False,0.7600870728492737,0.5601982511186201
757,2407,False,0.7973153591156006,0.5567782768753896
758,16149,False,0.6709023714065552,0.3377418355855973
758,6168,False,0.6737627983093262,0.3097213989531407
758,4192,False,0.6202189922332764,0.0
759,8381,True,0.8606467247009277,0.5095852161133149
759,4311,False,0.868382453918457,0.4912754510304754
759,2384,False,0.8587750196456909,0.0
760,5419,False,0.7964641451835632,0.4333333333333333
760,3466,False,0.8391668200492859,0.0
760,1477,False,0.8163110017776489,0.4088460188812741
761,21777,False,0.8073567748069763,0.4239991520025439
761,19402,False,0.6609626412391663,0.3771236166328253
761,11704,False,0.648669421672821,0.3771236166328253
762,19334,False,0.6974850296974182,0.2584922421118907
762,9288,False,0.7302880883216858,0.2682611004059375
762,768,False,0.744914174079895,0.0
763,9712,False,0.0,0.2550306852253353
763,6691,False,0.0,0.2539033443234463
763,6690,False,0.0,0.0
764,14784,False,0.730933427810669,0.0
764,2896,False,0.6247252225875854,0.0
764,905,False,0.6091967821121216,0.409795153621987
765,15415,True,0.9542806148529052,0.7274809370941899
765,7441,False,0.8920235633850098,0.0
765,5410,False,0.849088191986084,0.5945284284940306
766,16149,False,0.738492488861084,0.0
766,4192,False,0.6428874135017395,0.353129792027104
766,2781,False,0.7250312566757202,0.3522082237986393
767,21413,False,0.7049440145492554,0.331831824197984
767,20284,False,0.886547327041626,0.3846582333991294
767,10286,False,0.8154102563858032,0.0
768,10397,False,0.851600706577301,0.389495263493265
768,6360,False,0.8481653332710266,0.4146469423807486
768,4093,False,0.7023261189460754,0.0
769,12403,False,0.8769092559814453,0.0
769,10398,False,0.8855571746826172,0.5998217203942222
769,6362,True,0.901197910308838,0.6101634741941225
770,20524,False,0.9060800075531006,0.5651506241443128
770,11223,True,0.8583649396896362,0.500417014250971
770,1111,False,0.8833997249603271,0.0
771,15481,False,0.8267406821250916,0.0
771,9555,False,0.8006959557533264,0.5833220810869016
771,5517,True,0.8740233778953552,0.6853668747072307
772,20989,False,0.7491932511329651,0.0
772,19557,False,0.7556206583976746,0.2465334205445463
772,18440,False,0.8599446415901184,0.3474611580999682
773,21288,False,0.7150803208351135,0.2734894370620772
773,15599,False,0.0,0.0
773,4320,False,0.699390709400177,0.2930471350766347
774,14884,False,0.8039978742599487,0.0
774,14883,False,0.7949039936065674,0.3584885719585767
774,6952,False,0.8242554664611816,0.3584885719585767
775,8422,False,0.72271329164505,0.0
775,6351,False,0.7809686660766602,0.3493304252877868
775,5380,False,0.756238579750061,0.4131865245339414
776,16196,False,0.8725883960723877,0.4900980294098034
776,13713,False,0.8138684034347534,0.0
776,6506,False,0.815307080745697,0.5229763603684907
777,13261,False,0.6115221977233887,0.2694992536859434
777,2035,False,0.685848593711853,0.2429328990536748
777,1904,False,0.0,0.0
778,20035,False,0.6810697913169861,0.2417490634543905
778,16388,False,0.6015165448188782,0.2373563316387706
778,11980,False,0.7154144048690796,0.0
779,12574,False,0.6343439817428589,0.2545139051903111
779,7868,False,0.0,0.2557041559783794
779,2462,False,0.5937017202377319,0.0
780,15077,False,0.6702272891998291,0.0
780,14278,True,0.7900164127349854,0.4250522307988794
780,1159,False,0.6474486589431763,0.4045352319564774
781,17483,True,0.8327394127845764,0.6985482141050073
781,16861,False,0.8500785231590271,0.5427975276382807
781,289,False,0.7391074299812317,0.0
782,21987,False,0.7483435869216919,0.3019938765746748
782,17588,False,0.7168346643447876,0.0
782,5390,False,0.8074127435684204,0.4003905832289156
783,21374,False,0.5902385711669922,0.2750214868930281
783,13698,False,0.7443020939826965,0.3209649521160448
783,3966,False,0.5386067628860474,0.0
784,21196,True,0.9030118584632874,0.6804138174397717
784,12733,False,0.9736737608909608,0.6583977933749381
784,12212,False,0.6694068908691406,0.0
785,14802,False,0.5503087639808655,0.3043135017002584
785,11364,False,0.0,0.0
785,10845,True,0.7601786255836487,0.3876012664892073
786,14691,False,0.8255646228790283,0.0
786,12785,True,0.8640588521957397,0.4878660447296949
786,9288,False,0.8722561597824097,0.5055152782453616
787,21933,False,0.9140979647636414,0.7361791401354402
787,14949,False,0.880190372467041,0.6933514402678728
787,11013,False,0.9103686809539796,0.0
788,18156,False,0.8997128009796143,0.0
788,14901,True,0.8413612842559814,0.6715191366878169
788,10944,False,0.7386784553527832,0.5030030300035688
789,9815,False,0.8683584928512573,0.0
789,9018,False,0.9079413414001464,0.0
789,4979,False,0.8522453904151917,0.3457265867635662
790,19691,False,0.780815601348877,0.4134160248082695
790,13777,False,0.8571344614028931,0.0
790,1904,False,0.6036518812179565,0.4313370566447215
791,16614,False,0.0,0.222415374994213
791,14352,False,0.0,0.0
791,7895,False,0.0,0.0
792,14765,False,0.8887985348701477,0.4113063728303113
792,10806,False,0.8872994780540466,0.4533550221325162
792,8850,False,0.8202059864997864,0.0
793,12464,False,0.8523765802383423,0.0
793,10077,False,0.9265323877334596,0.5503648648673277
793,6032,False,0.8887181282043457,0.5526315789473685
794,21380,False,0.9234578609466552,0.7220397935118494
794,15688,False,0.9340394139289856,0.0
794,15687,False,0.9127047657966614,0.7220397935118494
795,21497,False,0.6043200492858887,0.0
795,17056,False,0.8159568309783936,0.3548682087811992
795,3969,False,0.7252189517021179,0.3671709346537791
796,20625,False,0.895347535610199,0.5315670891962314
796,12388,False,0.6675995588302612,0.0
796,10384,False,0.0,0.0
796,2415,False,0.6760082244873047,0.3312945782245396
797,13808,False,0.6469845175743103,0.4000058438095797
797,12342,False,0.6941006183624268,0.0
797,6508,True,0.663351833820343,0.4086128521889546
798,6373,True,0.8688767552375793,0.3656125345764392
798,4237,False,0.7940841913223267,0.3318677401643011
798,357,False,0.7885241508483887,0.3318677401643011
799,18833,False,0.7607197761535645,0.3647134967430849
799,14010,False,0.6354888677597046,0.0
799,1436,False,0.8288425207138062,0.3777558611883331
800,12465,False,0.7768304347991943,0.3663375065235981
800,12960,False,0.7313506603240967,0.3596903833565427
800,12959,False,0.7549476623535156,0.0
801,13029,True,0.8736257553100586,0.4165539634249559
801,8931,True,0.8390600681304932,0.3997129746406082
801,1053,False,0.8727484941482544,0.0
802,21560,False,0.8061184883117676,0.0
802,20115,False,0.8622088432312012,0.4054207334455702
802,10680,False,0.7812577486038208,0.3121167869291248
803,14077,False,0.0,0.0
803,5559,False,0.0,0.0
803,4121,True,0.8661223649978638,0.4520741506704083
804,8290,False,0.6887761354446411,0.0
804,6241,False,0.738506555557251,0.4569268041941206
804,369,False,0.0,0.0
805,14294,True,0.8478204011917114,0.4953949656677687
805,8378,False,0.8635066151618958,0.0
805,8377,False,0.8258194923400879,0.51407826541248
806,21393,False,0.0,0.2439346884545225
806,15090,False,0.0,0.0
806,5375,False,0.7117317914962769,0.2414022747926338
807,14673,False,0.8680432438850403,0.0
807,10731,False,0.8244684934616089,0.4026786427647885
807,1054,False,0.9020075798034668,0.3777055045149596
808,14557,False,0.7975364327430725,0.0
808,14556,False,0.744097113609314,0.0
808,12633,False,0.8055446147918701,0.2670791443558354
808,665,False,0.630135178565979,0.0
809,10290,False,0.8131943941116333,0.3333587388692365
809,8305,False,0.8344118595123291,0.3383764840919798
809,3960,False,0.8355399370193481,0.0
810,11428,False,0.8603113889694214,0.0
810,1480,True,0.9172818064689636,0.5833649837678719
810,1476,False,0.947944164276123,0.5859781732421255
811,19486,False,0.7473788261413574,0.4032525419791084
811,18927,False,0.7956387996673584,0.0
811,453,False,0.7288551926612854,0.0
812,12030,False,0.9246814250946044,0.3710403716056015
812,5995,False,0.8946954011917114,0.0
812,4005,False,0.917054295539856,0.3810684897571042
813,19334,False,0.6969569325447083,0.2646476815307479
813,16333,False,0.0,0.2183978934755708
813,9064,False,0.0,0.0
814,17184,False,0.8786001801490784,0.0
814,16320,False,0.8646331429481506,0.6528585044281217
814,16316,False,0.9407301545143129,0.7016572367075566
815,17886,False,0.0,0.3076963536933163
815,16962,False,0.0,0.3158594780020033
815,14444,False,0.0,0.0
816,22045,False,0.8149909377098083,0.4651651993213319
816,12327,False,0.8113523721694946,0.0
816,11998,False,0.82952481508255,0.499378164456921
817,21288,False,0.7405853271484375,0.0
817,18440,False,0.8058984875679016,0.2468478035362892
817,4320,False,0.6610437631607056,0.0
818,14845,False,0.8380107879638672,0.5564556201017806
818,2982,False,0.9095690846443176,0.0
818,979,True,0.8791055083274841,0.629940788348712
819,10176,False,0.8541811108589172,0.3760507165451774
819,10133,False,0.7155833840370178,0.0
819,7729,False,0.6759114265441895,0.3783824865062525
820,7803,False,0.8024719953536987,0.4661472225410195
820,7079,False,0.9147616624832152,0.0
820,6298,False,0.923670768737793,0.5557688979231876
821,20068,False,0.8706166744232178,0.3907986314429578
821,10528,False,0.856448233127594,0.3990460870863036
821,2571,False,0.8608863949775696,0.0
822,21566,False,0.9286884069442748,0.0
822,18443,False,0.9469844102859496,0.6363961030678927
822,2818,False,0.934945583343506,0.0
823,18601,False,0.7992714643478394,0.5137290392543484
823,10489,False,0.8515307903289795,0.567242480843343
823,8788,False,0.7810282707214355,0.0
824,6477,False,0.7617822885513306,0.420692605493801
824,6476,False,0.799457311630249,0.3811444900825704
824,4432,False,0.7883681058883667,0.0
825,9789,False,0.0,0.0
825,8805,False,0.5698837041854858,0.0
825,5880,False,0.0,0.2209899999696368
826,9254,False,0.0,0.0
826,5079,False,0.0,0.0
826,4954,False,0.0,0.0
827,5798,False,0.0,0.2302217852275816
827,5070,False,0.7162599563598633,0.0
827,4123,False,0.7732391953468323,0.3227369393286633
828,10887,True,0.9529221653938292,0.6443098130054633
828,4885,False,0.9446876049041748,0.0
828,2976,False,0.9725415110588074,0.4768316485434158
829,13530,True,0.6429068446159363,0.5266851623825876
829,8897,False,0.7360687255859375,0.3578121081543126
829,938,False,0.5536692142486572,0.0
830,21361,False,0.6419918537139893,0.0
830,17243,False,0.6608205437660217,0.2106970364467301
830,16503,False,0.6731778383255005,0.2382367661733947
831,5439,False,0.6047673225402832,0.0
831,960,False,0.6183832883834839,0.0
831,657,False,0.0,0.0
832,19556,True,0.7931275367736816,0.4371914496377572
832,14586,False,0.8139392733573914,0.0
832,4597,True,0.8405585289001465,0.4056535400074156
833,22021,False,0.8415853381156921,0.2547822383224974
833,21629,False,0.0,0.0
833,18899,True,0.6679509878158569,0.2954625578484582
834,9822,False,0.6376315355300903,0.0
834,1956,False,0.0,0.0
834,536,False,0.580822229385376,0.0
835,8304,False,0.623441219329834,0.0
835,3609,False,0.5851946473121643,0.0
835,43,False,0.7469195127487183,0.3609430678359532
836,21563,False,0.9123445749282836,0.5282342003228814
836,8739,True,0.9609864354133606,0.7059586934327144
836,8737,False,0.7973529696464539,0.0
837,21406,False,0.6990170478820801,0.0
837,17840,False,0.7687125205993652,0.0
837,16610,False,0.801639199256897,0.4113937909820483
838,8687,False,0.6998074054718018,0.0
838,6639,False,0.7651485800743103,0.4407785320154717
838,715,True,0.7675237655639648,0.5448357652831955
839,5012,False,0.7650151252746582,0.1297316250193231
839,8931,False,0.8983014822006226,0.1917268624826718
839,3103,False,0.7159284353256226,0.0
840,21862,False,0.7738759517669678,0.0
840,21161,False,0.8162178993225098,0.3604809621383231
840,16063,False,0.8245823383331299,0.3534227110875739
841,9519,False,0.7034947276115417,0.0
841,7503,True,0.8371765613555908,0.4169284118285344
841,2134,False,0.6576045155525208,0.0
842,19334,False,0.7144240736961365,0.2584922421118907
842,18444,False,0.0,0.211823350221855
842,9064,False,0.0,0.0
843,10385,False,0.6829728484153748,0.0
843,9425,False,0.6870301365852356,0.3235644011566608
843,2048,False,0.6880905032157898,0.3018233067352699
844,12222,False,0.0,0.230276497795691
844,7686,False,0.0,0.0
844,5666,False,0.0,0.0
844,3691,False,0.0,0.0
845,9497,False,0.7108802795410156,0.3161728796559252
845,6634,False,0.6235400438308716,0.3130886553782037
845,5529,False,0.8293606042861938,0.0
846,10397,False,0.8451938033103943,0.0
846,6360,False,0.8475522994995117,0.3813850356982369
846,4093,False,0.6952115297317505,0.3601801351125985
847,20989,False,0.6193497776985168,0.0
847,18014,False,0.0,0.2199948119749044
847,4765,False,0.0,0.20603166042406
848,19704,False,0.0,0.0
848,3153,True,0.8437221050262451,0.6257150791449414
848,602,True,0.9254544973373412,0.6455839789176351
849,17657,False,0.7271939516067505,0.3140323593225522
849,17122,False,0.5886978507041931,0.2719208523372475
849,3918,False,0.7180453538894653,0.0
850,18517,False,0.0,0.2875
850,8443,True,0.8346573114395142,0.0
850,484,False,0.8770931959152222,0.3354101966249684
851,18129,False,0.8559154272079468,0.4617245937864825
851,14245,False,0.8122144341468811,0.0
851,12312,False,0.8830918073654175,0.5570185365216189
852,21811,False,0.9762399792671204,0.0
852,14680,False,0.9766830205917358,0.6907583577804451
852,12781,False,0.9705361127853394,0.6773340106676827
853,7686,False,0.8106627464294434,0.0
853,2825,False,0.8242177367210388,0.0
853,768,False,0.8167892694473267,0.5747126436781609
854,14358,False,0.6590089797973633,0.0
854,8929,False,0.6938610672950745,0.2561722056027019
854,8445,False,0.6529674530029297,0.3118107804956211
855,12122,False,0.8220655918121338,0.3687668789208312
855,11142,False,0.7990496754646301,0.0
855,7163,False,0.8996216058731079,0.5270035991549462
856,17184,False,0.9313604831695556,0.7119457954885536
856,16320,False,0.9616504907608032,0.7312000173321488
856,16318,False,0.9334331750869752,0.0
857,15327,False,0.8391302227973938,0.5052112275591939
857,7347,True,0.8940459489822388,0.5298556776840326
857,1368,False,0.7646869421005249,0.0
858,12660,False,0.7366398572921753,0.0
858,12655,False,0.8427383899688721,0.3793103448275862
858,2681,False,0.7357810735702515,0.0
859,20427,False,0.0,0.0
859,18155,False,0.0,0.2148086454164219
859,16601,False,0.0,0.211925177130407
860,15641,False,0.7252233028411865,0.0
860,5673,False,0.7312923669815063,0.3255543665804681
860,2258,False,0.6383414268493652,0.0
861,21405,False,0.6596718430519104,0.0
861,15854,False,0.661803126335144,0.4425279006106786
861,11942,True,0.7276365756988525,0.3785387867235779
862,21118,False,0.8492273092269897,0.0
862,5782,True,0.8111156225204468,0.4101462471875283
862,1845,False,0.7776914238929749,0.3670126371966896
863,12098,False,0.7264618277549744,0.0
863,6464,False,0.8190243244171143,0.0
863,6340,False,0.7362089157104492,0.3167782064090728
864,11894,True,0.8544522523880005,0.457627661885814
864,7113,False,0.8343900442123413,0.0
864,5880,False,0.8808423280715942,0.5249007842757842
865,9062,False,0.7291502952575684,0.4548140190915128
865,6134,False,0.6533752679824829,0.0
865,1080,True,0.7711290717124939,0.5376654920241754
866,5865,False,0.6915402412414551,0.0
866,1431,False,0.856426477432251,0.496742636335202
866,497,False,0.7867492437362671,0.4358154023609823
867,12366,False,0.7575132846832275,0.0
867,7997,False,0.0,0.0
867,5339,False,0.7780576944351196,0.3647686020700426
868,11954,False,0.0,0.0
868,6710,False,0.6687089204788208,0.0
868,6709,False,0.7405726909637451,0.2901294265928297
869,10114,False,0.8926265239715576,0.0
869,6068,False,0.8355128765106201,0.4773035459036491
869,2102,False,0.8686087131500244,0.4566982778238126
870,6401,False,0.6005552411079407,0.0
870,20679,False,0.7253290414810181,0.3590947857032706
870,1218,False,0.6299120187759399,0.3175953782268872
871,20288,True,0.8898756504058838,0.5860942701532694
871,15997,False,0.7245407104492188,0.0
871,8015,False,0.7328066825866699,0.4342928048383697
872,21602,False,0.8532756567001343,0.0
872,19909,False,0.6677290201187134,0.0
872,15268,True,0.9434103965759276,0.5445327701173301
873,19452,False,0.7318892478942871,0.3671086215711883
873,9388,False,0.5867156982421875,0.0
873,5577,False,0.5538425445556641,0.0
874,19662,False,0.8260147571563721,0.0
874,18827,False,0.8357288837432861,0.0
874,5644,True,0.9158556461334229,0.5559369874958259
875,13933,False,0.8962811231613159,0.3478327964999673
875,4226,True,0.8187389373779297,0.4332703708837176
875,3948,False,0.86698979139328,0.0
876,21363,False,0.8398706912994385,0.3919635259691904
876,7475,False,0.8352625370025635,0.0
876,7472,False,0.8231632709503174,0.3945227538376113
877,9960,False,0.8255015015602112,0.5321257140117507
877,6443,False,0.7069061398506165,0.4150580569291656
877,538,False,0.7030009627342224,0.0
878,9557,False,0.8761744499206543,0.5587376953345927
878,2471,False,0.7441307306289673,0.0
878,998,False,0.7846947908401489,0.4228640468163073
879,15661,False,0.7664387226104736,0.0
879,3710,False,0.7593725919723511,0.4514784076932588
879,1749,False,0.7840200066566467,0.4686924975427795
880,13969,False,0.7164995074272156,0.3497814548647353
880,5986,True,0.7713755965232849,0.5143444998736397
880,3982,False,0.6806148886680603,0.0
881,14271,False,0.0,0.0
881,11852,False,0.7557812333106995,0.3800584750330459
881,10698,False,0.7511211633682251,0.3599451773255667
882,13082,False,0.7358840703964233,0.294811257539354
882,5043,False,0.7439419627189636,0.0
882,1087,False,0.716828465461731,0.3434749223764619
883,6200,False,0.9305542707443236,0.4240736096643705
883,4947,False,0.8969570994377136,0.0
883,3063,False,0.889922022819519,0.0
884,17167,False,0.8662252426147461,0.5821360654983455
884,16489,False,0.8958941698074341,0.0
884,642,False,0.8655077219009399,0.5694444444444444
885,20623,False,0.7350752949714661,0.0
885,17066,False,0.8478678464889526,0.4918693768379648
885,10037,False,0.7344646453857422,0.4565487099595801
886,21933,False,0.0,0.5045680192947691
886,14949,False,0.0,0.5019870917848053
886,11013,False,0.0,0.0
887,19779,False,0.7801104784011841,0.0
887,17381,True,0.7749858498573303,0.6500325024377032
887,16909,False,0.8515623807907104,0.6743086892153103
888,11440,False,0.7129929661750793,0.0
888,3470,False,0.7668222784996033,0.2692203896705387
888,1477,False,0.6518702507019043,0.0
889,8763,False,0.8071187734603882,0.4571969664946644
889,2790,False,0.7989562749862671,0.0
889,14169,False,0.7293864488601685,0.5345224838248488
890,20491,False,0.5795500874519348,0.3443784128369114
890,19075,False,0.6258662939071655,0.3284076676991934
890,1706,False,0.8186281323432922,0.0
891,3545,False,0.8557382822036743,0.4423362698913301
891,2166,False,0.6448131203651428,0.0
891,1646,False,0.6561210751533508,0.3219447538692733
892,21096,True,0.8721625804901123,0.6298661142172044
892,15630,False,0.6339329481124878,0.0
892,1716,False,0.5633921027183533,0.0
893,11620,True,0.8783018589019775,0.5282124940008192
893,11610,False,0.8605334162712097,0.0
893,7594,False,0.8676576614379883,0.4019008106527972
894,21393,False,0.7422627210617065,0.3684529491774706
894,4105,False,0.6340903043746948,0.2819629507400965
894,2202,False,0.6760400533676147,0.0
895,12463,True,0.927791953086853,0.6602412157539991
895,8480,False,0.8936244249343872,0.0
895,2492,False,0.9353805780410768,0.626714283415298
896,15545,False,0.903584122657776,0.4581842090953423
896,7304,False,0.5554817914962769,0.0
896,5243,False,0.5784145593643188,0.0
896,1632,False,0.900835394859314,0.5186018447335575
897,15447,False,0.7499439716339111,0.0
897,9515,False,0.7920163869857788,0.3931279834096459
897,1520,False,0.821131706237793,0.3931279834096459
898,15335,False,0.9775378704071044,0.6562856067388559
898,11343,False,0.9199267625808716,0.5286228202724469
898,9385,False,0.8322591781616211,0.0
899,15261,False,0.7025630474090576,0.0
899,14710,False,0.6741821765899658,0.0
899,13243,False,0.7566769123077393,0.391304347826087
900,20993,False,0.7745146751403809,0.4204589329360411
900,14887,False,0.9128150939941406,0.4025236843413021
900,8970,False,0.9555532932281494,0.0
901,21814,False,0.6791561245918274,0.0
901,8816,False,0.6400504112243652,0.0
901,6777,False,0.6269349455833435,0.0
902,18997,False,0.6756068468093872,0.0
902,18250,False,0.8166272640228271,0.4680919944165632
902,6661,True,0.8576211929321289,0.3936479108111085
903,16989,False,0.9701066613197328,0.8733909728084096
903,7569,False,0.6166809797286987,0.0
903,1604,False,0.8839184045791626,0.3943469878341847
904,15843,False,0.9176229238510132,0.4564354645876384
904,9945,False,0.9157314300537108,0.0
904,3885,False,0.920401692390442,0.0
905,21575,False,0.729962170124054,0.0
905,20778,False,0.7549333572387695,0.3007036513384962
905,19636,True,0.9706357717514038,0.7319250547113999
906,11429,False,0.7137410640716553,0.0
906,3469,True,0.8589779138565063,0.4944132324730442
906,3463,False,0.7431640028953552,0.0
907,13994,True,0.8849138021469116,0.4138644509785586
907,11799,False,0.6905656456947327,0.3260702977587191
907,1831,False,0.7131844758987427,0.0
908,13023,True,0.9724958539009094,0.4759304612247135
908,9015,False,0.9226562976837158,0.3981380814347516
908,3047,False,0.9300313591957092,0.0
909,19227,False,0.8766562938690186,0.0
909,15128,False,0.9234844446182252,0.446091516966456
909,4349,False,0.8844671845436096,0.3992918259420683
910,13405,False,0.8024848699569702,0.3280469198680859
910,2485,False,0.6587178111076355,0.0
910,922,False,0.596717357635498,0.3127185144342257
911,19024,False,0.8380014300346375,0.4951263393246169
911,10856,False,0.863231897354126,0.0
911,2923,False,0.7850242853164673,0.0
912,21109,False,0.8752447366714478,0.619079672873983
912,15063,False,0.8442569971084595,0.5893384673771895
912,2211,False,0.8586186170578003,0.0
913,13518,False,0.7305337190628052,0.0
913,2897,False,0.0,0.0
913,907,False,0.5663931369781494,0.3084305042490022
914,19560,False,0.0,0.0
914,8725,False,0.0,0.0
914,6691,False,0.0,0.2561846572282987
914,6690,False,0.7536777257919312,0.2470946291949238
915,18622,False,0.8036779165267944,0.3756504775053533
915,12267,False,0.7726789116859436,0.0
915,363,False,0.779121458530426,0.3816612668068967
916,8910,True,0.9625383019447328,0.6673655013025225
916,8646,False,0.5993565917015076,0.0
916,960,False,0.815274178981781,0.3925679419426603
917,17317,True,0.9336271286010742,0.7936057553675652
917,17038,False,0.6839953064918518,0.0
917,16731,False,0.6421921253204346,0.2857315384715077
918,14122,False,0.7066127061843872,0.0
918,8099,False,0.6757627725601196,0.3846153846153846
918,2103,False,0.6781254410743713,0.0
919,18650,False,0.8150588274002075,0.6231834706238681
919,17371,True,0.8658742904663086,0.7625640231279325
919,6898,False,0.6636291742324829,0.0
920,13235,False,0.0,0.0
920,3250,False,0.0,0.0
920,3246,True,0.984771966934204,0.7288951613834163
921,21915,False,0.9004727005958557,0.6334426304906183
921,20935,False,0.934336245059967,0.6536743491456067
921,20638,False,0.9062285423278807,0.6334426304906183
922,13506,False,0.9454309940338136,0.6321414096162594
922,5515,False,0.9189940690994264,0.5202332590290444
922,1561,False,0.8498440980911255,0.0
923,16729,False,0.7123339772224426,0.0
923,16093,False,0.7451298236846924,0.263990756828946
923,11668,False,0.7630058526992798,0.247779252204718
924,10244,False,0.9247103333473206,0.0
924,2316,False,0.9371873140335084,0.5783552312542558
924,387,False,0.9422528743743896,0.5783552312542558
925,21876,True,0.7452989220619202,0.0
925,21757,True,0.9485653638839722,0.6523393329345094
925,7796,False,0.7876117825508118,0.4391211178366492
926,17947,False,0.7977145314216614,0.0
926,8142,False,0.7769864201545715,0.4539206495016019
926,4426,True,0.8668041229248047,0.5460756694875095
927,11491,False,0.7072655558586121,0.0
927,7489,False,0.801716685295105,0.3357753684224256
927,2667,False,0.8078823685646057,0.0
928,19902,False,0.8619765043258667,0.4327882300783888
928,18173,False,0.8730824589729309,0.0
928,17570,False,0.911648690700531,0.4672383634845156
929,8071,False,0.6420472860336304,0.4116339200325736
929,8070,False,0.6046589016914368,0.362764055603814
929,6032,False,0.6177045106887817,0.0
930,10968,False,0.0,0.0
930,8674,False,0.6945153474807739,0.2550000188609488
930,190,False,0.542272686958313,0.2926446296215945
931,12483,False,0.8383276462554932,0.4740454631399772
931,6451,False,0.9307156801223756,0.6101792298525177
931,6450,False,0.7573590278625488,0.0
932,17184,False,0.8841294050216675,0.6774141827707826
932,16320,False,0.8709721565246582,0.0
932,16316,False,0.9512033462524414,0.7359983227258288
933,14112,False,0.5220439434051514,0.19583736295016
933,12323,False,0.0,0.1821335648510804
933,11491,False,0.0,0.0
934,13148,True,0.9204188585281372,0.6906490147553443
934,11120,False,0.8433229327201843,0.0
934,7128,False,0.8261629343032837,0.5911921418482947
935,18856,False,0.8930661678314209,0.0
935,14800,True,0.9383881092071532,0.4794862386288526
935,6058,False,0.892536997795105,0.0
936,15985,False,0.0,0.0
936,14004,False,0.7859439849853516,0.0
936,11261,False,0.5309391021728516,0.0
937,19775,True,0.6615486145019531,0.4117329251026129
937,14460,False,0.0,0.0
937,8409,False,0.0,0.3545519742594709
938,15252,False,0.8782894015312195,0.477426880155295
938,11268,False,0.7796566486358643,0.3718659045412839
938,9286,False,0.8428586721420288,0.0
939,13584,False,0.7633556127548218,0.3344175629104708
939,13582,False,0.6939419507980347,0.0
939,3615,True,0.8993179798126221,0.4921533422427422
940,21204,False,0.856387734413147,0.4890666629367697
940,18283,False,0.8171208500862122,0.3750203467079177
940,17035,False,0.7976105809211731,0.0
941,15836,False,0.9398884773254396,0.5226180346255872
941,12221,False,0.9378827810287476,0.0
941,2805,True,0.9618723392486572,0.6148506325503594
942,15034,False,0.7559287548065186,0.0
942,13109,False,0.830083966255188,0.3766573589138686
942,1699,False,0.786434531211853,0.3404522681600582
943,11353,False,0.5559669137001038,0.3451726294829069
943,9149,False,0.742857813835144,0.4006546649224997
943,2091,False,0.7048764228820801,0.0
944,14177,False,0.9658322334289552,0.5735393346764044
944,14176,False,0.9227238893508912,0.5465380583044303
944,8245,False,0.8565313816070557,0.0
945,18727,False,0.8129489421844482,0.0
945,3103,True,0.7683340907096863,0.3013691781205502
945,3051,False,0.7327157258987427,0.0
946,7788,False,0.5880701541900635,0.0
946,6965,False,0.0,0.1886388194727034
946,8,False,0.7071772217750549,0.0
947,13423,False,0.8302125930786133,0.4097645381730659
947,9460,False,0.786788821220398,0.3924832454136684
947,171,False,0.7972455024719238,0.0
948,15127,False,0.8030556440353394,0.2772413120334688
948,9163,False,0.7152891755104065,0.3391164991562634
948,7185,False,0.8081062436103821,0.0
949,9368,False,0.7648534774780273,0.3765135483714759
949,7361,False,0.8253109455108643,0.0
949,7346,False,0.9344952702522278,0.5662631784962306
950,19173,False,0.9057552814483644,0.4154436072496454
950,15942,False,0.9340584874153136,0.5085834195042094
950,2018,False,0.7849574089050293,0.0
951,8725,False,0.0,0.0
951,6691,False,0.0,0.2116574171889977
951,6690,False,0.0,0.0
952,9712,False,0.0,0.2499075956353575
952,6691,False,0.0,0.2473306943899718
952,6690,False,0.0,0.0
953,11509,False,0.0,0.0
953,9481,False,0.7708410024642944,0.319568745353071
953,1530,False,0.5920700430870056,0.0
954,9677,False,0.7636995315551758,0.3512311009356113
954,3651,False,0.7553130388259888,0.0
954,1458,False,0.7874737977981567,0.3780487804878049
955,21901,False,0.6911464333534241,0.3727102613464498
955,15374,False,0.6779029369354248,0.3382377298657882
955,4702,True,0.675715982913971,0.0
956,12025,False,0.0,0.2085984077821559
956,5990,False,0.0,0.2085984077821559
956,4123,False,0.7286766767501831,0.0
957,18111,False,0.66193687915802,0.0
957,16202,False,0.6489179730415344,0.3183410061060032
957,10608,False,0.7252262830734253,0.3314933289988683
958,17452,False,0.8485011458396912,0.2460458309934238
958,16442,False,0.5854800939559937,0.0
958,5824,False,0.6146575212478638,0.2132117046672453
959,8017,False,0.7907221913337708,0.0
959,5974,False,0.7943582534790039,0.2867908575668613
959,2035,False,0.7015464901924133,0.3950386760249628
960,15247,False,0.8578795194625854,0.0
960,13888,False,0.8263217806816101,0.735682938029248
960,10473,False,0.8110452890396118,0.0
961,14317,True,0.9659982919692992,0.739918896432393
961,4331,False,0.8600345849990845,0.5973401067611972
961,2413,False,0.6592376232147217,0.0
962,20166,False,0.0,0.0
962,18433,False,0.5402692556381226,0.0
962,15025,False,0.0,0.3111879571320709
963,17952,False,0.49083012342453,0.0
963,16383,False,0.5106712579727173,0.0
963,2606,False,0.0,0.1978292481345516
964,20752,False,0.0,0.0
964,18881,False,0.7097705602645874,0.0
964,11954,False,0.0,0.2949687762244818
965,14673,False,0.8629217147827148,0.0
965,8775,False,0.9228641986846924,0.4121660143703629
965,2807,False,0.8730086088180542,0.4173634053149678
966,14224,False,0.8787508010864258,0.3610922276915204
966,10290,False,0.841866135597229,0.3485685011586675
966,373,False,0.7049714922904968,0.0
967,17203,False,0.9050490856170654,0.7268563778746144
967,16598,False,0.9253026247024536,0.0
967,13427,False,0.8554683327674866,0.0
967,9734,False,0.8677571415901184,0.649765549918216
968,19351,False,0.9301416277885436,0.5000650491123548
968,15235,False,0.6163499355316162,0.0
968,15233,False,0.8913753628730774,0.3441282785273711
969,18295,False,0.752801239490509,0.0
969,17347,False,0.8311909437179565,0.4303314829119352
969,21637,False,0.8265831470489502,0.4459639170629967
970,20732,False,0.8428092002868652,0.0
970,14867,False,0.8270887136459351,0.0
970,6930,True,0.8117357492446899,0.0
971,13426,False,0.8458044528961182,0.0
971,11431,False,0.8338611125946045,0.3722967089918629
971,1464,False,0.8708890676498413,0.3941551410372412
972,21901,False,0.6746829152107239,0.0
972,2777,False,0.7081538438796997,0.0
972,2773,False,0.5843223333358765,0.0
972,622,False,0.0,0.3085479344852193
973,21568,True,0.9501212239265442,0.5578360368941364
973,19570,False,0.9178550839424132,0.4566116604886568
973,10767,False,0.917500138282776,0.0
974,19753,True,0.836705207824707,0.2580567488667235
974,10336,True,0.900077760219574,0.4969974850751834
974,8395,False,0.8036036491394043,0.0
975,13422,False,0.8867484927177429,0.5509922970284786
975,13414,False,0.8405652046203613,0.4319593977248311
975,11438,False,0.8324428796768188,0.0
976,6255,False,0.0,0.0
976,13379,False,0.6126095652580261,0.2271283812897489
976,264,False,0.6857640743255615,0.2296677007052858
977,2365,False,0.6887890100479126,0.0
977,2363,False,0.6300495862960815,0.0
977,409,False,0.8283301591873169,0.4668572595546074
978,17549,False,0.8299016952514648,0.4718621133526014
978,17238,False,0.7338380217552185,0.4898301566863108
978,17234,False,0.8264504671096802,0.0
979,11538,False,0.8701516389846802,0.3666666666666666
979,9553,False,0.8741333484649658,0.4760952285695233
979,5512,False,0.6574581265449524,0.0
980,8725,False,0.0,0.0
980,6691,False,0.0,0.2189227049231967
980,16909,False,0.0,0.0
981,9288,False,0.7377398014068604,0.0
981,5666,False,0.0,0.2111111111111111
981,3691,False,0.0,0.2099479556417353
982,13423,False,0.8423832058906555,0.3709704134011871
982,9470,False,0.922698438167572,0.3691785948439667
982,5426,False,0.908379852771759,0.0
983,18364,True,0.9411337375640868,0.6839195973828286
983,17192,False,0.6384164094924927,0.3552548344392206
983,16254,False,0.8608276844024658,0.0
984,21866,False,0.0,0.2758634244165355
984,18913,False,0.0,0.2975806056641962
984,12206,False,0.5792706608772278,0.0
985,18577,False,0.4451691508293152,0.0
985,16599,True,0.6886693239212036,0.406201920231798
985,10217,False,0.4415350258350372,0.0
985,9978,False,0.5462952256202698,0.0
986,6669,True,0.8096171617507935,0.7105973867986828
986,4643,False,0.6438636183738708,0.0
986,4642,False,0.5463484525680542,0.428700109381586
987,18130,False,0.8592751622200012,0.4513537837386966
987,17504,False,0.923508644104004,0.4099600308453939
987,2812,False,0.7678343653678894,0.0
988,7032,False,0.8978657722473145,0.0
988,3710,False,0.7956669330596924,0.5146976372306372
988,1749,False,0.8230112195014954,0.5006261743217589
989,21296,False,0.759462833404541,0.0
989,12318,False,0.8373878598213196,0.4886272748799577
989,2358,False,0.834197998046875,0.4546126981442662
990,18425,False,0.8265666961669922,0.2715248205143312
990,16760,False,0.7515904903411865,0.3085804924000463
990,2013,False,0.827216625213623,0.0
991,18129,False,0.8795266151428223,0.0
991,14245,False,0.9235833287239076,0.4997838772321765
991,12312,False,0.9454039931297302,0.5068814841275137
992,10985,False,0.806005597114563,0.4309030887064686
992,6556,False,0.0,0.0
992,4947,False,0.861931562423706,0.0
993,14690,True,0.8559085130691528,0.0
993,10746,False,0.7717263698577881,0.0
993,4739,False,0.7738622426986694,0.4723677731718296
994,11272,False,0.6660740375518799,0.5157106231293968
994,3296,False,0.707656741142273,0.602166228434198
994,1306,False,0.6980143785476685,0.0
995,21289,False,0.0,0.0
995,7357,False,0.7917912006378174,0.2832821674722343
995,1900,False,0.0,0.0
996,8736,False,0.7861580848693848,0.0
996,8735,False,0.8670972585678101,0.5458305913768104
996,2750,False,0.8731825351715088,0.5712509812821499
997,18938,False,0.7665904760360718,0.3793724622277161
997,5357,False,0.7529393434524536,0.0
997,4379,True,0.8404585123062134,0.4501934840904773
998,16461,False,0.7837115526199341,0.0
998,13255,False,0.7374798059463501,0.4454354031873739
998,3277,False,0.8238099217414856,0.4490299622260681
999,14882,False,0.5885316729545593,0.0
999,4923,True,0.8211159706115723,0.717335901136002
999,161,False,0.6825708150863647,0.0
1000,14314,False,0.7830826044082642,0.0
1000,8404,False,0.8779528737068176,0.4060474750214883
1000,6329,False,0.7458459734916687,0.3261722885168687
1001,8678,False,0.7133086919784546,0.3553633668002304
1001,6644,False,0.5339537858963013,0.0
1001,6638,True,0.7359181046485901,0.3729710062481234
1002,21878,False,0.7102349400520325,0.0
1002,13775,False,0.7831966876983643,0.2661108811145444
1002,2092,False,0.7363907694816589,0.3092805813616807
1003,10151,False,0.7527211308479309,0.3125593566423739
1003,9588,False,0.7333909273147583,0.0
1003,7562,False,0.755117654800415,0.3004971005894842
1004,19605,False,0.6059333682060242,0.0
1004,11073,False,0.5242217183113098,0.3170961622095041
1004,1109,False,0.0,0.0
1005,21712,False,0.6100482940673828,0.0
1005,18726,False,0.5259183645248413,0.0
1005,8774,False,0.7756673097610474,0.376796110173626
1006,22011,False,0.7796682715415955,0.3738911719637153
1006,4840,False,0.8313485383987427,0.3959727580113409
1006,2370,False,0.7763181924819946,0.0
1007,19065,False,0.8886940479278564,0.5487939784151455
1007,11116,True,0.8015731573104858,0.0
1007,7733,True,0.809853196144104,0.530954782389336
1008,21189,False,0.7041027545928955,0.27288608902999
1008,16169,False,0.6810398101806641,0.27288608902999
1008,3400,False,0.6030998229980469,0.3096807076212254
1009,12644,False,0.8172757029533386,0.0
1009,10601,False,0.7908364534378052,0.4210096441361975
1009,780,False,0.9601024389266968,0.6444095318765529
1010,21033,False,0.7398859262466431,0.0
1010,15003,False,0.9417442679405212,0.6360650553039009
1010,5034,False,0.7895144820213318,0.0
1011,13413,True,0.9560611844062804,0.6363636363636364
1011,5410,False,0.6311202049255371,0.0
1011,3461,False,0.8246687650680542,0.3939393939393939
1012,13717,False,0.7233465313911438,0.3809577133951966
1012,11757,False,0.7199355363845825,0.3351792083450342
1012,5724,False,0.7008135914802551,0.0
1013,14082,False,0.0,0.0
1013,4755,False,0.0,0.0
1013,3816,False,0.0,0.0
1014,13064,False,0.9268566370010376,0.6150813955507916
1014,7028,True,0.9504951238632202,0.6525026612039884
1014,1079,False,0.8546375036239624,0.0
1015,17653,False,0.75725257396698,0.3491554107488991
1015,10877,False,0.0,0.0
1015,4881,False,0.0,0.0
1016,18558,False,0.9108091592788696,0.0
1016,18557,False,0.9168410897254944,0.6204893231372116
1016,17238,False,0.870650589466095,0.5744269579035528
1017,12416,False,0.7914490699768066,0.4008918628686365
1017,12123,False,0.590822696685791,0.0
1017,7506,False,0.5943149328231812,0.0
1018,21013,False,0.6249951124191284,0.0
1018,14422,False,0.5701621174812317,0.2328857417567279
1018,6101,False,0.5749363303184509,0.2296037905959851
1019,21242,False,0.7264349460601807,0.0
1019,18881,False,0.6926629543304443,0.4236780683373428
1019,16801,False,0.7270870208740234,0.0
1020,14066,False,0.8231349587440491,0.2916059217599021
1020,12548,False,0.8762781023979187,0.408248290463863
1020,367,False,0.0,0.0
1021,16084,False,0.8873326778411865,0.3770925814834799
1021,12138,False,0.8901227712631226,0.0
1021,5986,False,0.8347409963607788,0.4299346810913494
1022,14015,False,0.7404141426086426,0.0
1022,12116,True,0.8337093591690063,0.5510266445792832
1022,2632,False,0.8636214733123779,0.5074689670070944
1023,21813,False,0.0,0.0
1023,20998,False,0.0,0.0
1023,2257,False,0.0,0.0
1024,19272,False,0.7359751462936401,0.4165539634249559
1024,18694,False,0.7632126212120056,0.0
1024,12674,True,0.9281580448150636,0.5171819831040292
1025,3807,False,0.7435452938079834,0.0
1025,3805,False,0.7499673366546631,0.0
1025,63,False,0.8641339540481567,0.4639669759802291
1026,12056,False,0.7379353046417236,0.3706246583305506
1026,4040,False,0.7341342568397522,0.0
1026,2068,False,0.7846050262451172,0.3781025926823956
1027,20624,False,0.613381564617157,0.2628748639622931
1027,7807,False,0.676580011844635,0.0
1027,970,False,0.6963261365890503,0.278362609959307
1028,18409,False,0.7913304567337036,0.3541296425494762
1028,16177,False,0.7136560082435608,0.0
1028,5378,False,0.8310723304748535,0.4598612577950333
1029,17466,False,0.5508584380149841,0.0
1029,17160,False,0.5283404588699341,0.3060952399175431
1029,16791,False,0.6990919709205627,0.3063358324269934
1030,14518,False,0.8594181537628174,0.0
1030,10555,False,0.8821694850921631,0.4615262004087208
1030,5936,False,0.8182991147041321,0.4255426172719815
1031,15855,False,0.5684398412704468,0.3916839891824334
1031,13438,True,0.7629367113113403,0.4188089258603472
1031,2186,False,0.596068799495697,0.0
1032,14224,False,0.8163536190986633,0.3040987671654038
1032,10290,False,0.8133621215820312,0.3516766563026828
1032,383,False,0.7457916140556335,0.0
1033,19609,False,0.6197378039360046,0.0
1033,9120,False,0.8287323117256165,0.4305970889136375
1033,5402,False,0.8455496430397034,0.4477173673109523
1034,21838,False,0.821995735168457,0.3244428422615251
1034,19879,False,0.8040032386779785,0.2742042485535408
1034,1473,False,0.7702049016952515,0.0
1035,21947,True,0.8517948985099792,0.4119262772858173
1035,7788,False,0.6616095900535583,0.0
1035,7,False,0.0,0.0
1036,5859,False,0.7483518123626709,0.0
1036,10880,True,0.8234719038009644,0.3707008352433201
1036,4201,False,0.7921709418296814,0.0
1037,14113,False,0.8012919425964355,0.0
1037,12168,True,0.8516802191734314,0.4493265149630649
1037,12044,False,0.8459506034851074,0.3861736326641647
1038,19035,True,0.7537500858306885,0.3955572237254419
1038,10981,False,0.6318138837814331,0.3773659540699707
1038,10434,False,0.6367743015289307,0.0
1038,2475,False,0.7868393063545227,0.0
1039,16088,False,0.7750357985496521,0.0
1039,15571,False,0.7812071442604065,0.0
1039,7627,False,0.7800284028053284,0.3172206342872576
1040,3381,False,0.8746439218521118,0.3874921291460642
1040,5345,False,0.8315505981445312,0.3487429162314578
1040,1402,False,0.7877275943756104,0.0
1041,18601,False,0.0,0.2863373609809087
1041,16162,False,0.0,0.0
1041,768,False,0.0,0.3023460219201276
1042,21933,False,0.0,0.1789870375344685
1042,14949,False,0.0,0.0
1042,9064,False,0.0,0.1786959022490795
1043,8725,False,0.6866452693939209,0.0
1043,6691,False,0.6802675724029541,0.2453930467118133
1043,6690,False,0.7760195136070251,0.2366859301423076
1044,19853,False,0.8658227920532227,0.0
1044,4929,False,0.8754576444625854,0.5540283101259832
1044,3009,True,0.8967926502227783,0.6668859288553501
1045,16769,False,0.0,0.0
1045,1460,False,0.0,0.3066472724952111
1045,171,False,0.6647703051567078,0.0
1046,21657,False,0.0,0.2319428126811227
1046,10531,False,0.0,0.0
1046,6112,False,0.513985276222229,0.0
1046,740,False,0.0,0.0
1047,19670,False,0.0,0.3475562693977483
1047,10193,False,0.0,0.0
1047,4579,False,0.0,0.0
1048,21010,False,0.8632734417915344,0.484857389565509
1048,4830,False,0.886938214302063,0.4634146341463415
1048,931,False,0.8930151462554932,0.4634146341463415
1049,18881,False,0.7201707363128662,0.0
1049,16084,False,0.7489337921142578,0.3499271061118826
1049,11954,False,0.0,0.4264911919865465
1050,17954,False,0.7148340940475464,0.0
1050,15821,False,0.7748934626579285,0.0
1050,13078,False,0.7169896364212036,0.0
1051,16388,False,0.6005516648292542,0.2407717061715384
1051,16364,False,0.6881298422813416,0.2180962186958748
1051,16110,False,0.6666942238807678,0.2180962186958748
1052,17504,False,0.8862613439559937,0.4115966043420211
1052,12782,False,0.7456384301185608,0.2923526731023431
1052,8426,False,0.7121737599372864,0.0
1053,12900,False,0.0,0.0
1053,3990,False,0.5872097611427307,0.3114721903687941
1053,1878,False,0.4738094210624695,0.2901852153495405
1054,19691,False,0.5972248315811157,0.0
1054,15809,False,0.6811487674713135,0.3036815706748996
1054,1904,False,0.6926767230033875,0.3374987226028282
1055,14077,False,0.0,0.0
1055,5550,False,0.0,0.2349357469496824
1055,4122,False,0.0,0.0
1056,20288,False,0.6216662526130676,0.3738335897094201
1056,8015,False,0.6868062019348145,0.0
1056,7392,False,0.6674256920814514,0.3576814672079167
1057,18582,False,0.8311150074005127,0.0
1057,16735,True,0.8395388722419739,0.5998338640422257
1057,16001,False,0.6289704442024231,0.4482572692542223
1058,17204,False,0.828484833240509,0.4212218198554174
1058,4211,False,0.7977137565612793,0.0
1058,2261,False,0.8753872513771057,0.4453260904811348
1058,1986,False,0.8697340488433838,0.0
1059,13602,False,0.6314050555229187,0.0
1059,10073,False,0.7400627732276917,0.2273314464901578
1059,6227,False,0.0,0.2234671743846636
1060,18152,False,0.95161771774292,0.6454412655266024
1060,8791,False,0.9423819184303284,0.0
1060,6743,False,0.988585352897644,0.6771200704448513
1061,21933,False,0.0,0.4713577892399091
1061,14949,False,0.0,0.4689467361434694
1061,11013,False,0.0,0.0
1062,14644,False,0.8404229879379272,0.6215582116524094
1062,10754,False,0.8923300504684448,0.0
1062,2754,False,0.8903414011001587,0.7047274841194893
1063,5082,False,0.7612804174423218,0.0
1063,3145,False,0.7874505519866943,0.309426373877638
1063,18,False,0.7529634833335876,0.3320622422880551
1064,21924,False,0.7338758111000061,0.3881779231761376
1064,13897,False,0.6424204111099243,0.0
1064,5923,False,0.7344434857368469,0.3419277152193772
1065,10600,False,0.7839703559875488,0.0
1065,10599,False,0.802121639251709,0.3795661179548695
1065,2668,False,0.6389764547348022,0.0
1066,11982,False,0.7998009920120239,0.0
1066,8297,True,0.9622946977615356,0.5884898863364997
1066,374,False,0.6738325357437134,0.0
1067,16910,False,0.8316372632980347,0.5715005715008573
1067,16317,False,0.8230196833610535,0.0
1067,9064,False,0.7969738245010376,0.577896743774047
1068,17392,False,0.6583386063575745,0.0
1068,10612,False,0.6523698568344116,0.2869720215917757
1068,49,False,0.5748958587646484,0.2733870597322882
1069,15619,False,0.6724215745925903,0.0
1069,5096,False,0.8500632047653198,0.6481189239135698
1069,3156,False,0.7360217571258545,0.4309287510451887
1070,18620,True,0.9598278999328612,0.7604336749020316
1070,5560,False,0.904994249343872,0.0
1070,2959,False,0.873368501663208,0.631578947368421
1071,16126,True,0.967031717300415,0.7154800938571823
1071,14131,False,0.8064684867858887,0.0
1071,9792,False,0.7569590210914612,0.3726779962499649
1072,10447,False,0.6213225722312927,0.0
1072,9383,False,0.6643199920654297,0.0
1072,425,False,0.6755078434944153,0.0
1073,2522,True,0.9653142690658568,0.7469561364535237
1073,552,False,0.9234354496002196,0.0
1073,550,False,0.939351201057434,0.5034965460952284
1074,20740,True,0.914897084236145,0.4121127958723669
1074,19037,False,0.7785476446151733,0.0
1074,3166,False,0.7520400881767273,0.3211820274187864
1075,21431,False,0.7914537191390991,0.3784281384540708
1075,10578,False,0.8005613088607788,0.0
1075,8632,False,0.7709169983863831,0.0
1076,21787,False,0.5872693657875061,0.0
1076,10846,False,0.7963029146194458,0.2427260731418755
1076,8411,False,0.7353948354721069,0.2255702858690135
1077,11884,False,0.9190468192100524,0.7485651970452575
1077,9088,False,0.910804271697998,0.6749975504560688
1077,1099,False,0.8303341865539551,0.0
1078,8725,False,0.0,0.0
1078,6691,False,0.0,0.2176545646360966
1078,6690,False,0.0,0.0
1079,19334,False,0.0,0.2599907604169276
1079,16333,False,0.0,0.2650383011024825
1079,768,False,0.0,0.0
1080,14454,True,0.9250993132591248,0.5653009971610738
1080,8560,False,0.850492000579834,0.5432512781572743
1080,4454,False,0.8211943507194519,0.0
1081,21587,True,0.976824164390564,0.9203900230262252
1081,5076,False,0.9499085545539856,0.7826382855607106
1081,3143,False,0.8401122093200684,0.0
1082,21167,False,0.6321390271186829,0.0
1082,11980,False,0.813969075679779,0.2924766564298429
1082,2306,False,0.6582903861999512,0.2360658303484524
1083,20644,True,0.8809682130813599,0.5300563671176693
1083,12456,False,0.8188753128051758,0.3051839689465369
1083,12455,False,0.7899721264839172,0.0
1084,15025,False,0.0,0.0
1084,13827,False,0.0,0.198516666794186
1084,4241,False,0.0,0.2239570043823417
1084,2081,False,0.7473338842391968,0.0
1085,17878,False,0.6163464784622192,0.2829301955012329
1085,15568,False,0.0,0.0
1085,9644,False,0.620024561882019,0.0
1086,17900,False,0.0,0.0
1086,16653,False,0.0,0.0
1086,11742,False,0.0,0.0
1087,10811,False,0.6497818231582642,0.4186742076955549
1087,5803,False,0.6544376611709595,0.4413052459493687
1087,5672,False,0.6590890288352966,0.0
1088,18584,False,0.6809930205345154,0.3843075691322091
1088,17639,False,0.6734715104103088,0.0
1088,16129,False,0.7006093263626099,0.0
1089,18955,False,0.6689059138298035,0.3663275033017473
1089,9986,False,0.6665859222412109,0.0
1089,2590,False,0.6837693452835083,0.0
1090,17550,False,0.5726216435432434,0.2986595567936803
1090,16634,True,0.7540699243545532,0.4170288281141495
1090,5528,False,0.7212749123573303,0.0
1091,19597,False,0.8539631962776184,0.4517812304569953
1091,10988,False,0.7557962536811829,0.0
1091,7000,False,0.845669150352478,0.0
1092,13747,True,0.9195168614387512,0.5411693753939637
1092,3778,False,0.9075342416763306,0.0
1092,1831,False,0.8963093757629395,0.0
1093,17690,False,0.7474033236503601,0.0
1093,16869,False,0.8884953260421753,0.5616313497889893
1093,5462,True,0.9115447998046876,0.6061843171470264
1094,10898,False,0.8331084847450256,0.5251050315105037
1094,21229,False,0.7883825302124023,0.4639051998342824
1094,18069,False,0.7857431769371033,0.4639051998342824
1095,12674,False,0.8258508443832397,0.2712125199968458
1095,2707,False,0.0,0.0
1095,2702,True,0.7159899473190308,0.2819123062941128
1096,16086,False,0.7558872103691101,0.4477445705703202
1096,12464,False,0.7625089883804321,0.0
1096,2632,False,0.8335481286048889,0.4507624797904249
1097,20281,False,0.5892550945281982,0.0
1097,6216,False,0.8032032251358032,0.3497814548647353
1097,6215,False,0.6468592882156372,0.0
1098,16120,False,0.8403749465942383,0.4626349175886353
1098,11745,True,0.8250420689582825,0.4739186960664069
1098,4579,False,0.7700290679931641,0.0
1099,19404,False,0.8987869024276733,0.0
1099,13691,False,0.8077167272567749,0.0
1099,7727,False,0.9178102612495422,0.5363227064506457
1100,21748,False,0.6421743035316467,0.3663425571349248
1100,20912,False,0.4768214225769043,0.0
1100,19760,False,0.0,0.0
1101,21878,False,0.6831651329994202,0.0
1101,19691,False,0.6073615550994873,0.2555858909977013
1101,13261,False,0.0,0.2680385423669043
1102,12925,False,0.750710129737854,0.4549052379454473
1102,7853,True,0.8182985782623291,0.4490211904298961
1102,966,False,0.8788327574729919,0.0
1103,5799,False,0.9375391006469728,0.0
1103,4364,False,0.8509440422058105,0.503804561737716
1103,833,False,0.933295726776123,0.4721139335637747
1104,15343,False,0.7869061231613159,0.0
1104,15342,False,0.865641176700592,0.4617570965396101
1104,1397,True,0.9109945297241212,0.5412746144356352
1105,12664,False,0.0,0.2674769290782279
1105,8089,False,0.8495099544525146,0.4939777634739962
1105,4162,False,0.607007622718811,0.0
1106,13782,False,0.9263147115707396,0.4512709895075101
1106,8828,False,0.9252499341964722,0.4051040931669875
1106,8827,False,0.7794337868690491,0.0
1107,12700,False,0.939063847064972,0.513433934327244
1107,10849,False,0.6975029110908508,0.0
1107,743,False,0.9002487659454346,0.4610427165387497
1108,10672,True,0.9078078269958496,0.5835585150955649
1108,10664,False,0.843569278717041,0.0
1108,2723,False,0.8397603034973145,0.3623568972827802
1109,9390,False,0.6594924330711365,0.2504351613389047
1109,8091,True,0.5899052619934082,0.2750401346114338
1109,6056,False,0.6008333563804626,0.0
1110,21648,False,0.5493648052215576,0.0
1110,13636,False,0.8701379299163818,0.4163128095610807
1110,10922,False,0.0,0.0
1111,21796,False,0.7775586843490601,0.0
1111,10807,False,0.0,0.3256609369751915
1111,6397,False,0.7219362258911133,0.3394193268687786
1112,19019,False,0.861691951751709,0.0
1112,10800,True,0.8544805645942688,0.3943010202283865
1112,6811,False,0.861064076423645,0.4070135768850544
1113,12316,False,0.8192068934440613,0.3327000766853228
1113,8327,False,0.8301237225532532,0.0
1113,4277,False,0.8086177706718445,0.298168902080435
1114,15805,False,0.6384670734405518,0.2896827297511605
1114,11862,False,0.6376761198043823,0.2913428162916919
1114,7865,False,0.6415650844573975,0.2896827297511605
1115,13373,False,0.6465505361557007,0.0
1115,6691,False,0.691132664680481,0.2664012503128022
1115,6690,False,0.7765407562255859,0.2676549101798736
1116,18198,False,0.0,0.0
1116,17383,False,0.0,0.0
1116,17380,False,0.0,0.0
1116,16199,False,0.0,0.2944503878887495
1117,17314,False,0.8947566151618958,0.6527162480791984
1117,16741,False,0.8574457764625549,0.5952554493041363
1117,16205,False,0.7466335892677307,0.0
1118,16615,False,0.0,0.0
1118,10768,False,0.0,0.2675142104895603
1118,1339,False,0.0,0.2869022920265155
1119,11441,False,0.6661842465400696,0.0
1119,9465,False,0.846439003944397,0.3740950279636044
1119,3471,True,0.9319939613342284,0.6431817672911826
1120,18130,False,0.8249289989471436,0.0
1120,17504,False,0.9598510265350342,0.5391918179556779
1120,15402,False,0.7121684551239014,0.3354795177369259
1121,14109,True,0.8834264874458313,0.676481425202546
1121,11696,False,0.8135039806365967,0.0
1121,9717,False,0.8588914275169373,0.564379504680925
1122,20935,False,0.6514094471931458,0.3026837355396076
1122,20159,False,0.6706764698028564,0.2862679290300866
1122,11019,False,0.6706038117408752,0.2862679290300866
1123,21640,False,0.925815761089325,0.5012100109655353
1123,18301,False,0.9465377330780028,0.0
1123,17358,False,0.9537351131439208,0.5545099197879357
1124,20241,False,0.7936787605285645,0.0
1124,15647,True,0.8439928889274597,0.4301134862853845
1124,7127,False,0.7642967104911804,0.0
1125,12249,False,0.918840229511261,0.5299989400031799
1125,8267,True,0.948053777217865,0.5935988128035615
1125,354,False,0.8987100720405579,0.0
1126,14451,False,0.8351438045501709,0.4261849691106763
1126,4451,False,0.8246883153915405,0.0
1126,203,False,0.8251746892929077,0.4179105767038544
1127,18215,False,0.8441838622093201,0.6136964857512031
1127,16936,False,0.6842050552368164,0.3781491612552889
1127,16358,False,0.6835905909538269,0.0
1128,19199,False,0.8931835889816284,0.5145608452635753
1128,17306,False,0.9222280383110046,0.5598809904152929
1128,16938,False,0.8166842460632324,0.0
1129,10606,False,0.9491955041885376,0.6613960920301781
1129,10605,False,0.9437035322189332,0.0
1129,8643,False,0.9899753332138062,0.847125776186397
1130,21242,False,0.929590106010437,0.590240205812357
1130,21144,False,0.5167319774627686,0.0
1130,16801,False,0.9381283521652222,0.5490214034302319
1131,11691,False,0.6565802097320557,0.4243342123957527
1131,10180,False,0.6361607313156128,0.4677071733467426
1131,16745,False,0.7035806179046631,0.0
1132,18152,False,0.9630919098854064,0.6822147286633229
1132,8791,False,0.9598157405853271,0.6903852561671684
1132,6743,False,0.9672587513923644,0.0
1133,21935,False,0.8616834878921509,0.0
1133,14690,True,0.8632014989852905,0.4457797928643202
1133,10754,False,0.8354282379150391,0.0
1134,8789,True,0.8786072134971619,0.0
1134,6754,False,0.8688312768936157,0.0
1134,6753,False,0.8473922610282898,0.4985185152621431
1135,10869,False,0.8878326416015625,0.6331341111707389
1135,6998,False,0.8690621256828308,0.0
1135,4739,False,0.8882778882980347,0.6360054824149334
1136,17383,False,0.919215738773346,0.8541985556144386
1136,16963,False,0.895890474319458,0.7575724468926284
1136,16199,False,0.9162903428077698,0.0
1137,10485,False,0.7141538858413696,0.0
1137,8536,False,0.7593823671340942,0.3111152020676865
1137,4429,True,0.8306804895401001,0.38819422421634
1138,11034,False,0.8054683804512024,0.0
1138,9085,False,0.9498649835586548,0.6333265924225528
1138,15,False,0.7206037044525146,0.4900511134653511
1139,19691,False,0.6801796555519104,0.0
1139,2035,False,0.6680326461791992,0.4054135161136331
1139,1904,False,0.6685105562210083,0.3578390427102734
1140,14171,False,0.7822691202163696,0.0
1140,9097,True,0.9067801237106324,0.5384791912018789
1140,5065,False,0.8856436014175415,0.3883428087400675
1141,9253,True,0.89566969871521,0.5274229203606751
1141,3276,False,0.8914404511451721,0.4915960401250875
1141,1284,False,0.9105058908462524,0.0
1142,20463,False,0.0,0.0
1142,14277,True,0.732980489730835,0.3769478910902245
1142,3065,False,0.0,0.0
1143,3611,False,0.7956245541572571,0.3777777777777777
1143,1641,False,0.6101543307304382,0.3531032906137228
1143,1640,False,0.5945100784301758,0.0
1144,19423,False,0.6635347008705139,0.2461442708990726
1144,4700,False,0.6475173830986023,0.0
1144,15608,False,0.6525594592094421,0.2683491228942014
1145,4787,False,0.8546916246414185,0.4951609180221855
1145,2872,False,0.8138001561164856,0.5001286504588381
1145,2867,False,0.901530146598816,0.0
1146,19279,False,0.0,0.2002504697287035
1146,5612,False,0.0,0.0
1146,2470,False,0.0,0.0
1147,17082,False,0.7010051608085632,0.0
1147,16813,False,0.7361209988594055,0.3691191524377779
1147,16211,False,0.8450121879577637,0.5410981044513251
1148,19538,False,0.6875032186508179,0.0
1148,17996,False,0.8274396061897278,0.410520999520094
1148,16756,True,0.8339815735816956,0.5921142376715502
1149,13398,False,0.7556450963020325,0.0
1149,9531,False,0.8206311464309692,0.380171115511637
1149,9481,True,0.8541026711463928,0.5236824319650499
1150,13130,False,0.4569936990737915,0.0
1150,11340,False,0.563122570514679,0.2527251321919152
1150,11097,False,0.5467576384544373,0.0
1151,18330,True,0.8878753185272217,0.6856795920604315
1151,17082,False,0.7560575008392334,0.0
1151,16813,False,0.8028216361999512,0.3424052851670733
1152,20708,False,0.8423351049423218,0.2761335851660255
1152,8742,False,0.7333602905273438,0.0
1152,2763,False,0.7545279264450073,0.0
1153,13245,True,0.8183682560920715,0.5598941698941698
1153,9237,False,0.824977457523346,0.562147274248521
1153,7242,False,0.8122026920318604,0.0
1154,21348,False,0.8947541117668152,0.4455819038995039
1154,11490,False,0.847460150718689,0.4332617028914594
1154,7259,False,0.8642319440841675,0.0
1155,10921,False,0.964280605316162,0.6823622013821212
1155,10865,False,0.8130671977996826,0.600099198148979
1155,4919,False,0.850473165512085,0.0
1156,19229,False,0.7772419452667236,0.34225327994753
1156,7185,False,0.838808536529541,0.0
1156,1205,False,0.7933051586151123,0.0
1157,9388,False,0.0,0.0
1157,7609,False,0.7028701305389404,0.2649529584663477
1157,5577,False,0.0,0.0
1158,8725,False,0.0,0.0
1158,6691,False,0.0,0.2203396951524205
1158,6690,False,0.0,0.0
1159,15034,False,0.7494931221008301,0.0
1159,13109,True,0.8699394464492798,0.4480982919047123
1159,1699,False,0.7738538980484009,0.3549542355900206
1160,17886,False,0.6606396436691284,0.3267826507127243
1160,16962,False,0.6618355512619019,0.3354521307623611
1160,12521,False,0.7080166339874268,0.0
1161,14691,False,0.0,0.2342160175076479
1161,7686,False,0.0,0.0
1161,5666,False,0.0,0.0
1162,17390,False,0.8972642421722412,0.0
1162,16958,False,0.8856158256530762,0.6381420198115135
1162,16809,False,0.8847452402114868,0.5842033313310602
1163,6862,False,0.841154932975769,0.3495024667059846
1163,6861,False,0.8180714249610901,0.0
1163,938,False,0.7821463346481323,0.0
1164,18130,False,0.8176484704017639,0.0
1164,17504,False,0.956195831298828,0.6501567644571985
1164,15402,False,0.7254413366317749,0.3206286614663469
1165,22003,True,0.719434916973114,0.3518657752744983
1165,7694,False,0.6669101715087891,0.0
1165,3695,True,0.7794404029846191,0.4349924276467101
1166,11206,False,0.0,0.2785050755366706
1166,7942,False,0.6340723633766174,0.0
1166,1904,False,0.0,0.4046850885982115
1167,8422,False,0.714937686920166,0.3451342449813167
1167,6351,False,0.7495096921920776,0.0
1167,5380,False,0.777814507484436,0.3906356661579367
1168,8304,True,0.943217158317566,0.5202399051797733
1168,3960,False,0.789338231086731,0.0
1168,379,False,0.8905127644538879,0.5958442192976064
1169,21065,False,0.8968077898025513,0.0
1169,15293,False,0.9294561743736268,0.6212961039784219
1169,15292,False,0.9131183624267578,0.0
1170,12137,False,0.8000755310058594,0.4265973442458908
1170,10163,False,0.7872135639190674,0.4000988020269483
1170,4128,False,0.8093148469924927,0.4000988020269483
1171,7248,False,0.626030683517456,0.59708493254031
1171,21251,False,0.5963321924209595,0.0
1171,16356,False,0.6665396690368652,0.5764613536983137
1172,21222,False,0.8859056234359741,0.0
1172,16301,False,0.8619400262832642,0.5720852470531895
1172,254,False,0.8890878558158875,0.5661385170722979
1173,21359,False,0.0,0.2883549180407971
1173,15374,False,0.6926236152648926,0.3211308144666282
1173,63,False,0.7021790146827698,0.0
1174,15938,False,0.7746855616569519,0.3490067441575242
1174,12311,False,0.9239304661750792,0.4125032399483812
1174,399,False,0.7857931852340698,0.0
1175,19245,True,0.8025866746902466,0.4466298001344306
1175,16387,False,0.6169695854187012,0.3547360664534818
1175,14077,False,0.6327781677246094,0.0
1176,9432,False,0.913810670375824,0.6112148798020152
1176,4438,False,0.8779827356338501,0.0
1176,16382,False,0.8895359039306641,0.5432342665706634
1177,20811,True,0.8606182336807251,0.818619173037878
1177,18443,False,0.0,0.0
1177,17687,False,0.6647180318832397,0.3632738710744352
1178,20125,False,0.8908177018165588,0.0
1178,18153,True,0.9601857662200928,0.7810106669891623
1178,820,False,0.9236517548561096,0.0
1179,17238,False,0.7346193790435791,0.2874345825095039
1179,17235,False,0.7321264147758484,0.2817664029074441
1179,17234,False,0.6450294852256775,0.0
1180,15734,False,0.506407618522644,0.0
1180,3939,False,0.788589596748352,0.3312372360210422
1180,3936,False,0.7225402593612671,0.3038542484168631
1181,17146,False,0.7215429544448853,0.3649002245998808
1181,16875,False,0.6968254446983337,0.3448652473575026
1181,16566,False,0.6909640431404114,0.0
1182,10803,False,0.8429476022720337,0.4120572762642555
1182,10801,False,0.8434830904006958,0.0
1182,3736,False,0.764775812625885,0.4361395403017768
1183,11288,True,0.990889310836792,0.8764598212022147
1183,11287,False,0.823676586151123,0.419465485778643
1183,1332,False,0.7600172162055969,0.0
1184,6961,False,0.8376590609550476,0.0
1184,6960,False,0.8455055952072144,0.4718091946751429
1184,1019,False,0.9133644104003906,0.5466787650174689
1185,21832,False,0.679643988609314,0.0
1185,11039,True,0.8812137842178345,0.5231552474475615
1185,11033,False,0.8499237298965454,0.4735960924416685
1186,21503,False,0.7393264174461365,0.0
1186,16092,False,0.8845088481903076,0.4548908392962818
1186,13771,False,0.7309621572494507,0.0
1187,21994,False,0.8351073265075684,0.0
1187,5479,True,0.8694053292274475,0.4335383540255701
1187,1525,False,0.8381476402282715,0.3853373177942262
1188,9143,False,0.8926419019699097,0.5005959477681419
1188,9142,False,0.8460949659347534,0.0
1188,1177,False,0.9046308398246764,0.4536964357810802
1189,14645,False,0.8548663854598999,0.0
1189,6701,False,0.9267784357070924,0.603645412218888
1189,2759,True,0.9123574495315552,0.611052381486151
1190,21563,False,0.849834680557251,0.5125400437551887
1190,10706,True,0.9152616262435912,0.6087073938749428
1190,8739,False,0.7718746662139893,0.0
1191,21530,False,0.8364958167076111,0.0
1191,18995,False,0.8298558592796326,0.0
1191,2481,False,0.7706754803657532,0.5173767335095159
1192,18793,False,0.808873176574707,0.4136006451229722
1192,15326,False,0.8283088207244873,0.0
1192,5308,False,0.7783734202384949,0.3929559682031856
1193,17864,False,0.740068256855011,0.0
1193,5592,True,0.8921672105789185,0.0
1193,4493,False,0.8684380054473877,0.5964622333117124
1194,14916,True,0.9545423984527588,0.5857580002418717
1194,4947,False,0.8906649351119995,0.0
1194,1342,False,0.9194633960723876,0.4473962434942994
1195,13380,False,0.828727126121521,0.0
1195,11396,False,0.6382099390029907,0.0
1195,5364,True,0.8691087961196899,0.5055726234005382
1196,10902,False,0.6698065996170044,0.3085046980374365
1196,9473,False,0.8065052628517151,0.3889222341312986
1196,775,False,0.6115409135818481,0.0
1197,8883,False,0.8513057827949524,0.4161508508663497
1197,4814,True,0.9644627571105956,0.6203297253876334
1197,908,False,0.8016511797904968,0.0
1198,14823,False,0.7937840819358826,0.0
1198,6884,False,0.8017549514770508,0.3980148760839956
1198,6883,False,0.7726911306381226,0.3981457805032838
1199,14171,False,0.7402298450469971,0.0
1199,8027,False,0.8062704801559448,0.0
1199,2256,False,0.7375420331954956,0.3424978902194943
1200,19354,True,0.8942364454269409,0.0
1200,3307,False,0.8528834581375122,0.3785359608864269
1200,159,True,0.8480054140090942,0.4384920534044789
1201,18691,False,0.7890163660049438,0.0
1201,8128,False,0.781488299369812,0.4291975376394761
1201,2939,False,0.7980209589004517,0.4324499820938683
1202,13910,False,0.7241232395172119,0.3729539518570105
1202,8601,False,0.7453203201293945,0.0
1202,4496,False,0.8118799328804016,0.0
1203,8725,False,0.0,0.0
1203,6691,False,0.0,0.2487480738698247
1203,6690,False,0.0,0.2395053820271107
1204,18601,False,0.0,0.283026991218202
1204,11421,False,0.0,0.0
1204,768,False,0.0,0.3103448275862069
1205,16169,False,0.7778770327568054,0.0
1205,10835,False,0.6424580812454224,0.0
1205,8313,False,0.6749380826950073,0.3586292183943594
1206,21887,False,0.8165054321289062,0.0
1206,20035,False,0.7707016468048096,0.336413706824944
1206,17056,False,0.8212401866912842,0.0
1207,17879,False,0.5863468050956726,0.0
1207,17371,False,0.5083705186843872,0.351155269517664
1207,6898,True,0.8355441689491272,0.6468162120117369
1208,18170,False,0.9459415674209596,0.7113613348066504
1208,16935,True,0.950191855430603,0.0
1208,3254,False,0.991163432598114,0.8300279198737095
1209,16101,False,0.8807383179664612,0.0
1209,14109,False,0.8534226417541504,0.5780497582289138
1209,9717,True,0.8996447324752808,0.6718710131470251
1210,15279,False,0.8895134329795837,0.5078245395811948
1210,10076,False,0.8887729644775391,0.0
1210,1324,True,0.8860489130020142,0.547141302673413
1211,20840,False,0.8150506019592285,0.4289959891251269
1211,17850,False,0.8502292633056641,0.4796320968792721
1211,16462,False,0.901689112186432,0.0
1212,21478,False,0.7075761556625366,0.3363499860730087
1212,20339,False,0.7360342741012573,0.311990325111153
1212,1317,False,0.7306215763092041,0.0
1213,18711,False,0.0,0.0
1213,18130,False,0.8893500566482544,0.4596361953749567
1213,17504,False,0.935948133468628,0.4592311467957762
1214,13803,False,0.0,0.3183668733762173
1214,10192,False,0.7341464161872864,0.4070042602770948
1214,2240,False,0.6519933342933655,0.0
1215,17475,False,0.0,0.0
1215,5370,False,0.0,0.0
1215,2718,False,0.0,0.2399494896342927
1216,14422,False,0.0,0.1970276015597751
1216,14352,False,0.0,0.0
1216,7895,False,0.0,0.1831167551911786
1217,5250,False,0.8556015491485596,0.4445741554705029
1217,5249,True,0.895673394203186,0.579879333222395
1217,1319,False,0.8301397562026978,0.0
1218,13309,False,0.8704293966293335,0.0
1218,5268,False,0.9368331432342528,0.6155209008485766
1218,5267,True,0.9540139436721802,0.7290148043997554
1219,14406,False,0.879371166229248,0.3890390100637099
1219,4406,False,0.8405856490135193,0.2964106743342551
1219,537,False,0.8118817806243896,0.0
1220,9708,False,0.721699059009552,0.3703718734938233
1220,3689,False,0.7196831107139587,0.0
1220,1714,False,0.7205561399459839,0.377307714089059
1221,4225,False,0.6917422413825989,0.2802803308317969
1221,3982,False,0.7439695000648499,0.0
1221,3820,False,0.0,0.269069117598525
1222,14849,False,0.5434237718582153,0.0
1222,1358,False,0.5546495914459229,0.3881979835323783
1222,1081,False,0.6904389262199402,0.3872696490424613
1223,12116,False,0.778243899345398,0.4443304930940997
1223,2632,False,0.8452946543693542,0.4953557898022047
1223,2025,False,0.7763311266899109,0.0
1224,12464,False,0.7749394178390503,0.0
1224,8070,True,0.8426703810691833,0.7122536028727371
1224,6031,False,0.8002604842185974,0.5556623828915214
1225,12464,False,0.8576205968856812,0.4630148636654716
1225,8071,False,0.8500754833221436,0.0
1225,2074,False,0.8449914455413818,0.0
1226,13482,False,0.8698557615280151,0.458201178974298
1226,11499,False,0.8547085523605347,0.0
1226,5477,False,0.870259702205658,0.4578621473489103
1227,5479,False,0.8937827348709106,0.3431301281613744
1227,3510,False,0.8666988611221313,0.0
1227,1525,False,0.866601824760437,0.0
1228,13482,False,0.8753167986869812,0.4524374126916349
1228,11499,False,0.8447369337081909,0.0
1228,5477,False,0.8589413166046143,0.4521026457847614
1229,10854,False,0.9515841007232666,0.7388664511337208
1229,5842,True,0.9766210317611694,0.8008534347238067
1229,2943,False,0.787647545337677,0.0
1230,12719,False,0.7991058826446533,0.0
1230,4668,False,0.8629177808761597,0.4057984286223453
1230,4667,True,0.8735312223434448,0.4416041723243169
1231,8062,False,0.8214210271835327,0.2627544741771448
1231,4755,False,0.7039372324943542,0.2820406014260053
1231,4036,False,0.850581169128418,0.0
1232,22057,False,0.8032772541046143,0.3625611364496633
1232,2594,False,0.7709789276123047,0.0
1232,621,False,0.736919105052948,0.0
1233,18428,False,0.816003680229187,0.4942339510846918
1233,12407,True,0.7797942757606506,0.4457893447634324
1233,5378,False,0.0,0.0
1234,14354,False,0.8150855302810669,0.0
1234,11748,False,0.7056136131286621,0.2296670015891188
1234,5888,False,0.6581913232803345,0.2087667001917663
1235,14157,False,0.9698059558868408,0.67760574533136
1235,4192,False,0.7542082071304321,0.0
1235,2781,False,0.6669358015060425,0.442939783914149
1236,7615,True,0.8100259304046631,0.3483943475124437
1236,4885,False,0.7995930910110474,0.0
1236,3618,False,0.817777156829834,0.3268602252303067
1237,21547,False,0.759267270565033,0.0
1237,9022,False,0.6503031849861145,0.3346007650285216
1237,6974,True,0.822724461555481,0.5196746370519363
1238,10672,False,0.0,0.2818322718026263
1238,8704,False,0.0,0.0
1238,735,False,0.0,0.259499648053841
1239,19677,False,0.6233980059623718,0.0
1239,15533,False,0.6571900844573975,0.2433623995220288
1239,177,False,0.6601295471191406,0.0
1240,19193,False,0.7070599794387817,0.2648488767886922
1240,9743,False,0.0,0.0
1240,1303,False,0.8200361132621765,0.4577486071231739
1241,18558,False,0.8758264183998108,0.5111630125684566
1241,18557,False,0.889357328414917,0.0
1241,17234,True,0.8740556836128235,0.5623646072859886
1242,8451,False,0.908764898777008,0.0
1242,5067,False,0.9484022855758668,0.0
1242,2465,True,0.9513903260231018,0.6963983590494764
1243,21694,False,0.0,0.0
1243,16608,False,0.721214234828949,0.3098702887272106
1243,14707,False,0.0,0.3102003486344046
1244,20609,False,0.8128957748413086,0.392504181761557
1244,14213,False,0.0,0.0
1244,10288,False,0.9066413640975952,0.651204254734383
1245,21743,False,0.7316737771034241,0.5749661560353623
1245,11538,False,0.823306143283844,0.5749661560353623
1245,9553,False,0.8063862919807434,0.5974790825125826
1246,21594,True,0.94292151927948,0.6989651396314279
1246,17191,True,0.8858156204223633,0.5249415273012283
1246,7944,False,0.7881928086280823,0.0
1247,19369,False,0.0,0.0
1247,14077,False,0.7343964576721191,0.3837612894400988
1247,1358,False,0.6122915148735046,0.0
1248,17354,False,0.7899215221405029,0.0
1248,16894,False,0.8728333115577698,0.4379464661261597
1248,16298,True,0.926809310913086,0.7593298721265457
1249,12909,False,0.8110601305961609,0.4272920229784936
1249,6922,False,0.7981311082839966,0.4505644729810509
1249,2931,False,0.8014035820960999,0.0
1250,11630,True,0.7961291074752808,0.0
1250,9649,False,0.7954204082489014,0.0
1250,1654,False,0.7943794131278992,0.0
1251,19234,False,0.841328501701355,0.0
1251,2073,True,0.827315628528595,0.4124355619772684
1251,87,False,0.8142675161361694,0.3940198061455671
1252,11617,False,0.6490604281425476,0.0
1252,10165,False,0.7520014047622681,0.3522639661783187
1252,7610,False,0.6811419725418091,0.0
1253,18559,False,0.737415075302124,0.3389222761354476
1253,16709,False,0.7853027582168579,0.3825184261187248
1253,15510,False,0.7522821426391602,0.0
1254,21093,False,0.6568014025688171,0.0
1254,18038,False,0.7510806322097778,0.310497193583314
1254,17392,False,0.7446670532226562,0.398864850465742
1255,6536,False,0.666490375995636,0.0
1255,2589,False,0.699032723903656,0.0
1255,620,False,0.6970309615135193,0.0
1256,20411,True,0.9443503618240356,0.7759705701987263
1256,10616,False,0.723625123500824,0.0
1256,6606,False,0.7245393991470337,0.4445128573509444
1257,17837,False,0.9168254137039183,0.6073150229926647
1257,14687,False,0.9272105097770692,0.6286638104496823
1257,13427,False,0.8722952604293823,0.0
1258,21936,True,0.7802103161811829,0.0
1258,14691,False,0.8340445756912231,0.4448143636221038
1258,9288,False,0.8681938052177429,0.552562092128169
1259,9027,False,0.7069434523582458,0.0
1259,6173,False,0.724899411201477,0.2407717061715384
1259,5986,False,0.7117898464202881,0.2182178902359924
1260,20314,False,0.8935094475746155,0.5687696939916126
1260,10622,False,0.8627176880836487,0.0
1260,8653,False,0.8482860326766968,0.4707538096263148
1261,14198,False,0.6691104173660278,0.0
1261,8266,True,0.7903292179107666,0.4468337961996004
1261,4230,False,0.8346935510635376,0.4156047072968167
1262,20118,False,0.9107085466384888,0.4405074066762564
1262,12734,True,0.9046945571899414,0.4881298290196354
1262,2762,False,0.9047821760177612,0.0
1263,22051,True,0.888080358505249,0.6132600017089628
1263,21792,False,0.5372562408447266,0.0
1263,20938,False,0.5301712155342102,0.2269799741447818
1263,12459,False,0.0,0.0
1263,7900,False,0.0,0.0
1264,12899,False,0.7970393300056458,0.3408051468921033
1264,2910,False,0.6986075639724731,0.0
1264,2313,False,0.0,0.0
1265,15146,False,0.8104749917984009,0.5232911917848363
1265,10451,False,0.7798022627830505,0.0
1265,6412,False,0.8365429639816284,0.5295583755546375
1266,19210,False,0.8018156290054321,0.4398991642813031
1266,12250,False,0.6558251976966858,0.0
1266,4232,False,0.8481841683387756,0.5915885312748559
1267,17204,False,0.8866173028945923,0.4767235804617648
1267,15908,False,0.8884166479110718,0.0
1267,1986,False,0.8659924268722534,0.4393477118897873
1268,9812,False,0.7356683015823364,0.0
1268,8472,False,0.0,0.0
1268,4380,True,0.6494555473327637,0.3985710210976945
1269,21544,False,0.8385199308395386,0.6063390625908324
1269,18322,False,0.8244117498397827,0.5398153350899705
1269,18029,False,0.8146597146987915,0.0
1270,9305,False,0.8591600656509399,0.4103021156257381
1270,9302,False,0.8591619729995728,0.4501783540539412
1270,7313,False,0.8671813607215881,0.4103021156257381
1271,19909,False,0.9053256511688232,0.3632848293969691
1271,13293,False,0.8597072958946228,0.4697895639348802
1271,11280,False,0.8785803318023682,0.0
1272,19840,False,0.7940117120742798,0.0
1272,15903,False,0.7065973281860352,0.3755909937739805
1272,8153,False,0.7937885522842407,0.4516387521771449
1273,8725,False,0.0,0.0
1273,19560,False,0.0,0.2198260025574646
1273,6691,False,0.0,0.0
1273,16909,False,0.0,0.0
1274,20542,False,0.0,0.3557532511813707
1274,7686,False,0.0,0.0
1274,5665,False,0.0,0.3537261506283055
1275,12789,False,0.0,0.2870395682613216
1275,10747,False,0.0,0.2870395682613216
1275,6749,False,0.0,0.2907594586628823
1276,6024,False,0.7977111339569092,0.3789323733725367
1276,4040,False,0.8595961332321167,0.0
1276,2066,False,0.7830380797386169,0.358974358974359
1277,1881,False,0.6547937393188477,0.0
1277,1880,False,0.6816834211349487,0.3266372899592439
1277,939,False,0.0,0.0
1278,22043,False,0.0,0.0
1278,17049,True,0.8146151900291443,0.3403838359472166
1278,10306,False,0.7220444083213806,0.3060301198424177
1279,17766,False,0.6933801174163818,0.413728378493875
1279,17437,False,0.7233552932739258,0.0
1279,17436,False,0.6952101588249207,0.3904300325312483
1280,17949,True,0.9302716255187988,0.6593656656734125
1280,9867,False,0.7600718140602112,0.0
1280,7637,True,0.974190592765808,0.7213114754098361
1281,19489,False,0.0,0.0
1281,9310,False,0.0,0.0
1281,7981,False,0.5967944860458374,0.2642749890573639
1282,13212,False,0.8974523544311523,0.539163866017192
1282,12449,False,0.7928692102432251,0.0
1282,1240,False,0.9910227060317992,0.7144345083117603
1283,14891,False,0.8770411014556885,0.4678877204190327
1283,12522,False,0.8172049522399902,0.3925679419426603
1283,3484,False,0.6206163167953491,0.0
1284,21065,False,0.946176290512085,0.6410531683042845
1284,15292,False,0.9032384157180786,0.0
1284,7323,False,0.9144481420516968,0.5932031982080518
1285,16654,False,0.8311839699745178,0.4265167106155983
1285,16269,False,0.8512638807296753,0.4673354541372074
1285,4590,False,0.8350412249565125,0.0
1286,21805,False,0.7091789245605469,0.0
1286,16839,False,0.8500640988349915,0.5305138136230823
1286,16535,True,0.8561608195304871,0.6022650697871447
1287,18587,False,0.6348279118537903,0.0
1287,16458,False,0.8228085041046143,0.3385649403756552
1287,15033,True,0.9475919008255004,0.6632622708377433
1288,18131,False,0.7980403900146484,0.0
1288,17164,False,0.819165050983429,0.3029196256855408
1288,2013,False,0.8523766994476318,0.3353752998661344
1289,20260,False,0.7665219306945801,0.4253198913368353
1289,18530,False,0.7571716904640198,0.3787048546649207
1289,17581,False,0.7482717633247375,0.0
1290,20998,False,0.7303902506828308,0.0
1290,12803,False,0.6285810470581055,0.2869207180030554
1290,8239,False,0.8299345374107361,0.2773500981126146
1291,19085,False,0.9026559591293336,0.511292647969764
1291,17829,False,0.9269006848335266,0.5855555636027702
1291,6555,False,0.7647600173950195,0.0
1292,21178,False,0.7963960766792297,0.3455923703186473
1292,18602,True,0.8420898914337158,0.450923614416335
1292,9476,False,0.6420482993125916,0.0
1293,14264,False,0.909376621246338,0.5697001318001407
1293,8344,False,0.8489565849304199,0.5157106231293966
1293,6271,False,0.7524402141571045,0.0
1294,14247,False,0.805397093296051,0.0
1294,11988,False,0.8752087354660034,0.5554920598635309
1294,6262,False,0.894336998462677,0.5209615784139698
1295,12447,False,0.8212259411811829,0.372387484580831
1295,8464,False,0.8077772855758667,0.0
1295,6405,True,0.8996126651763916,0.4530455884900605
1296,21566,False,0.913404107093811,0.6527162480791984
1296,17203,False,0.8844911456108093,0.0
1296,16598,False,0.9205732345581056,0.6864774333246741
1297,13309,False,0.9721531867980956,0.556157684830292
1297,5270,False,0.959879994392395,0.5608544113873727
1297,1343,False,0.9545779824256896,0.0
1298,19922,False,0.7633138298988342,0.5361799218610493
1298,8455,True,0.8882838487625122,0.7150595942064865
1298,1400,False,0.7506035566329956,0.0
1299,21991,False,0.859734058380127,0.4921533422427422
1299,14223,True,0.8547984957695007,0.0
1299,13488,False,0.862476646900177,0.5037397678898835
1300,17881,False,0.0,0.0
1300,16763,False,0.8779586553573608,0.5398468234642636
1300,7620,False,0.8614401817321777,0.555174907648204
1301,6494,True,0.9480342864990234,0.5981460003802566
1301,5233,False,0.8547027111053467,0.0
1301,1653,False,0.9189172983169556,0.611775290321498
1302,19589,False,0.799391508102417,0.4771881009219301
1302,11183,False,0.8557202816009521,0.4035783140528101
1302,6944,False,0.7978038191795349,0.0
1303,16173,False,0.6401559114456177,0.0
1303,7438,False,0.7373747825622559,0.2865349415468778
1303,4225,False,0.6639930605888367,0.2896827297511605
1304,10473,True,0.7422808408737183,0.4363308554120547
1304,9708,False,0.6035820245742798,0.0
1304,6917,False,0.6591647267341614,0.3304611103511961
1305,19775,False,0.5884097814559937,0.0
1305,8409,False,0.5517018437385559,0.3409971697352367
1305,2558,True,0.6304069757461548,0.4265617038812147
1306,16837,False,0.8552362322807312,0.4052818694009866
1306,4544,False,0.7161445617675781,0.293054956279867
1306,2791,False,0.772849977016449,0.0
1307,21644,False,0.0,0.3298821187492406
1307,19092,False,0.6496932506561279,0.0
1307,12437,False,0.0,0.3270855683975289
1308,12032,False,0.6428959369659424,0.3411073643316614
1308,6000,False,0.7378392815589905,0.0
1308,3677,False,0.6496540904045105,0.0
1309,19229,False,0.7576491236686707,0.3405026123034994
1309,15127,False,0.8393639326095581,0.2700540162054018
1309,1204,False,0.7865802049636841,0.0
1310,7846,False,0.0,0.0
1310,6837,False,0.6428032517433167,0.3008967382970351
1310,916,False,0.6326843500137329,0.3001421127507466
1311,14760,False,0.8873019814491272,0.4955156044825574
1311,4793,False,0.8694943189620972,0.4001361753675521
1311,879,False,0.8740471601486206,0.0
1312,13694,False,0.656409502029419,0.0
1312,5689,False,0.8265971541404724,0.4232863482168851
1312,3711,False,0.8724674582481384,0.4361702127659574
1313,11025,False,0.7903039455413818,0.0
1313,9877,False,0.7382889986038208,0.3460498804370834
1313,7836,False,0.6256335973739624,0.3308680767474044
1314,10168,False,0.7009931206703186,0.2895047709182717
1314,8145,False,0.7066221237182617,0.0
1314,4647,False,0.7607777714729309,0.3966148897690514
1315,21112,False,0.8972572088241577,0.5661180415296205
1315,20251,False,0.8745510578155518,0.5164835164835165
1315,4619,False,0.8615742921829224,0.0
1316,13912,False,0.9380066990852356,0.0
1316,8606,False,0.8884798884391785,0.4619849857319416
1316,5930,False,0.8738953471183777,0.4597701149425287
1317,20506,False,0.837950587272644,0.0
1317,15355,False,0.830017626285553,0.5648124578046888
1317,9408,False,0.8293932676315308,0.5824120670226641
1318,21110,False,0.8633573651313782,0.6200532391798915
1318,13730,False,0.8288847208023071,0.5985492242039533
1318,6171,False,0.642024576663971,0.0
1319,6238,False,0.0,0.0
1319,2313,False,0.0,0.0
1319,96,False,0.763298749923706,0.0
1320,21571,False,0.8084182739257812,0.3899064336825272
1320,3576,False,0.7989950180053711,0.0
1320,884,True,0.8468583822250366,0.4434434537143339
1321,15062,False,0.6998381018638611,0.3889087296526011
1321,5103,False,0.8603735566139221,0.0
1321,1143,False,0.9069140553474426,0.0
1322,8133,False,0.601641058921814,0.0
1322,6626,False,0.7980340719223022,0.3989624992875176
1322,2144,False,0.6159423589706421,0.3107723875462024
1323,15270,False,0.8337737321853638,0.0
1323,5250,False,0.8781217336654663,0.4776968159787421
1323,1316,False,0.8072002530097961,0.483787071604722
1324,8883,False,0.8774147033691406,0.0
1324,918,False,0.8816714882850647,0.3952847075210474
1324,912,True,0.835318922996521,0.5012213344291687
1325,19703,False,0.7840245962142944,0.4160912826350687
1325,10508,False,0.887539803981781,0.5158132883285285
1325,4460,False,0.789839506149292,0.0
1326,7525,False,0.5476369857788086,0.0
1326,4110,False,0.7451241612434387,0.2782074420373286
1326,1553,False,0.6001684665679932,0.0
1327,18601,False,0.7223948240280151,0.3519093721195374
1327,4739,False,0.0,0.0
1327,768,False,0.0,0.3236377285026343
1328,18151,False,0.0,0.2534723885322654
1328,17184,False,0.0,0.0
1328,16317,False,0.0,0.2479008864411899
1329,18601,False,0.0,0.2727829427161619
1329,14443,False,0.0,0.0
1329,12797,False,0.0,0.0
1330,14443,False,0.0,0.0
1330,12797,False,0.0,0.2598533593518948
1330,2830,False,0.0,0.2515136364329793
1331,18198,False,0.0,0.0
1331,17383,False,0.0,0.0
1331,17380,False,0.6695657968521118,0.0
1331,16199,False,0.0,0.0
1331,260,False,0.6930674314498901,0.2872972024571115
1332,12781,False,0.0,0.0
1332,820,False,0.0,0.0
1332,806,False,0.0,0.3201601201000876
1333,12222,False,0.0,0.2245425731055609
1333,7686,False,0.0,0.0
1333,5666,False,0.0,0.0
1334,19791,False,0.8879026770591736,0.6537653267544178
1334,8618,True,0.8986034989356995,0.6841280502097693
1334,8617,False,0.8568320870399475,0.0
1334,645,False,0.8748717904090881,0.0
1335,18576,False,0.6947437524795532,0.3048284008787582
1335,17516,False,0.6063663959503174,0.0
1335,4989,False,0.687224805355072,0.0
1336,12595,False,0.7497924566268921,0.0
1336,12347,False,0.853857696056366,0.36
1336,11951,False,0.8995413780212402,0.408248290463863
1337,13821,False,0.7086330056190491,0.3250088136333041
1337,11039,False,0.6868916749954224,0.3102356857408812
1337,1143,False,0.0,0.0
1338,18485,False,0.9022461771965028,0.6063829787234043
1338,17543,True,0.8967831134796143,0.6382978723404256
1338,16455,False,0.9248400926589966,0.0
1339,17974,False,0.0,0.0
1339,11304,False,0.0,0.1637846049706651
1339,4418,False,0.0,0.0
1340,10469,False,0.7651450634002686,0.0
1340,8497,False,0.8136329650878906,0.5186989917040848
1340,8496,True,0.8908252120018005,0.6397194104389903
1341,17230,False,0.5662332773208618,0.0
1341,16778,False,0.5630881190299988,0.0
1341,13431,False,0.0,0.0
1342,21065,False,0.901925802230835,0.0
1342,9327,False,0.9290547370910645,0.5956904342664618
1342,7323,False,0.9285681247711182,0.6024719981800526
1343,14125,False,0.8440341949462891,0.0
1343,5695,False,0.6250191926956177,0.0
1343,83,False,0.842983603477478,0.2597056905574371
1344,21729,False,0.0,0.3788383804718293
1344,20767,False,0.5641830563545227,0.0
1344,16450,False,0.0,0.3788383804718293
1345,20145,True,0.933064579963684,0.7118052168020874
1345,14257,True,0.8292481899261475,0.5461186812727502
1345,256,False,0.7587462663650513,0.0
1346,18704,False,0.6134238243103027,0.0
1346,10885,False,0.8008254170417786,0.3678260598380847
1346,3431,False,0.74089115858078,0.3379226676671872
1347,17503,False,0.7775713801383972,0.3509664885977756
1347,16412,False,0.8440796732902527,0.0
1347,12431,False,0.6842925548553467,0.322061626573839
1348,21432,False,0.9659601449966432,0.0
1348,12647,False,0.9621310234069824,0.601900725002571
1348,12646,False,0.9650837182998656,0.5719416415853198
1349,19976,False,0.9381174445152284,0.0
1349,12191,True,0.9565744996070862,0.8158465211811429
1349,4659,True,0.9536727666854858,0.6981821504518082
1350,18611,False,0.7432537078857422,0.3588568761449544
1350,12557,False,0.6303852796554565,0.0
1350,2557,False,0.8214330673217773,0.3928494732864196
1351,19691,False,0.7796957492828369,0.2792266661665051
1351,13775,False,0.7616555690765381,0.0
1351,1904,False,0.6507869958877563,0.318664930693708
1352,5798,False,0.0,0.2285947557571372
1352,5070,False,0.7118919491767883,0.0
1352,4123,False,0.7677200436592102,0.3071037474752105
1353,12867,False,0.8721315264701843,0.4185976049587952
1353,12866,False,0.9122593402862548,0.0
1353,10806,False,0.909211039543152,0.0
1354,18863,False,0.7558668255805969,0.0
1354,18778,False,0.8772598505020142,0.6544692871891227
1354,17577,False,0.7104859352111816,0.0
1355,8536,False,0.7455766201019287,0.0
1355,6466,False,0.8160154819488525,0.3307592922378892
1355,559,False,0.9407963752746582,0.5063696835418333
1356,11521,False,0.8564022779464722,0.0
1356,11269,False,0.8466079831123352,0.4073204980802419
1356,9287,False,0.8287593126296997,0.3941203906840411
1357,12207,False,0.8347365856170654,0.458164910174366
1357,10675,False,0.8675991296768188,0.4022911406409067
1357,8708,False,0.8037480115890503,0.0
1358,20388,False,0.7927149534225464,0.3352657166714094
1358,18561,False,0.61014723777771,0.2524866135146177
1358,9664,False,0.688342809677124,0.0
1359,13460,False,0.0,0.0
1359,9532,False,0.6431545615196228,0.0
1359,1903,True,0.9069374799728394,0.6080335103257679
1360,6332,False,0.7300705313682556,0.3937307753338264
1360,4911,False,0.80126953125,0.0
1360,994,True,0.8207395076751709,0.454118164021709
1361,21132,False,0.723403811454773,0.0
1361,17749,False,0.7350945472717285,0.3435381428036076
1361,9914,False,0.7535183429718018,0.3194752595165698
1362,18484,False,0.7121472358703613,0.4402031370212143
1362,17388,True,0.8205825686454773,0.7677001739647403
1362,14646,False,0.690217912197113,0.0
1363,11757,False,0.888210654258728,0.0
1363,11756,False,0.7294638156890869,0.4255404282611184
1363,7758,False,0.8908200263977051,0.3777777777777777
1364,19691,False,0.5454733371734619,0.0
1364,15809,False,0.6845580339431763,0.3155260679511275
1364,1904,False,0.7335842847824097,0.3513479708439033
1365,18372,True,0.9769417643547058,0.8923014143544529
1365,16184,False,0.8241413831710815,0.6625413488689132
1365,5431,False,0.8627232313156128,0.0
1366,21150,False,0.8566373586654663,0.0
1366,7997,False,0.854878306388855,0.5370431697233088
1366,5955,False,0.9251339435577391,0.4483265302665723
1367,12146,False,0.8663851022720337,0.507217573000557
1367,9677,False,0.868257999420166,0.0
1367,5637,False,0.84322190284729,0.3863455697466961
1368,17063,False,0.7222684025764465,0.0
1368,13603,False,0.6311183571815491,0.0
1368,12442,True,0.7374752163887024,0.3668705402807885
1369,14864,True,0.7848021984100342,0.3514618163449016
1369,14291,False,0.7115803956985474,0.0
1369,14290,False,0.6651537418365479,0.0
1370,21598,False,0.8132398128509521,0.0
1370,5172,True,0.8453783988952637,0.4534610361596514
1370,3222,False,0.8150458335876465,0.0
1371,11379,False,0.7191175222396851,0.0
1371,6907,False,0.7276155352592468,0.28593138470052
1371,737,False,0.7809399366378784,0.0
1372,5299,False,0.688385546207428,0.0
1372,3891,False,0.6323580741882324,0.3640356772446406
1372,151,False,0.8148699998855591,0.4093108459078636
1373,21855,False,0.6054182052612305,0.0
1373,13397,False,0.6183420419692993,0.0
1373,5806,False,0.7454107403755188,0.3871471347966618
1374,8587,False,0.7393248677253723,0.2976754978374334
1374,2977,False,0.5844223499298096,0.0
1374,977,False,0.7162833213806152,0.0
1375,6691,False,0.0,0.0
1375,6690,False,0.0,0.0
1375,19334,False,0.0,0.2630676812512145
1376,15793,False,0.7203620672225952,0.323047869190461
1376,15433,False,0.7597916722297668,0.3592045753609742
1376,3409,False,0.7768092155456543,0.0
1377,12161,True,0.9105741381645204,0.6793420948374845
1377,11802,False,0.8850580453872681,0.596746380931159
1377,4401,False,0.0,0.0
1378,16086,False,0.7825546264648438,0.37282185960072
1378,15801,False,0.8481971621513367,0.4706208053350116
1378,12464,False,0.6689012050628662,0.0
1379,15528,False,0.732346773147583,0.0
1379,8132,False,0.7983584403991699,0.0
1379,5550,False,0.0,0.3026577796814937
1379,5544,False,0.7388046383857727,0.0
1380,20890,True,0.6371479630470276,0.3919647479510926
1380,13565,False,0.6564900875091553,0.3440511766019877
1380,9622,False,0.6570391058921814,0.0
1381,10790,False,0.677219033241272,0.2386235036005218
1381,6801,False,0.6839991211891174,0.264462921418449
1381,872,False,0.66075199842453,0.0
1382,21799,False,0.8916121125221252,0.0
1382,12595,False,0.8795067667961121,0.4439280032528608
1382,1978,False,0.878434419631958,0.4383972994809528
1383,9286,False,0.0,0.23221663757923
1383,4922,False,0.0,0.2439223466004579
1383,1680,False,0.6276055574417114,0.23221663757923
1384,15299,False,0.8991632461547852,0.560415288130103
1384,15294,False,0.872718095779419,0.4803459897244075
1384,1341,False,0.8627175092697144,0.0
1385,17914,False,0.7751977443695068,0.4737104555999169
1385,17862,False,0.778401792049408,0.0
1385,17536,True,0.9295432567596436,0.819978250820879
1386,21296,False,0.7133170366287231,0.0
1386,17060,False,0.6343076229095459,0.3279029203945156
1386,16760,False,0.7370425462722778,0.3499482363378076
1387,16050,False,0.763146162033081,0.0
1387,5044,False,0.9095205068588256,0.344741489809483
1387,2119,False,0.8960955142974854,0.3127313958110473
1388,18659,False,0.5611986517906189,0.0
1388,6674,False,0.0,0.0
1388,3049,False,0.5844521522521973,0.0
1389,21108,False,0.0,0.0
1389,19838,False,0.0,0.0
1389,5375,False,0.6845014095306396,0.2719641466102106
1390,18269,False,0.8686796426773071,0.0
1390,16162,False,0.8481292128562927,0.5034106210860607
1390,15530,False,0.7867376208305359,0.4836912437199343
1391,10887,False,0.9420793652534484,0.496655480858378
1391,4885,False,0.946513295173645,0.0
1391,2976,False,0.9838128089904784,0.6225302078205707
1392,20274,False,0.4261184334754944,0.0
1392,8472,False,0.0,0.0
1392,4380,False,0.5438041090965271,0.0
1393,17763,False,0.8001525402069092,0.5749103765657715
1393,17130,False,0.8098866939544678,0.0
1393,16923,False,0.7777023911476135,0.5560384374855327
1394,19580,False,0.7600904703140259,0.3710644084563242
1394,13530,True,0.6102572679519653,0.5266851623825876
1394,10851,False,0.5697587728500366,0.0
1395,13470,False,0.7192116379737854,0.2877772315344771
1395,9254,False,0.79566490650177,0.2838067394000256
1395,5443,False,0.8280467987060547,0.0
1396,13905,False,0.6601924896240234,0.0
1396,2438,True,0.6701362729072571,0.2604690513614415
1396,2200,False,0.6417462825775146,0.0
1397,20805,True,0.9558415412902832,0.6449765968546637
1397,19113,False,0.9007267355918884,0.5508094528882501
1397,3543,False,0.0,0.0
1398,10620,False,0.9106724262237548,0.4914498840225187
1398,8651,False,0.6337259411811829,0.0
1398,4586,False,0.9368497133255004,0.6334887265818564
1399,18707,False,0.6558464765548706,0.3682935492352595
1399,12744,False,0.8074418306350708,0.4052818694009866
1399,6438,False,0.0,0.0
1400,18727,True,0.8706349730491638,0.4366913682654144
1400,3051,False,0.8855121731758118,0.0
1400,1171,False,0.8237327933311462,0.3809611959277029
1401,20660,False,0.6283330321311951,0.3064142895501718
1401,12601,False,0.6887763142585754,0.2907633496968489
1401,2600,False,0.6505234241485596,0.0
1402,20183,False,0.8667222261428833,0.4186454082432664
1402,19174,False,0.7995162606239319,0.0
1402,10190,False,0.746255099773407,0.0
1403,15519,False,0.631332516670227,0.3780044164146765
1403,14077,False,0.6909610033035278,0.0
1403,585,False,0.6062697768211365,0.3749343922215396
1404,18622,False,0.8717211484909058,0.4826969272011288
1404,12267,False,0.8584223985671997,0.0
1404,363,False,0.8808512687683105,0.5910196594227318
1405,21423,False,0.63690185546875,0.4130434782608695
1405,14894,True,0.8988295197486877,0.3987219658473174
1405,2620,False,0.7194587588310242,0.0
1406,18821,False,0.0,0.0
1406,16894,False,0.7777262330055237,0.3346580611898701
1406,12301,False,0.7968860864639282,0.4821427739927794
1407,21856,False,0.4971143305301666,0.4056740422696879
1407,5414,False,0.0,0.0
1407,15408,False,0.6312520503997803,0.3232967609798096
1408,20253,False,0.8178014755249023,0.4227402530709188
1408,18494,True,0.8189630508422852,0.4762820424784469
1408,9829,True,0.8750569820404053,0.0
1409,20511,False,0.6082403063774109,0.0
1409,19374,False,0.6166448593139648,0.0
1409,13423,False,0.8187169432640076,0.3300547988028139
1410,21936,False,0.0,0.0
1410,10489,False,0.8011226654052734,0.3832065746174206
1410,768,False,0.7808799743652344,0.4508745844891368
1411,15390,False,0.70782870054245,0.267604730645939
1411,1447,False,0.0,0.0
1411,68,False,0.0,0.2054924842213708
1412,21099,False,0.7277594804763794,0.2739271345377727
1412,17085,False,0.7120233178138733,0.0
1412,16818,True,0.8901662826538086,0.5319710492864359
1413,14668,False,0.8681391477584839,0.0
1413,8826,False,0.8711419105529785,0.5215422745773276
1413,2788,True,0.9686245918273926,0.6111488375124257
1414,19704,False,0.8089045286178589,0.0
1414,16723,False,0.6693378686904907,0.5370670825291415
1414,2485,False,0.8522732257843018,0.3890813798878566
1415,10392,False,0.6185675859451294,0.2601031971418619
1415,6344,False,0.7002493143081665,0.3370101854969077
1415,2427,False,0.6256446838378906,0.0
1416,13261,False,0.6521275043487549,0.2245728327938927
1416,7392,False,0.0,0.0
1416,2035,False,0.7329728603363037,0.0
1417,21251,False,0.5257164239883423,0.0
1417,16356,False,0.5793107748031616,0.476430612603213
1417,7248,True,0.6317283511161804,0.7042028396309279
1418,8810,False,0.8872146606445312,0.0
1418,6759,False,0.8612478375434875,0.4322964770715603
1418,4752,False,0.8768249750137329,0.0
1419,20145,False,0.8360769748687744,0.6092717958449424
1419,14257,True,0.7374383211135864,0.0
1419,256,False,0.8639088273048401,0.599306773838415
1420,12305,False,0.8619664907455444,0.0
1420,10308,False,0.733883261680603,0.344486409130969
1420,6261,False,0.7175484895706177,0.3417900302840103
1421,16837,False,0.6878008246421814,0.3235294117647059
1421,14080,False,0.7126054763793945,0.0
1421,4544,False,0.6543467044830322,0.323060876013059
1422,20879,False,0.7184573411941528,0.2437908166116003
1422,6271,False,0.7417459487915039,0.0
1422,2010,False,0.7124036550521851,0.2259664142472307
1423,9727,False,0.885158896446228,0.4912507507890747
1423,8170,False,0.863350510597229,0.5341269806380105
1423,7699,False,0.8533557653427124,0.0
1424,14148,False,0.9037667512893676,0.6405884289881728
1424,8192,True,0.95732182264328,0.673242825816457
1424,2225,False,0.9248498678207396,0.0
1425,14644,False,0.8807379007339478,0.6269796234933493
1425,9063,False,0.7657937407493591,0.0
1425,2754,False,0.9277635216712952,0.7191215911882334
1426,14635,False,0.878731369972229,0.0
1426,10692,False,0.9333179593086244,0.8470277207592527
1426,6690,False,0.903422713279724,0.7443529319489176
1427,18907,False,0.7068707942962646,0.316035788690084
1427,16928,False,0.5432466864585876,0.0
1427,7122,False,0.0,0.3217491334757063
1428,18991,False,0.6827394962310791,0.4249182927993987
1428,14824,False,0.7146701812744141,0.0
1428,14599,False,0.7204087376594543,0.3757345746510896
1429,10529,False,0.7987140417098999,0.0
1429,10087,False,0.7358760833740234,0.0
1429,4048,False,0.735241174697876,0.4368240761196802
1430,15354,False,0.9327094554901124,0.5463917525773195
1430,11656,False,0.9022880792617798,0.0
1430,3393,False,0.9194762706756592,0.6492947563562464
1431,12354,False,0.8018589019775391,0.2777949261420117
1431,9649,False,0.6534281373023987,0.3033144607112223
1431,6315,False,0.6501492857933044,0.0
1432,19392,False,0.8014250993728638,0.0
1432,15580,False,0.8124761581420898,0.4427377038228051
1432,3955,False,0.8276169300079346,0.5058823529411764
1433,19691,False,0.578676700592041,0.0
1433,15809,False,0.7124111652374268,0.3191534511615645
1433,1904,False,0.7634999752044678,0.3494640539376911
1434,11053,False,0.6052094101905823,0.2448143633862763
1434,6705,False,0.0,0.0
1434,6454,False,0.0,0.0
1435,20813,False,0.741405725479126,0.0
1435,7324,True,0.7532612681388855,0.4885042104591972
1435,3328,False,0.7868339419364929,0.4214177914970075
1436,19629,False,0.6800671815872192,0.0
1436,13325,False,0.6934778094291687,0.3550358012483631
1436,5339,False,0.6851037740707397,0.0
1437,19402,False,0.8502663969993591,0.547996624351191
1437,11708,False,0.6994571685791016,0.0
1437,11704,True,0.8698974847793579,0.5753964555687505
1438,7441,False,0.8665415048599243,0.3843450362512031
1438,5421,False,0.7899494171142578,0.3856962663899156
1438,1841,False,0.7218965291976929,0.0
1439,21585,False,0.6843756437301636,0.0
1439,19654,True,0.7920660972595215,0.318529494648516
1439,1636,False,0.706429660320282,0.0
1440,12635,False,0.7495070695877075,0.4139186771923578
1440,6594,False,0.7725512981414795,0.0
1440,669,False,0.7713745832443237,0.4196811634276874
1441,21481,False,0.8201649188995361,0.4077347703983915
1441,15284,True,0.8160953521728516,0.3966951530631785
1441,1328,False,0.698973536491394,0.0
1442,20337,False,0.0,0.3178208630818641
1442,18397,False,0.5953817963600159,0.0
1442,14327,False,0.0,0.3178208630818641
1443,12276,False,0.9330588579177856,0.5093248125762992
1443,8302,False,0.8538680076599121,0.4543441112511214
1443,6237,False,0.8240002393722534,0.0
1444,13373,False,0.0,0.0
1444,6691,False,0.6763222217559814,0.0
1444,6690,False,0.7774181365966797,0.2790251151701758
1445,13373,False,0.0,0.3353353533357125
1445,9063,False,0.0,0.3147706032286744
1445,768,False,0.0,0.0
1446,21637,False,0.7120591402053833,0.0
1446,20034,False,0.7910585403442383,0.0
1446,11980,False,0.8003499507904053,0.3171375378524889
1447,16347,False,0.8830205798149109,0.4837663183255617
1447,8947,False,0.8474315404891968,0.0
1447,8941,False,0.8521029949188232,0.504361252031014
1448,13444,False,0.6548470258712769,0.2950164503686729
1448,7902,True,0.8094555139541626,0.7002143841610163
1448,5189,False,0.0,0.0
1449,14276,False,0.5831868648529053,0.0
1449,12000,False,0.5634288787841797,0.2286180900863724
1449,420,False,0.0,0.0
1450,20772,False,0.7732617855072021,0.0
1450,15245,False,0.7522724866867065,0.0
1450,3290,False,0.7624706625938416,0.3092112190146391
1451,21565,False,0.7772932648658752,0.4483059902227107
1451,14173,False,0.7073826193809509,0.0
1451,4719,True,0.8729000091552734,0.4849742261192856
1452,12047,False,0.608572244644165,0.2779692826455979
1452,10066,False,0.7060163617134094,0.0
1452,10064,False,0.6950345635414124,0.2417728402451219
1453,19451,False,0.8144207000732422,0.4474464586219599
1453,17237,False,0.8215165138244629,0.0
1453,17234,False,0.7898310422897339,0.4054424270396916
1454,21446,False,0.8324774503707886,0.0
1454,21423,False,0.8557316064834595,0.4259217009643015
1454,10760,False,0.7818086743354797,0.4364033449786122
1455,17224,False,0.7242777347564697,0.0
1455,16409,False,0.8600171208381653,0.5608456449716065
1455,14080,False,0.8455997705459595,0.5959317538304524
1456,20054,False,0.7504689693450928,0.4494169778817962
1456,18231,True,0.8770800828933716,0.4446551292369358
1456,13392,False,0.761276364326477,0.0
1457,19172,False,0.601837694644928,0.2036402816923437
1457,8346,True,0.9603061676025392,0.7051146720692056
1457,2016,False,0.0,0.2036402816923437
1458,20580,False,0.7078834176063538,0.0
1458,16055,True,0.760427713394165,0.4302219952021514
1458,15457,False,0.7636392116546631,0.3405026123034994
1459,20526,False,0.8787970542907715,0.0
1459,19650,False,0.8670936822891235,0.5313256443758917
1459,12118,False,0.853765070438385,0.5542739954736933
1460,20377,False,0.8076496124267578,0.5302386611083358
1460,14620,False,0.0,0.0
1460,14498,True,0.7428268194198608,0.5333903903418221
1461,15748,False,0.7502519488334656,0.0
1461,13751,False,0.7404124140739441,0.3616583514170581
1461,3780,True,0.7817472219467163,0.3461160877674433
1462,6818,False,0.5455442070960999,0.0
1462,17412,False,0.8075273633003235,0.5175491695067657
1462,16833,False,0.8275977373123169,0.5154060995580372
1463,10238,True,0.8072587847709656,0.4582642497811517
1463,8244,False,0.8907501697540283,0.5703729703670444
1463,2808,False,0.8571203947067261,0.0
1464,12216,False,0.640888512134552,0.0
1464,4659,False,0.0,0.0
1464,4204,False,0.6171257495880127,0.0
1465,20564,False,0.8436751961708069,0.4680648595607224
1465,6802,False,0.8587942123413086,0.0
1465,2872,False,0.8518030643463135,0.4605805457350094
1466,15575,True,0.8413622379302979,0.679755154315568
1466,13592,True,0.8459755182266235,0.0
1466,11641,False,0.8678701519966125,0.6699739946729655
1467,11532,False,0.8141573667526245,0.0
1467,6088,False,0.8127754926681519,0.4049952641959706
1467,5507,False,0.8038274049758911,0.4093490967751126
1468,10254,False,0.9146976470947266,0.6049616738671898
1468,9996,False,0.8964546918869019,0.509701901028405
1468,672,False,0.8974664211273193,0.0
1469,9245,False,0.5893028378486633,0.0
1469,1627,False,0.0,0.0
1469,1278,False,0.581251859664917,0.0
1470,16017,False,0.9201844930648804,0.3300786827097072
1470,14035,False,0.8694573044776917,0.0
1470,6054,False,0.8733333349227905,0.306800433546135
1471,20758,False,0.8980344533920288,0.0
1471,13158,False,0.932038426399231,0.3451342449813167
1471,1177,False,0.8655073642730713,0.319568745353071
1472,21014,False,0.6701829433441162,0.0
1472,15471,False,0.6707523465156555,0.5069672674608094
1472,2966,False,0.6023021936416626,0.39032687899217
1473,15187,False,0.6294951438903809,0.0
1473,3250,True,0.9636540412902832,0.7692070637570512
1473,3248,True,0.8642826676368713,0.5191699914900666
1474,14224,False,0.7446495294570923,0.0
1474,14215,False,0.6836617588996887,0.0
1474,3961,True,0.8664664030075073,0.6054055145966812
1475,12654,False,0.9149705171585084,0.5397302023313976
1475,8650,True,0.8758987188339233,0.5164873619010147
1475,2678,False,0.8784440755844116,0.0
1476,19321,False,0.7650425434112549,0.0
1476,11083,True,0.9877649545669556,0.7885843035223029
1476,1124,False,0.9320844411849976,0.4619348854371559
1477,12399,False,0.7679330706596375,0.4767312946227962
1477,8420,False,0.8778679370880127,0.0
1477,2432,True,0.9178056120872498,0.5682541697904469
1478,19193,False,0.7763388752937317,0.0
1478,15680,False,0.7176764011383057,0.3579939178712621
1478,1766,False,0.774773120880127,0.4015896734278442
1479,14308,False,0.7859467267990112,0.3568036733995525
1479,10478,False,0.6250344514846802,0.0
1479,5342,False,0.6238936185836792,0.3226846491761072
1480,9124,False,0.6693665981292725,0.0
1480,8805,False,0.0,0.0
1480,1459,False,0.0,0.3109371676027109
1481,16118,False,0.8351922035217285,0.3947187121042206
1481,12072,False,0.8326864838600159,0.4555765910595132
1481,4162,False,0.8582333326339722,0.0
1482,6504,False,0.7455788850784302,0.3346709757428361
1482,6503,True,0.8414890766143799,0.5059952427077118
1482,2551,False,0.805017352104187,0.0
1483,21406,False,0.7632633447647095,0.0
1483,7546,False,0.8040385246276855,0.4387295239075446
1483,5531,False,0.770205557346344,0.4463285656069375
1484,21490,False,0.848541259765625,0.5085133809309825
1484,16085,False,0.7281674146652222,0.0
1484,15558,True,0.880458652973175,0.5503953220024497
1485,3353,False,0.7471582889556885,0.0
1485,1375,True,0.911341905593872,0.6262126856349297
1485,166,False,0.7966481447219849,0.4966580356902356
1486,13414,False,0.8659716248512268,0.4000661320993193
1486,11438,False,0.8157362937927246,0.0
1486,5421,False,0.832798957824707,0.0
1487,3576,False,0.8328845500946045,0.0
1487,3573,True,0.7745966911315918,0.3823587822078593
1487,888,False,0.8160175085067749,0.0
1488,8921,False,0.0,0.0
1488,5389,False,0.0,0.2931611643727891
1488,57,False,0.4454803764820099,0.3231151638207484
1489,4461,False,0.8115397691726685,0.0
1489,17080,False,0.8846458792686462,0.4778670988222359
1489,2077,True,0.8855453729629517,0.55252639055719
1490,19560,False,0.0,0.2591977286403176
1490,6691,False,0.0,0.2501901037697985
1490,6690,False,0.0,0.0
1491,18601,False,0.7197074294090271,0.288036707419063
1491,10489,False,0.0,0.0
1491,768,False,0.0,0.3041403760822251
1492,18601,False,0.7236987948417664,0.3084354951237373
1492,10489,False,0.0,0.0
1492,768,False,0.0,0.3739284608269113
1493,19053,False,0.8889848589897156,0.491042141036732
1493,11392,False,0.8679399490356445,0.4863603830857975
1493,6377,False,0.7845796346664429,0.0
1494,13373,False,0.6581521034240723,0.3022472224167604
1494,9063,False,0.6508773565292358,0.317757028381549
1494,6691,False,0.7140379548072815,0.0
1494,6690,False,0.8121626377105713,0.0
1495,17886,False,0.6661269068717957,0.0
1495,16962,False,0.6687384843826294,0.2995638229221228
1495,12521,False,0.0,0.0
1496,20035,False,0.7195184230804443,0.285223644916906
1496,16727,False,0.0,0.0
1496,2306,False,0.6274445056915283,0.2549738713368883
1497,9812,False,0.6490378379821777,0.0
1497,8471,False,0.0,0.0
1497,652,False,0.0,0.2736902757519867
1498,19352,False,0.8869020938873291,0.0
1498,18777,False,0.9177149534225464,0.6092114330572731
1498,5234,True,0.9294384717941284,0.6827369508400475
1499,21803,False,0.0,0.0
1499,17731,False,0.0,0.0
1499,4637,True,0.8530063629150391,0.6685032174373867
1500,18564,False,0.7224724292755127,0.3629058834906219
1500,17007,False,0.730265200138092,0.3347545459894548
1500,16888,False,0.5471225380897522,0.0
1501,18710,False,0.7840452194213867,0.0
1501,14673,False,0.8181940913200378,0.2778045734926693
1501,8772,False,0.7126286029815674,0.0
1502,14348,False,0.8845173120498657,0.0
1502,13545,False,0.7841261625289917,0.0
1502,4616,False,0.7483196258544922,0.6245226097015945
1503,17060,False,0.7261796593666077,0.0
1503,16761,False,0.8026057481765747,0.2613362308998227
1503,2013,False,0.8750352263450623,0.340224265772458
1504,8885,False,0.8968455791473389,0.5368754921931593
1504,4817,False,0.9743760824203492,0.7897539744795119
1504,4813,False,0.873259425163269,0.0
1505,16360,False,0.7896795272827148,0.0
1505,12090,False,0.8390299677848816,0.4111111111111111
1505,4082,False,0.85295569896698,0.4
1506,17571,False,0.8703720569610596,0.0
1506,17249,False,0.8686875104904175,0.6094987810036571
1506,16666,True,0.8928683996200562,0.6420744624921749
1507,14635,False,0.9318293333053588,0.6453292916881771
1507,6690,False,0.9268622398376464,0.0
1507,760,False,0.9273589253425598,0.6209426745083195
1508,19791,False,0.927725315093994,0.0
1508,19514,True,0.9783605337142944,0.6429227505669486
1508,8617,False,0.9071584343910216,0.5492957746478874
1509,9332,True,0.8366622924804688,0.5927628371912457
1509,5274,False,0.8350883722305298,0.5055918317219448
1509,984,False,0.8995167016983032,0.0
1510,19042,True,0.8242784142494202,0.6596702472939303
1510,12626,False,0.6358793377876282,0.0
1510,2634,False,0.8588767647743225,0.5028639258011335
1511,8612,False,0.8134219646453857,0.0
1511,4519,True,0.8907184600830078,0.6155058608470234
1511,4517,False,0.837604284286499,0.0
1512,20844,True,0.8036140203475952,0.4000800240080028
1512,19684,False,0.7764853239059448,0.3989624992875176
1512,7334,False,0.6673887372016907,0.0
1513,7556,False,0.9013960361480712,0.0
1513,1592,True,0.9417755603790284,0.8397918225669415
1513,1591,False,0.8882145881652832,0.7667139961519522
1514,21421,False,0.0,0.3158270678727379
1514,15305,False,0.5718560218811035,0.0
1514,2182,False,0.7239609956741333,0.3174741933125437
1515,7458,False,0.8368271589279175,0.2845953648647256
1515,5364,False,0.8415647149085999,0.3167782064090728
1515,2097,False,0.8039288520812988,0.0
1516,8869,False,0.7461012601852417,0.0
1516,6820,False,0.9244648218154908,0.5317953542570407
1516,4792,False,0.851164698600769,0.4617538752396487
1517,9987,False,0.737199604511261,0.2616083217849717
1517,9974,False,0.0,0.2488363008967197
1517,4259,False,0.0,0.0
1517,579,False,0.5648535490036011,0.2488363008967197
1518,15579,False,0.7145179510116577,0.3305956086266052
1518,7208,False,0.5909523367881775,0.2452086900162146
1518,7207,False,0.514911949634552,0.0
1519,20211,False,0.752716064453125,0.3879719899435507
1519,13420,False,0.8243976831436157,0.4363060321518774
1519,7446,False,0.6092501878738403,0.0
1520,8559,False,0.8506580591201782,0.2911016184555852
1520,4864,False,0.7672584652900696,0.0
1520,958,False,0.7993478178977966,0.0
1521,16750,False,0.7775634527206421,0.37949229430931
1521,5427,False,0.8031941056251526,0.3782211015687667
1521,5421,False,0.8191510438919067,0.0
1522,21029,True,0.7790575623512268,0.4356774205932811
1522,12999,False,0.9051095247268676,0.0
1522,1025,True,0.9142643213272096,0.543841704674495
1523,19003,False,0.743169903755188,0.3723728387710432
1523,8735,False,0.6416885256767273,0.0
1523,2750,False,0.649900496006012,0.0
1524,8725,False,0.6816486716270447,0.0
1524,6691,False,0.686170756816864,0.2822098895853303
1524,6690,False,0.7880604863166809,0.0
1525,14455,False,0.8137572407722473,0.5450582834731071
1525,6502,False,0.7250975966453552,0.0
1525,4462,False,0.821816086769104,0.5286228202724469
1526,18821,False,0.6392021775245667,0.0
1526,18187,False,0.647964596748352,0.0
1526,18186,False,0.765304446220398,0.3526372102747998
1527,21905,False,0.8420755863189697,0.4107919181288745
1527,7691,False,0.8433560132980347,0.5496210815947049
1527,5049,False,0.8240442276000977,0.0
1528,18454,False,0.7443698048591614,0.627906976744186
1528,18451,False,0.8827264308929443,0.0
1528,16916,True,0.9524723291397096,0.8403691032851185
1529,20353,False,0.8560888767242432,0.4428824957881628
1529,13872,False,0.8570053577423096,0.4428824957881628
1529,1441,False,0.8120361566543579,0.5299989400031799
1530,19143,False,0.929423689842224,0.7634598957919552
1530,16938,False,0.896420955657959,0.6404015597162246
1530,16401,False,0.8910284042358398,0.0
1531,17433,True,0.8736966848373413,0.6828403268953428
1531,16547,False,0.7964762449264526,0.5880013926043229
1531,16546,False,0.794206440448761,0.0
1532,21933,False,0.7400931119918823,0.5321859944666608
1532,14949,False,0.0,0.5294637976150722
1532,11013,False,0.6891267895698547,0.0
1533,21223,False,0.803780198097229,0.0
1533,17873,False,0.6669533848762512,0.3997502341311261
1533,289,False,0.81886225938797,0.4122424289477238
1534,7056,False,0.8550582528114319,0.0
1534,5038,False,0.836111307144165,0.4590232468373729
1534,1090,False,0.8760298490524292,0.524597996385569
1535,20296,False,0.6160502433776855,0.0
1535,18999,False,0.8041188716888428,0.7913343020885363
1535,18605,False,0.6979387998580933,0.4034211741608291
1536,16040,False,0.8726778030395508,0.4259311245197346
1536,12098,False,0.9041510820388794,0.4818181818181818
1536,6075,False,0.8358392119407654,0.0
1537,19303,False,0.8506943583488464,0.0
1537,9329,False,0.8621809482574463,0.512231544422502
1537,8170,False,0.7140014171600342,0.4891995904702285
1538,10137,False,0.9023598432540894,0.3226071939161323
1538,6084,False,0.9207361936569214,0.3917373068981606
1538,4103,False,0.884909987449646,0.0
1539,14722,False,0.91600501537323,0.0
1539,4756,True,0.9208106994628906,0.7267170336924982
1539,4754,False,0.9005212187767029,0.6399448505650357
1540,13261,False,0.6515960097312927,0.2882176519226553
1540,2035,False,0.7054684162139893,0.2403206414255487
1540,1904,False,0.6174478530883789,0.0
1541,21932,False,0.6221181154251099,0.0
1541,5791,False,0.7136876583099365,0.319715094944677
1541,872,False,0.7435192465782166,0.3557532511813707
1542,12389,False,0.8606339693069458,0.5796502793691962
1542,10127,True,0.918376088142395,0.0
1542,7371,False,0.8706266283988953,0.5841693176715093
1543,12368,False,0.8699171543121338,0.3583333333333333
1543,10366,False,0.8923715949058533,0.3759603088707022
1543,8392,False,0.9052292108535768,0.0
1544,21467,False,0.6543084383010864,0.0
1544,13194,False,0.6742604970932007,0.2162249910469341
1544,13192,False,0.6846663951873779,0.0
1545,21374,False,0.9559870958328248,0.419960525565808
1545,18190,False,0.6526114344596863,0.0
1545,13698,False,0.5806254744529724,0.3906726924487462
1546,14674,False,0.860366940498352,0.3826918985879519
1546,4718,False,0.9335752725601196,0.4444539377736017
1546,2802,False,0.8688733577728271,0.0
1547,13133,False,0.7085710167884827,0.0
1547,9935,False,0.8735464811325073,0.4172329593886059
1547,4788,False,0.842515230178833,0.4447495899966607
1548,20194,False,0.6395310759544373,0.0
1548,9245,True,0.7283132076263428,0.3829792363401641
1548,3266,False,0.6887273192405701,0.3829792363401641
1549,21544,False,0.7670570611953735,0.5292561240249631
1549,12526,False,0.7862771153450012,0.0
1549,10491,False,0.7192417979240417,0.0
1550,11326,True,0.883045494556427,0.6472608812733955
1550,5302,False,0.7385938167572021,0.0
1550,3348,False,0.7247545719146729,0.4461771778946947
1551,7854,False,0.7647913694381714,0.5276643518944375
1551,6893,True,0.8674007654190063,0.6194373231367564
1551,4875,False,0.6528483033180237,0.0
1552,16007,False,0.0,0.3251280443811775
1552,9156,True,0.9719488620758056,0.6787638492270959
1552,1193,False,0.7259647846221924,0.0
1553,15844,False,0.8266258239746094,0.0
1553,15119,False,0.8575204014778137,0.0
1553,7170,False,0.8004471659660339,0.3872459793201144
1554,21139,False,0.7653339505195618,0.0
1554,10435,False,0.782096266746521,0.3206691100981569
1554,3201,False,0.6838940978050232,0.0
1555,16608,False,0.0,0.3069172800998325
1555,16333,False,0.0,0.0
1555,820,False,0.0,0.2979903998465804
1556,15906,False,0.6940904855728149,0.24612379624271
1556,5986,False,0.7031248807907104,0.0
1556,1550,False,0.6899093389511108,0.0
1557,11566,False,0.0,0.2488913470871722
1557,7557,False,0.6072589159011841,0.2822162605150792
1557,485,False,0.0,0.0
1558,12852,False,0.8217031359672546,0.4363743063142783
1558,12363,False,0.7216075658798218,0.0
1558,4508,True,0.836906373500824,0.5313476693377204
1559,18207,False,0.8518931865692139,0.4511436948879764
1559,16655,False,0.7881402969360352,0.0
1559,14553,True,0.8485521674156189,0.4704335526730284
1560,19963,False,0.8950886130332947,0.0
1560,19669,True,0.894210934638977,0.0
1560,13704,False,0.8958166837692261,0.0
1560,3823,False,0.7756171822547913,0.4673230195461177
1561,17302,False,0.7655211687088013,0.0
1561,17048,False,0.8620282411575317,0.4148670380868102
1561,6235,False,0.8498884439468384,0.366699942800925
1562,14117,False,0.8553203344345093,0.0
1562,12169,True,0.6651291847229004,0.3507361872061008
1562,2203,False,0.870922863483429,0.3708385395436481
1563,11776,False,0.6517719030380249,0.0
1563,8362,True,0.8066785931587219,0.3849001794597505
1563,430,True,0.7480121850967407,0.424822146561535
1564,8934,False,0.8236205577850342,0.0
1564,6914,True,0.8905367851257324,0.7802714459800285
1564,6913,False,0.8437660932540894,0.6666780664780007
1565,15107,False,0.5405381917953491,0.0
1565,11141,False,0.6411583423614502,0.0
1565,5126,False,0.483660340309143,0.0
1566,19851,False,0.0,0.2990326420300438
1566,12833,False,0.6308006644248962,0.3116652742466173
1566,4357,False,0.0,0.0
1567,20252,False,0.7058432102203369,0.0
1567,15736,False,0.6609982252120972,0.2691909510290827
1567,1816,False,0.6229584813117981,0.3274014159640735
1568,21036,False,0.6973650455474854,0.4271152085096981
1568,17960,False,0.5785775780677795,0.0
1568,8360,False,0.6319299936294556,0.3000234402469397
1569,21393,False,0.8884942531585693,0.4736195135259441
1569,19032,False,0.0,0.0
1569,1025,False,0.0,0.2139699337059309
1570,19039,False,0.8040083646774292,0.4312778771846777
1570,14952,False,0.8143322467803955,0.4386982931995433
1570,4373,False,0.7237012386322021,0.0
1571,10869,False,0.881646454334259,0.0
1571,6998,True,0.9453861713409424,0.8246497592928594
1571,4739,False,0.8810380697250366,0.7367665462352304
1572,12181,False,0.7333893775939941,0.0
1572,10209,False,0.8929012417793274,0.0
1572,2018,False,0.6613417863845825,0.0
1573,13416,False,0.91249680519104,0.5454078721238789
1573,9467,False,0.8897823095321655,0.0
1573,5415,True,0.9264109134674072,0.6152136610844061
1574,2872,False,0.7988293170928955,0.350548160085294
1574,2868,False,0.7972254753112793,0.3124282448813543
1574,2867,False,0.8282409310340881,0.3124282448813543
1575,18440,False,0.8004631996154785,0.3130834007581261
1575,11018,False,0.7086418867111206,0.0
1575,819,False,0.7366957664489746,0.281183796626655
1576,2422,False,0.8387486934661865,0.0
1576,1879,False,0.6643860340118408,0.0
1576,460,False,0.8653206825256348,0.3960267530044575
1577,21525,False,0.8995035886764526,0.0
1577,13540,True,0.941242814064026,0.8500262318805346
1577,7565,False,0.927215814590454,0.7607882360348789
1578,3324,False,0.8878324031829834,0.5675043538391658
1578,3323,True,0.9814093708992004,0.6526300069150407
1578,210,False,0.8783966302871704,0.0
1579,16051,False,0.7595585584640503,0.0
1579,16050,False,0.7708684206008911,0.0
1579,11460,True,0.8384988307952881,0.3828262471610174
1580,18708,False,0.0,0.0
1580,21232,False,0.0,0.0
1580,201,False,0.0,0.1744713488579917
1581,16040,False,0.873948872089386,0.5359544592010612
1581,12098,False,0.8990650773048401,0.5040751127881251
1581,6075,False,0.8943630456924438,0.0
1582,19841,False,0.8907318115234375,0.3365591203486592
1582,9938,False,0.728145956993103,0.0
1582,943,False,0.8693653345108032,0.0
1583,15144,False,0.9098296165466307,0.554256522196772
1583,13928,False,0.8450230360031128,0.4223127963579738
1583,2278,False,0.8675239086151123,0.0
1584,14059,False,0.8089680671691895,0.0
1584,11475,True,0.8502756357192993,0.5329908236611545
1584,7472,False,0.8242950439453125,0.0
1585,18601,False,0.0,0.283026991218202
1585,10489,False,0.0,0.2612556842014172
1585,5666,False,0.0,0.0
1586,18601,False,0.7357475757598877,0.2540244987629046
1586,12797,False,0.0,0.2345961901888067
1586,2830,False,0.0,0.0
1587,17657,False,0.6476603746414185,0.2127178149057585
1587,4025,False,0.0,0.0
1587,3918,False,0.6398894786834717,0.2191785018798023
1588,16071,False,0.5597649812698364,0.0
1588,12416,False,0.649125337600708,0.210528725646512
1588,7506,False,0.8733813762664795,0.2464544717416302
1589,20790,False,0.9293318390846252,0.5425482520670917
1589,7435,False,0.9178650379180908,0.0
1589,2645,True,0.9238361716270448,0.6953824256347443
1590,16047,False,0.9081575274467468,0.4164896253726464
1590,12104,False,0.901634931564331,0.0
1590,8117,False,0.910530924797058,0.4164896253726464
1591,17447,True,0.731904149055481,0.4208968935634212
1591,15142,False,0.6280274987220764,0.0
1591,3205,True,0.6728041172027588,0.458257569495584
1592,16658,True,0.9523316621780396,0.5758828082550825
1592,267,False,0.8801789879798889,0.5350003761722718
1592,242,False,0.7317166924476624,0.0
1593,15811,False,0.6868211030960083,0.0
1593,15809,False,0.7618359327316284,0.3261330603134856
1593,1904,False,0.8147598505020142,0.4187098124300696
1594,14395,False,0.7876703143119812,0.4266668697205495
1594,8486,False,0.8217461705207825,0.4786994148084214
1594,526,False,0.7827333807945251,0.0
1595,15389,False,0.8067609071731567,0.4600575294492313
1595,14395,False,0.7944374680519104,0.0
1595,13390,False,0.8344080448150635,0.565752381856018
1596,20220,False,0.657924234867096,0.4436055300896239
1596,15481,False,0.6520339250564575,0.0
1596,15478,False,0.657233476638794,0.4373576541364631
1597,20319,False,0.700446367263794,0.3245385098175051
1597,11856,False,0.6508281230926514,0.0
1597,11855,False,0.5975455045700073,0.3352657166714094
1598,8345,False,0.5347210168838501,0.0
1598,5982,False,0.4103240668773651,0.2882999880625788
1598,17350,False,0.7206743955612183,0.2874797872880344
1599,19524,False,0.6278041005134583,0.3320021729358687
1599,10498,False,0.6003614068031311,0.3053236092965329
1599,692,False,0.7423639893531799,0.0
1600,16617,False,0.8502256870269775,0.4711120808609238
1600,6444,False,0.8527176380157471,0.4651104080229324
1600,1749,False,0.0,0.0
1601,20217,False,0.7893727421760559,0.5635759629410775
1601,5742,False,0.7621921300888062,0.0
1601,5497,False,0.8419191241264343,0.5372249195560548
1602,19807,True,0.865070104598999,0.5867212775806249
1602,16202,False,0.7978172898292542,0.0
1602,10608,False,0.8617873191833496,0.5549906912418555
1603,20826,False,0.7954685688018799,0.0
1603,17897,False,0.799820601940155,0.0
1603,11738,False,0.8053251504898071,0.3499369976247847
1604,21410,False,0.0,0.2208209789895533
1604,12792,False,0.0,0.0
1604,7917,False,0.0,0.0
1605,18465,False,0.9145539402961732,0.6560048665123144
1605,14687,False,0.9139528274536132,0.0
1605,286,False,0.9515992403030396,0.6555055301063447
1606,21607,False,0.8240561485290527,0.3335644136614914
1606,18788,False,0.7663331627845764,0.0
1606,18687,True,0.8225865364074707,0.4581688078870038
1607,20671,False,0.7897414565086365,0.4242640687119285
1607,13172,False,0.8292198777198792,0.4700207870189201
1607,10701,False,0.5668578743934631,0.0
1608,21348,False,0.8486385345458984,0.0
1608,11490,False,0.9185691475868224,0.5884223092467007
1608,7259,False,0.8689919114112854,0.5175054261800166
1609,10471,False,0.8161245584487915,0.0
1609,8506,False,0.8364185094833374,0.0
1609,2509,True,0.819794774055481,0.5421070456649759
1610,13626,False,0.0,0.0
1610,10450,False,0.861175537109375,0.4560983251262665
1610,4489,False,0.0,0.0
1611,20417,False,0.895840048789978,0.5214515938281159
1611,12696,False,0.8681615591049194,0.4488655290372549
1611,10670,False,0.8602263331413269,0.0
1612,20599,False,0.6702243685722351,0.3040411496869082
1612,18036,False,0.0,0.0
1612,16808,False,0.0,0.2729213444652399
1613,17218,False,0.7830032110214233,0.5152106565919433
1613,7732,False,0.8301827907562256,0.0
1613,3709,False,0.600299596786499,0.4749224649760394
1614,11350,True,0.8813263177871704,0.5542967904210284
1614,8880,False,0.8251895904541016,0.4902044221234001
1614,6431,False,0.814774751663208,0.0
1615,12973,True,0.8728920221328735,0.4689614184877848
1615,5036,False,0.5762383937835693,0.0
1615,3116,False,0.0,0.3254273292317521
1616,18945,False,0.6623097658157349,0.4155801888093831
1616,12494,False,0.6520618796348572,0.4257425742574257
1616,556,False,0.7747905850410461,0.0
1617,22068,False,0.7335043549537659,0.3405026123034994
1617,8735,False,0.0,0.0
1617,2748,False,0.8343262076377869,0.348512656570298
1618,6364,True,0.8176132440567017,0.5852927195579726
1618,17772,False,0.5881494879722595,0.0
1618,16780,False,0.621076226234436,0.2520504151250418
1619,9585,True,0.8756780624389648,0.3814468902793759
1619,5553,False,0.0,0.0
1619,2144,False,0.0,0.0
1620,12510,False,0.6925084590911865,0.0
1620,4434,False,0.6892932653427124,0.0
1620,558,False,0.7574936747550964,0.2609267879521456
1621,18546,False,0.8012941479682922,0.0
1621,17885,False,0.8370733261108398,0.627757664824853
1621,16058,True,0.932682991027832,0.7668108316688954
1622,22055,False,0.833060085773468,0.0
1622,21509,False,0.8821403384208679,0.367764141566157
1622,7134,False,0.0,0.0
1623,6593,False,0.8269867897033691,0.4002905657334049
1623,6592,True,0.8057067394256592,0.40922304013311
1623,4556,False,0.7579740285873413,0.0
1624,17199,False,0.7991100549697876,0.3575992699260757
1624,13060,False,0.7578266263008118,0.0
1624,5013,True,0.778765082359314,0.4502815139468339
1625,14757,False,0.8283861875534058,0.0
1625,6831,False,0.7526848316192627,0.0
1625,884,False,0.8341705203056335,0.3636363636363636
1626,20150,False,0.9105544090270996,0.0
1626,13619,True,0.9289701581001282,0.4943508521296607
1626,3031,False,0.9165587425231934,0.4904989276604043
1627,7402,False,0.6733441352844238,0.3152577231924489
1627,3417,False,0.0,0.0
1627,1427,False,0.0,0.0
1628,14270,False,0.6285193562507629,0.3708692681855791
1628,8348,False,0.7850979566574097,0.0
1628,6288,False,0.8450509905815125,0.4555300450587419
1629,18601,False,0.0,0.2858143194287115
1629,12521,False,0.0,0.0
1629,10489,False,0.0,0.0
1630,14811,False,0.8913515210151672,0.0
1630,10852,False,0.8923991322517395,0.3555653105675758
1630,4836,False,0.9086934328079224,0.3643587055362868
1631,20757,False,0.9140704870224,0.4448307499884261
1631,15098,False,0.8555759191513062,0.0
1631,6556,False,0.7958122491836548,0.4514469490716345
1632,20070,False,0.9249700903892516,0.4382504900892777
1632,14491,False,0.8597562313079834,0.0
1632,626,False,0.9165340662002563,0.5106511407263777
1633,20778,False,0.6715729832649231,0.0
1633,19554,False,0.7344422936439514,0.0
1633,998,False,0.6974882483482361,0.3396958694925237
1634,12593,False,0.0,0.0
1634,6538,False,0.0,0.0
1634,1978,False,0.0,0.3069703067574602
1635,20243,True,0.7831953167915344,0.448512194377099
1635,13127,False,0.7137699127197266,0.0
1635,12614,False,0.779953122138977,0.0
1636,19715,False,0.7604290843009949,0.3373983775394529
1636,17302,False,0.7304578423500061,0.3324477826650501
1636,17048,False,0.8039296865463257,0.0
1637,17529,False,0.8740079998970032,0.460511866948153
1637,17247,False,0.7650617361068726,0.0
1637,1270,True,0.8103469014167786,0.0
1638,17989,False,0.7012270092964172,0.0
1638,17317,False,0.7115042805671692,0.0
1638,17028,False,0.7238361239433289,0.2845802443827712
1639,12425,False,0.0,0.0
1639,10783,False,0.0,0.0
1639,6392,False,0.0,0.2109549060500556
1640,11549,False,0.7349293231964111,0.3962144258751636
1640,9564,False,0.8450797200202942,0.4772135722318333
1640,15488,False,0.6797428131103516,0.0
1641,15009,True,0.7367994785308838,0.5532833351724882
1641,13084,False,0.7244207859039307,0.5004345937369794
1641,11044,False,0.7220919132232666,0.0
1642,20299,False,0.8068621158599854,0.3342009062204059
1642,18433,False,0.5509374737739563,0.0
1642,11061,False,0.6600757241249084,0.0
1643,14210,False,0.8196306824684143,0.0
1643,10259,False,0.7432900667190552,0.3996757329252824
1643,6221,False,0.7752907276153564,0.0
1643,4703,False,0.6530121564865112,0.0
1644,12900,False,0.0,0.0
1644,3990,False,0.0,0.3085197806998365
1644,1878,False,0.4529293179512024,0.2874345825095039
1645,16177,False,0.7287806868553162,0.2732187215579491
1645,12886,False,0.6455053091049194,0.0
1645,10392,False,0.5702495574951172,0.0
1646,16851,False,0.850508451461792,0.421529258637939
1646,13032,False,0.8110148906707764,0.0
1646,9034,False,0.870890200138092,0.3975231959999626
1647,17232,False,0.7977532148361206,0.5109059059362075
1647,16392,False,0.8113720417022705,0.5763509791158679
1647,1546,False,0.7749599814414978,0.0
1648,19647,False,0.8293926119804382,0.4153902016271485
1648,16901,False,0.7312158942222595,0.0
1648,1547,False,0.7295585870742798,0.3732616739705695
1649,18730,False,0.8695666790008545,0.0
1649,14883,False,0.842679500579834,0.5454645632611976
1649,6952,False,0.8877772092819214,0.5454645632611976
1650,13201,False,0.8047777414321899,0.0
1650,11230,False,0.7175386548042297,0.3485685011586675
1650,5207,False,0.7135714292526245,0.3614784456460256
1651,21822,False,0.0,0.0
1651,13804,True,0.676188588142395,0.3586109242520569
1651,9729,False,0.6675047874450684,0.0
1652,22001,False,0.869337797164917,0.4818673697677695
1652,14384,True,0.7943993210792542,0.0
1652,13769,False,0.6874410510063171,0.4874695341061477
1653,15562,False,0.6416960954666138,0.0
1653,7612,False,0.798858642578125,0.3879571314934029
1653,1649,True,0.8904469013214111,0.5551425661472693
1654,13416,False,0.891771674156189,0.0
1654,9467,False,0.9166369438171388,0.5454078721238789
1654,5415,False,0.9069549441337584,0.5727851327337574
1655,12360,False,0.8382874131202698,0.0
1655,10361,True,0.8555856347084045,0.4545748056225229
1655,2391,False,0.8716994524002075,0.3863885847791445
1656,14169,True,0.7364019751548767,0.4333333333333333
1656,4711,False,0.8386771082878113,0.0
1656,4209,False,0.8268663883209229,0.0
1657,17845,False,0.804958164691925,0.5839012012192414
1657,17517,False,0.7317650318145752,0.0
1657,16332,True,0.8900102376937866,0.6549579994388213
1658,11963,False,0.7030571699142456,0.3728813877939069
1658,5645,False,0.7708182334899902,0.359593787915882
1658,2501,False,0.7376711368560791,0.0
1659,21263,False,0.0,0.0
1659,18880,False,0.0,0.2032789070454354
1659,7168,False,0.0,0.1781301404808805
1660,15139,False,0.9185658097267152,0.0
1660,13191,False,0.8417671918869019,0.0
1660,11172,True,0.8624435067176819,0.5457485637593202
1661,21507,False,0.8925254344940186,0.4269562819149833
1661,20005,False,0.8112808465957642,0.0
1661,18762,False,0.9431114196777344,0.4536110525692545
1662,17072,False,0.7437860369682312,0.0
1662,4463,False,0.6553579568862915,0.0
1662,1123,False,0.4946357011795044,0.2646476815307479
1663,21814,False,0.7432300448417664,0.0
1663,10771,False,0.7457086443901062,0.3705895321068709
1663,6777,False,0.6942838430404663,0.0
1664,21419,False,0.5681074261665344,0.2551772719413704
1664,9877,False,0.0,0.2739983121755955
1664,8408,False,0.5914852619171143,0.0
1665,5202,False,0.6743952035903931,0.2707880584041565
1665,4840,False,0.7183277010917664,0.0
1665,3132,False,0.762834906578064,0.25327752406258
1666,18150,False,0.7565295696258545,0.361677772071786
1666,14180,False,0.8395348191261292,0.0
1666,6194,True,0.7766292691230774,0.3384532421306326
1667,14278,False,0.6605901718139648,0.2852098829264965
1667,12002,False,0.6385741233825684,0.0
1667,422,False,0.6457502841949463,0.0
1668,19552,False,0.7682458162307739,0.4089879895450026
1668,12656,False,0.8474523425102234,0.3948325355414481
1668,686,False,0.8185869455337524,0.0
1669,19193,False,0.7771920561790466,0.282260131603817
1669,16118,False,0.7213965058326721,0.0
1669,15680,False,0.6608793139457703,0.0
1670,18014,False,0.0,0.0
1670,17069,False,0.0,0.0
1670,13936,False,0.0,0.0
1670,1900,False,0.0,0.0
1671,20794,True,0.8443115949630737,0.5159715328022141
1671,19639,False,0.8024865984916687,0.4305875564144615
1671,4104,False,0.7429073452949524,0.0
1672,19690,False,0.6757183074951172,0.3434900430173723
1672,9027,False,0.9058358669281006,0.4714045207910316
1672,4988,False,0.8779582977294922,0.0
1673,21478,False,0.8109320998191833,0.0
1673,13279,False,0.7743740677833557,0.4141971550643954
1673,6029,False,0.8530721664428711,0.0
1674,19094,False,0.8135432004928589,0.608595925611313
1674,18342,False,0.6504794359207153,0.0
1674,17924,False,0.8100705146789551,0.5577873793511111
1675,18601,False,0.0,0.2897666731680802
1675,11421,False,0.0,0.0
1675,768,False,0.0,0.3177350253327825
1676,19334,False,0.6992622017860413,0.2630676812512145
1676,16333,False,0.0,0.2043237776955187
1676,9288,False,0.0,0.0
1677,19560,False,0.0,0.2459530547748885
1677,6691,False,0.0,0.2476639794008761
1677,6690,False,0.0,0.0
1678,9063,False,0.6608850955963135,0.2765669903902321
1678,6691,False,0.6800757050514221,0.0
1678,6690,False,0.7836518287658691,0.2749097452405029
1679,18601,False,0.7680608034133911,0.2769267183239847
1679,12797,False,0.0,0.2355671022558421
1679,10489,False,0.0,0.0
1680,19334,False,0.7129257917404175,0.2541475252505217
1680,14699,False,0.0,0.0
1680,14691,False,0.0,0.2777460299317654
1681,21603,False,0.903874397277832,0.5263613559678152
1681,20776,False,0.9207421541213988,0.5168765907047377
1681,1331,False,0.8270359635353088,0.0
1682,12588,False,0.8141959309577942,0.3819279328210309
1682,12347,False,0.8485490083694458,0.0
1682,625,False,0.8250380754470825,0.0
1683,15523,False,0.7267210483551025,0.3444808472918707
1683,1604,False,0.6738587617874146,0.0
1683,744,False,0.6970865726470947,0.3542287339863793
1684,17948,True,0.844079852104187,0.5806357207498615
1684,17291,False,0.8541317582130432,0.0
1684,16957,False,0.8670645952224731,0.517997408076954
1685,21644,False,0.0,0.2827013970960878
1685,16790,False,0.8478901386260986,0.2725996974783942
1685,7925,False,0.8072698712348938,0.0
1686,20038,False,0.8849717974662781,0.6556288740948609
1686,19462,True,0.853175938129425,0.5497252060782752
1686,16123,False,0.5803771615028381,0.0
1687,18485,False,0.0,0.0
1687,18181,False,0.0,0.1938796365051843
1687,17543,False,0.0,0.0
1687,16211,False,0.0,0.2279803762937766
1688,9336,False,0.781519889831543,0.5133311944578124
1688,7329,False,0.8165249824523926,0.0
1688,1349,False,0.8192793726921082,0.524739947513052
1689,17875,False,0.6247122287750244,0.4637388957601683
1689,292,False,0.8872435688972473,0.6186404847588913
1689,289,False,0.6800885200500488,0.0
1690,13933,False,0.7996478080749512,0.0
1690,4226,False,0.8014964461326599,0.3879917968315853
1690,2047,False,0.6806330680847168,0.2932942300427066
1691,18252,False,0.6249548196792603,0.228477424278507
1691,17878,False,0.0,0.0
1691,15568,False,0.6371055841445923,0.2350464053838807
1692,11687,False,0.0,0.0
1692,18095,False,0.6040055751800537,0.0
1692,26,False,0.625974714756012,0.1797731238766687
1693,19415,False,0.0,0.0
1693,18880,False,0.5604143738746643,0.1968125449904366
1693,17805,False,0.0,0.2011285951535377
1694,20397,True,0.8712908625602722,0.4768316485434158
1694,11026,True,0.8813097476959229,0.0
1694,3793,True,0.8213797807693481,0.5018469178418539
1695,17603,False,0.7669915556907654,0.0
1695,17274,True,0.8982995748519897,0.7121019320792135
1695,14272,False,0.8135642409324646,0.4782891247195601
1696,20035,False,0.6692969799041748,0.2417490634543905
1696,16364,False,0.6559057235717773,0.0
1696,15923,False,0.7729731798171997,0.0
1697,21667,True,0.8426539897918701,0.5912330008383061
1697,17911,False,0.7424581050872803,0.0
1697,16578,True,0.7858371734619141,0.5502189235089752
1698,17477,False,0.6807299256324768,0.3432012745400843
1698,17173,False,0.8408625721931458,0.5953071170117786
1698,16294,False,0.7349754571914673,0.0
1699,20801,False,0.7583179473876953,0.6419407387663694
1699,17898,False,0.805130124092102,0.0
1699,17103,False,0.8026213049888611,0.6610697692947314
1700,21099,False,0.7862616777420044,0.4365538477757737
1700,17085,False,0.8656467199325562,0.6579344482934936
1700,1722,False,0.7830190658569336,0.0
1701,19647,False,0.8519147038459778,0.4916292774085253
1701,18549,False,0.8713272213935852,0.6331738236133035
1701,3532,False,0.8857375383377075,0.0
1702,17898,True,0.8123145699501038,0.5753723590625356
1702,16823,False,0.8180271983146667,0.0
1702,16518,False,0.7765698432922363,0.5309303270963478
1703,17701,True,0.8271292448043823,0.7909730757347453
1703,16187,False,0.5546243786811829,0.2175970699446223
1703,6818,False,0.5598824620246887,0.0
1704,16231,False,0.9158557653427124,0.5733172764627472
1704,16201,False,0.6706986427307129,0.2921002921004381
1704,9119,False,0.687615156173706,0.0
1705,14645,True,0.97388356924057,0.7225956837295129
1705,4676,False,0.9410130977630616,0.6502032202644619
1705,2758,False,0.9233165383338928,0.0
1706,19735,False,0.0,0.3420585455488518
1706,17093,False,0.6769976615905762,0.0
1706,17026,True,0.82638019323349,0.5190289256303792
1707,19521,False,0.7472785711288452,0.4255368260824964
1707,18347,False,0.6909940838813782,0.0
1707,16269,True,0.7590365409851074,0.4694234424063148
1708,17726,False,0.7656309008598328,0.4442155467764767
1708,16651,False,0.6971548795700073,0.0
1708,16226,True,0.8538172245025635,0.5984627873065043
1709,21093,False,0.7100765705108643,0.0
1709,18038,False,0.7478774785995483,0.3661209184158558
1709,17392,False,0.7819873690605164,0.3537768050803996
1710,20038,False,0.7705087065696716,0.383921872170055
1710,19462,False,0.7830325365066528,0.3394655738072066
1710,3956,False,0.7644690871238708,0.0
1711,20219,False,0.8859498500823975,0.502518907629606
1711,17875,False,0.8836575746536255,0.4875178059426251
1711,289,False,0.8568134307861328,0.0
1712,18007,False,0.8348668217658997,0.5247024739056335
1712,17798,False,0.7948597073554993,0.0
1712,5722,True,0.8984490633010864,0.5657397385713199
1713,21093,True,0.8636186718940735,0.7175789601773855
1713,17122,False,0.8804523944854736,0.6798021308431187
1713,10612,False,0.7355629205703735,0.0
1714,18512,True,0.8640707731246948,0.6107330743182973
1714,18488,False,0.6102964878082275,0.0
1714,16392,False,0.8013383150100708,0.5123159616107417
1715,20591,True,0.8896288871765137,0.5176096209074377
1715,8485,False,0.0,0.0
1715,7140,False,0.0,0.0
1716,9715,False,0.846646249294281,0.4120682407291616
1716,17712,False,0.8180973529815674,0.0
1716,17396,True,0.8549888134002686,0.4742499676792028
1717,17261,True,0.7909220457077026,0.7090361347894468
1717,17075,False,0.0,0.0
1717,16383,False,0.0,0.2083757895005507
1717,228,False,0.0,0.0
1718,8845,False,0.8700875639915466,0.590502971263581
1718,4780,False,0.861854612827301,0.4323460152737353
1718,867,False,0.8374936580657959,0.4323460152737353
1719,15297,False,0.6546667814254761,0.0
1719,11293,False,0.6660887002944946,0.4446345583408636
1719,3589,False,0.716735303401947,0.4698795180722891
1720,20799,False,0.850458025932312,0.618465843842649
1720,20522,True,0.8982851505279541,0.7826237921249264
1720,19380,False,0.7201583385467529,0.0
1721,17766,False,0.6492187976837158,0.3760349343306476
1721,17437,False,0.6724165081977844,0.0
1721,17436,False,0.6640087962150574,0.3656125345764392
1722,17707,True,0.7659116983413696,0.4021576422632911
1722,16213,False,0.7744186520576477,0.0
1722,3679,True,0.8200209140777588,0.4387899611848818
1723,17766,False,0.6923545598983765,0.413728378493875
1723,17437,False,0.7436580657958984,0.0
1723,17436,False,0.7075791358947754,0.3904300325312483
1724,21393,False,0.6692327857017517,0.3380617018914066
1724,14416,False,0.0,0.2113222593308055
1724,11722,False,0.0,0.0
1725,21637,False,0.7776052951812744,0.3885489925797044
1725,9399,False,0.8032766580581665,0.3731012536223183
1725,9398,False,0.7884190082550049,0.0
1726,18463,True,0.9395157694816588,0.6447438186819056
1726,16332,False,0.6203004121780396,0.0
1726,16331,False,0.9279849529266356,0.5501196042201808
1727,21943,False,0.6159591674804688,0.2553385214184049
1727,14918,True,0.8711079359054565,0.4791574237499549
1727,2899,False,0.6413016319274902,0.0
1728,12561,False,0.8921518325805664,0.0
1728,12125,True,0.9549343585968018,0.7221844553830408
1728,10151,False,0.9139942526817322,0.5908391567007971
1729,12866,False,0.9327044486999512,0.485618096945134
1729,10806,False,0.928466260433197,0.5114153285876505
1729,2880,False,0.9354038238525392,0.0
1730,12211,False,0.7243473529815674,0.0
1730,6697,False,0.6474727392196655,0.3657202567059955
1730,4670,False,0.7773047685623169,0.3448503674037771
1731,6824,False,0.7224218845367432,0.335012605086404
1731,1576,False,0.6668819189071655,0.0
1731,1166,False,0.0,0.0
1732,15702,False,0.8732970356941223,0.0
1732,5720,True,0.898128867149353,0.4878581260467853
1732,5719,False,0.8667192459106445,0.4480329729001089
1733,21812,False,0.7428098917007446,0.4466098487434011
1733,17687,False,0.7124244570732117,0.4827947321840386
1733,13412,False,0.7010631561279297,0.0
1734,14183,False,0.0,0.3111196467466289
1734,4397,False,0.7962154746055603,0.3156801850587938
1734,4394,False,0.7965125441551208,0.0
1735,20342,False,0.0,0.0
1735,10326,False,0.4866858720779419,0.2459760185072363
1735,6860,False,0.5752511620521545,0.2710416452569115
1736,17452,False,0.6637007594108582,0.0
1736,16442,False,0.8148449659347534,0.3697478991596639
1736,5824,False,0.706102728843689,0.0
1737,21662,False,0.8647075891494751,0.0
1737,10255,False,0.9187750816345216,0.4882336459352794
1737,372,False,0.7252111434936523,0.4883720930232558
1738,20132,False,0.8080015182495117,0.5492350363810897
1738,20007,False,0.8289857506752014,0.3751172424602664
1738,12859,False,0.812912106513977,0.0
1739,14092,False,0.881933331489563,0.5497170021836145
1739,5607,False,0.857516348361969,0.0
1739,1663,False,0.8633617758750916,0.0
1740,7975,False,0.7784293293952942,0.5014858873767987
1740,18028,False,0.778579831123352,0.5132944359184718
1740,17376,False,0.6970389485359192,0.0
1741,17502,False,0.8188707828521729,0.0
1741,8736,False,0.8513468503952026,0.4920822612352239
1741,2751,False,0.8681066036224365,0.5065552689186128
1742,15527,True,0.9636176228523254,0.7941558138647504
1742,14323,False,0.7392207980155945,0.3290776188195131
1742,5555,False,0.631145179271698,0.0
1743,4961,False,0.8170967698097229,0.2564406062069432
1743,4036,False,0.8815961480140686,0.2442521052295986
1743,2063,False,0.7873172760009766,0.0
1744,11712,False,0.8286780118942261,0.3120305804954063
1744,5686,False,0.7975093126296997,0.3250318546827148
1744,2205,False,0.8048102855682373,0.0
1745,17211,False,0.835908055305481,0.0
1745,16613,False,0.8993253111839294,0.4992872412627317
1745,6423,False,0.8770081996917725,0.4674463943059245
1746,16729,False,0.7435392141342163,0.0
1746,16093,False,0.7050331830978394,0.0
1746,8156,False,0.7158152461051941,0.0
1747,6235,False,0.8302445411682129,0.0
1747,17302,False,0.7868191003799438,0.3537745688386125
1747,4166,False,0.7165224552154541,0.0
1748,17507,True,0.8289533853530884,0.3608439182435161
1748,5383,False,0.0,0.0
1748,1439,False,0.0,0.232379000772445
1749,13731,False,0.0,0.0
1749,8433,False,0.6907051205635071,0.3725055798649562
1749,483,False,0.6818854808807373,0.3705398374899089
1750,19725,False,0.7859118580818176,0.2515375958448079
1750,12372,False,0.769523024559021,0.2803740816631401
1750,1954,False,0.6913817524909973,0.0
1751,20117,True,0.9269126057624816,0.5113966563253383
1751,4201,False,0.6751008033752441,0.0
1751,2751,False,0.0,0.2995485417823714
1752,18020,False,0.8347862958908081,0.6771298807513104
1752,17695,False,0.6275155544281006,0.0
1752,10391,False,0.8722563982009888,0.7326501298932191
1753,18340,False,0.8380627632141113,0.4904205684571604
1753,16998,False,0.6200358271598816,0.0
1753,16220,False,0.8668384552001953,0.530419739853307
1754,21393,False,0.6382980346679688,0.2272595516602478
1754,15090,False,0.0,0.2837521769195829
1754,11707,False,0.0,0.0
1755,13773,False,0.7939714193344116,0.0
1755,9870,False,0.7747104167938232,0.4292282190785897
1755,1831,False,0.7192413806915283,0.0
1756,14401,False,0.8023877739906311,0.0
1756,9956,False,0.8805760741233826,0.4387755102040816
1756,4403,False,0.7906084656715393,0.0
1757,20342,False,0.8443694114685059,0.0
1757,12032,False,0.8251872062683105,0.0
1757,6402,False,0.8515103459358215,0.2546953503177768
1758,13845,False,0.751918375492096,0.534717814539874
1758,9789,True,0.5325832366943359,0.3877833671647406
1758,7113,False,0.7415890693664551,0.0
1759,19691,False,0.6979117393493652,0.270633010151021
1759,13261,False,0.570999801158905,0.2684772309458182
1759,1904,False,0.6386293172836304,0.0
1760,18398,False,0.6825543642044067,0.4763684007315273
1760,18297,False,0.6325052976608276,0.0
1760,16579,False,0.5247909426689148,0.4458943784798605
1761,12647,True,0.9893802404403688,0.79115480528524
1761,12646,False,0.977874517440796,0.700518326616746
1761,4576,False,0.9137861728668212,0.0
1762,19369,False,0.7226966619491577,0.0
1762,16029,False,0.8777995109558105,0.4214263608273426
1762,5368,False,0.6389177441596985,0.0
1763,21094,False,0.0,0.0
1763,20752,False,0.0,0.0
1763,10969,False,0.0,0.2580645161290322
1764,15809,False,0.6307757496833801,0.2917782147863139
1764,13775,False,0.6850076913833618,0.0
1764,1904,False,0.6436174511909485,0.3288050839866868
1765,14204,False,0.5847936868667603,0.3130886553782037
1765,14203,False,0.5667699575424194,0.0
1765,6217,False,0.7281807661056519,0.3174510888285778
1766,19279,False,0.7838838696479797,0.3324549831021843
1766,5888,True,0.8226429224014282,0.5590169943749475
1766,4204,False,0.7709208726882935,0.0
1767,4882,False,0.63280189037323,0.3592106040535498
1767,10405,False,0.7666735649108887,0.0
1767,1832,False,0.7589976787567139,0.3726206567625497
1768,21425,False,0.6250921487808228,0.0
1768,15860,False,0.9043831825256348,0.504568465769384
1768,7940,False,0.922232747077942,0.5729845289245546
1769,20856,False,0.0,0.3153017676423058
1769,10217,False,0.5745221376419067,0.0
1769,2244,False,0.6812752485275269,0.0
1770,14557,False,0.8063557744026184,0.4158299603122403
1770,12633,False,0.8113322257995605,0.0
1770,2655,False,0.8095590472221375,0.4093490967751126
1771,17188,False,0.7844375967979431,0.4259989772815657
1771,16912,False,0.8199144601821899,0.0
1771,15884,False,0.7424907684326172,0.0
1772,10590,False,0.7272858619689941,0.3522819383711917
1772,7233,False,0.7608659863471985,0.3721042037676254
1772,18154,False,0.6096256375312805,0.0
1773,21638,False,0.7107734680175781,0.2458553930152062
1773,20276,False,0.7113778591156006,0.2580462448093459
1773,6527,False,0.0,0.0
1774,18402,True,0.9140012264251708,0.6666744460586685
1774,17453,False,0.8873428106307983,0.5990408066034413
1774,17449,False,0.7333465218544006,0.0
1775,12899,False,0.7405067682266235,0.3239647294336242
1775,934,False,0.6538770198822021,0.0
1775,450,False,0.5795271396636963,0.0
1776,16437,True,0.8130122423171997,0.0
1776,15489,True,0.8602694869041443,0.4878213576649419
1776,13179,True,0.8180325031280518,0.4211985011941251
1777,19260,False,0.7850058674812317,0.4456794105478751
1777,17901,False,0.8380612134933472,0.6064784348631227
1777,3750,True,0.8561121225357056,0.0
1778,12777,False,0.0,0.1645362954286044
1778,4304,False,0.0,0.0
1778,13002,False,0.0,0.1588015514791317
1779,10692,False,0.833147406578064,0.518167570773063
1779,9712,False,0.8751653432846069,0.6258316429550218
1779,760,False,0.8244282603263855,0.0
1780,18485,False,0.0,0.0
1780,18181,False,0.0,0.188842940962355
1780,17543,False,0.0,0.0
1780,16211,False,0.0,0.2220577958421637
1781,4397,False,0.824043869972229,0.4705882352941176
1781,4394,False,0.8226678371429443,0.4820676840414581
1781,827,False,0.7213282585144043,0.0
1782,20422,False,0.0,0.0
1782,14112,False,0.7392751574516296,0.3210353960082845
1782,10194,False,0.5683304071426392,0.3006373559532889
1783,21575,False,0.0,0.2389124373726212
1783,20117,False,0.0,0.0
1783,19124,False,0.0,0.2291567596926185
1784,14395,False,0.7576718330383301,0.0
1784,11403,False,0.8438167572021484,0.565752381856018
1784,4395,False,0.7593828439712524,0.0
1785,20035,False,0.7460526823997498,0.2386517729518245
1785,2306,False,0.5940111875534058,0.2385181579604781
1785,8,False,0.0,0.0
1786,13305,False,0.0,0.2778311914457607
1786,10531,False,0.0,0.2798964342196751
1786,5074,False,0.0,0.0
1787,17878,False,0.5631116032600403,0.0
1787,15568,False,0.5414412021636963,0.1988854199402068
1787,9644,False,0.6288807988166809,0.2050533216864632
1788,7709,False,0.0,0.0
1788,4539,False,0.590998649597168,0.3260198292646311
1788,1732,False,0.0,0.0
1789,18845,False,0.6523032784461975,0.0
1789,11778,True,0.9131417274475098,0.5833535890179526
1789,5744,False,0.8355470895767212,0.4815227660673221
1790,17538,False,0.0,0.1430193883868388
1790,2260,False,0.0,0.0
1790,19800,True,0.8764551877975464,0.5983708632736918
1791,19538,True,0.8766987323760986,0.6736771578152377
1791,16870,False,0.8436129689216614,0.0
1791,16560,False,0.8666235208511353,0.5804496964248881
1792,10466,False,0.8555591106414795,0.4300215016126343
1792,8494,True,0.8648820519447327,0.5274219333901033
1792,6445,False,0.7996382713317871,0.0
1793,11710,False,0.8896834850311279,0.4133700789735653
1793,9737,False,0.927506685256958,0.4094673086755561
1793,7712,False,0.891477108001709,0.0
1794,21765,False,0.7425556778907776,0.0
1794,21638,False,0.7903209328651428,0.2704813730373557
1794,20276,False,0.8029575347900391,0.2519763153394848
1795,15985,False,0.7731096148490906,0.0
1795,10073,False,0.7891778945922852,0.2669069665998747
1795,2063,False,0.8022264838218689,0.0
1796,14540,False,0.7593719363212585,0.0
1796,6590,False,0.8716995716094971,0.4410314402937534
1796,6587,False,0.6448906064033508,0.4271065059729062
1797,15985,False,0.7684112191200256,0.0
1797,6004,False,0.8129928708076477,0.2488559981306387
1797,2063,False,0.7554629445075989,0.2299239447704524
1798,20145,False,0.0,0.0
1798,19797,False,0.6706643104553223,0.3454246398538787
1798,5653,False,0.6314645409584045,0.343203236491822
1799,17766,False,0.6847923994064331,0.3656486241018991
1799,17765,False,0.7297705411911011,0.0
1799,17436,False,0.7300630807876587,0.3849224325271214
1800,20481,False,0.0,0.0
1800,18482,False,0.0,0.2122183344440558
1800,17261,False,0.4983426630496979,0.2463768115942029
1801,17878,False,0.5632674098014832,0.2125827130725644
1801,15568,False,0.4920802116394043,0.0
1801,9644,False,0.6261417865753174,0.0
1802,14924,False,0.9199977517127992,0.0
1802,9095,False,0.8733235597610474,0.5069794004195823
1802,3105,False,0.8491587042808533,0.526030245261659
1803,6872,True,0.84821617603302,0.519924645912175
1803,4853,False,0.7704781293869019,0.3232084325520476
1803,2941,False,0.7079913020133972,0.0
1804,20795,False,0.7650471329689026,0.0
1804,14112,False,0.6571298241615295,0.2749633406650374
1804,7948,False,0.7588163614273071,0.2654555439007829
1805,15541,False,0.9451106786727904,0.5436308108534155
1805,11591,False,0.8581727147102356,0.0
1805,9612,False,0.862406849861145,0.4622112082141145
1806,21593,False,0.884793758392334,0.5731805055728324
1806,16932,False,0.943446159362793,0.0
1806,7161,False,0.9165521264076232,0.5697971488846494
1807,11451,False,0.7324033975601196,0.0
1807,6917,False,0.6532046794891357,0.3171675237082733
1807,1483,False,0.7919007539749146,0.3224970216983856
1808,19188,False,0.8147839903831482,0.3897114317029974
1808,16727,False,0.0,0.2720783698574039
1808,4116,False,0.7268917560577393,0.0
1809,21955,False,0.8779060244560242,0.6128258770283411
1809,16909,False,0.8317673206329346,0.0
1809,9064,False,0.8887208104133606,0.6487491201346025
1810,16152,False,0.8935357332229614,0.0
1810,6172,False,0.941922664642334,0.52908467726827
1810,577,True,0.7778241634368896,0.4866490268035206
1811,11111,False,0.816016435623169,0.0
1811,7920,False,0.0,0.0
1811,1143,False,0.8832693696022034,0.3492639051643069
1812,12857,False,0.6832774877548218,0.0
1812,12366,False,0.6820688247680664,0.3256966637437609
1812,6324,False,0.945343852043152,0.6079653801987484
1813,17215,False,0.8381690979003906,0.0
1813,3253,True,0.919263243675232,0.6590284933204408
1813,1607,False,0.9928297400474548,0.8554837795635868
1814,12532,False,0.5491366386413574,0.2755061060264024
1814,6497,False,0.53000408411026,0.2771809306079387
1814,203,False,0.0,0.0
1815,17571,False,0.8372880816459656,0.0
1815,17249,False,0.8375536799430847,0.6001929096306076
1815,16666,False,0.8573405742645264,0.6064642345586982
1816,17188,False,0.8965137600898743,0.0
1816,16912,False,0.9063235521316528,0.0
1816,15884,False,0.8970407247543335,0.0
1817,21296,False,0.6692111492156982,0.307350428199288
1817,18425,False,0.7205920219421387,0.0
1817,16760,False,0.6376063823699951,0.3239891110814974
1818,15809,False,0.7085860371589661,0.327107138144625
1818,11206,False,0.6500608921051025,0.0
1818,1904,False,0.7783454060554504,0.3124182466409685
1819,20281,False,0.0,0.0
1819,12901,False,0.0,0.0
1819,8929,False,0.0,0.0
1820,12560,False,0.0,0.0
1820,11361,False,0.0,0.0
1820,11170,False,0.0,0.2057445197835324
1821,10712,False,0.7904964685440063,0.3392544593839081
1821,10711,True,0.8172036409378052,0.3830161731427132
1821,9473,False,0.5757437944412231,0.0
1822,18321,False,0.7795567512512207,0.0
1822,16798,False,0.8231744766235352,0.5437456166805353
1822,8546,False,0.7422268390655518,0.547996624351191
1823,21772,False,0.0,0.2145831269399971
1823,8996,False,0.0,0.0
1823,8449,False,0.0,0.2464026901522905
1823,1404,False,0.0,0.0
1824,15224,False,0.9372190833091736,0.5771579152715136
1824,14224,False,0.7057844996452332,0.0
1824,2324,False,0.5117640495300293,0.3875918218988359
1825,7034,False,0.8661537170410156,0.4717281765248632
1825,16112,False,0.8569715023040771,0.4337361989746802
1825,13685,False,0.7831236124038696,0.0
1826,20276,False,0.654306173324585,0.0
1826,16724,False,0.736844539642334,0.2264554068289191
1826,7504,False,0.7361544966697693,0.1894137247756167
1827,12586,False,0.8682810664176941,0.0
1827,2579,False,0.8483917117118835,0.4512266773097672
1827,2578,True,0.865993857383728,0.0
1828,17452,False,0.6555665135383606,0.0
1828,16442,False,0.7589730620384216,0.3193277310924369
1828,14666,False,0.0,0.2661557098026147
1829,19353,True,0.8540250062942505,0.4883862905055043
1829,9286,False,0.7423739433288574,0.0
1829,1305,False,0.9205610156059264,0.4029186896670411
1830,21428,False,0.0,0.0
1830,18953,False,0.0,0.2198900824313101
1830,10424,False,0.0,0.2433299144559681
1831,14644,False,0.8487050533294678,0.6259425676138543
1831,10754,False,0.8964513540267944,0.0
1831,2754,False,0.8798288106918335,0.6183289068182708
1832,13396,True,0.8277167081832886,0.5544788620954259
1832,2380,False,0.6193843483924866,0.0
1832,432,False,0.9754549264907836,0.7389884275845571
1833,19652,False,0.7266391515731812,0.0
1833,9342,True,0.9724981188774108,0.8173933374648146
1833,5542,False,0.9863235950469972,0.6919828817445867
1834,18463,False,0.9365869760513306,0.4924022798944108
1834,16494,False,0.6268318295478821,0.0
1834,16331,True,0.92904531955719,0.6779951469994743
1835,21720,False,0.81159508228302,0.0
1835,5151,False,0.8804910182952881,0.4865518445973118
1835,1934,False,0.7972443103790283,0.3572948005052482
1836,14217,False,0.7275906205177307,0.0
1836,9493,False,0.7278896570205688,0.0
1836,3495,False,0.7684240341186523,0.3098898934004561
1837,13677,False,0.9322655200958252,0.6967886950248874
1837,11433,False,0.7956305146217346,0.0
1837,7433,False,0.8251788020133972,0.0
1838,17554,False,0.7722738981246948,0.0
1838,16729,False,0.7058496475219727,0.0
1838,15600,False,0.61577308177948,0.0
1839,21955,False,0.8658989667892456,0.5625
1839,16909,False,0.8230928778648376,0.0
1839,9064,False,0.8871876001358032,0.7018644002680549
1840,15078,False,0.57391756772995,0.1724593690474385
1840,2223,False,0.5694642066955566,0.0
1840,184,False,0.0,0.0
1841,18623,False,0.97479248046875,0.6031830462090613
1841,2327,False,0.8545488119125366,0.0
1841,2326,True,0.9214234352111816,0.6464774788800366
1842,21575,False,0.7821322679519653,0.0
1842,19694,False,0.8206548690795898,0.0
1842,3662,False,0.8565806150436401,0.5765337643698338
1843,14851,False,0.7724997401237488,0.4027777777777778
1843,8939,False,0.7407246232032776,0.0
1843,4900,False,0.8716576099395752,0.0
1844,20809,False,0.7152004241943359,0.0
1844,13544,False,0.745049238204956,0.3594425773447947
1844,1597,False,0.6282610893249512,0.0
1845,19403,False,0.8960743546485901,0.4027332775262111
1845,16106,False,0.8782627582550049,0.0
1845,185,True,0.7784853577613831,0.4533333333333333
1846,14504,False,0.8073382377624512,0.0
1846,6545,False,0.7047369480133057,0.0
1846,632,False,0.7587432861328125,0.0
1847,19546,False,0.7220777273178101,0.4196370313678692
1847,18413,False,0.7221613526344299,0.0
1847,16486,False,0.7298659086227417,0.4264014327112208
1848,12979,False,0.7805962562561035,0.0
1848,7504,False,0.8372617363929749,0.3225572315956639
1848,3523,False,0.8232221603393555,0.33519554521581
1849,20795,False,0.7227008938789368,0.0
1849,4105,False,0.5894286036491394,0.3115569694248049
1849,2202,False,0.6404927968978882,0.2973418726890144
1850,17488,False,0.8299506306648254,0.6170919847985359
1850,6903,False,0.9204925894737244,0.5537627883908882
1850,4883,False,0.7006102800369263,0.0
1850,4882,False,0.6970144510269165,0.0
1851,13348,False,0.9634195566177368,0.5756714017850865
1851,12453,False,0.7522404789924622,0.457000010832593
1851,7385,False,0.8160579204559326,0.0
1852,21688,False,0.8704408407211304,0.4157565818523326
1852,21560,False,0.812035322189331,0.0
1852,12711,False,0.8826599717140198,0.4319297483312999
1853,21729,False,0.0,0.3736838766118223
1853,20767,False,0.5719752311706543,0.3816561946629568
1853,16450,False,0.0,0.3736838766118223
1854,12358,False,0.903756856918335,0.4195065898492601
1854,10356,False,0.8884250521659851,0.0
1854,6317,False,0.895670473575592,0.0
1855,21794,False,0.0,0.0
1855,17687,False,0.6108983159065247,0.4252100321353806
1855,12474,True,0.7197134494781494,0.409800570932384
1856,21637,False,0.7931376099586487,0.3896251660797437
1856,17347,False,0.7972143888473511,0.3239105320715664
1856,9399,False,0.784965991973877,0.0
1857,18252,False,0.5923490524291992,0.233685685404836
1857,17878,False,0.0,0.0
1857,15568,False,0.6089076995849609,0.2496507332891911
1858,21268,False,0.7845057845115662,0.0
1858,13518,False,0.789179801940918,0.0
1858,10840,False,0.6403078436851501,0.0
1859,21765,False,0.7496368885040283,0.0
1859,21638,False,0.7072615623474121,0.2043559728423997
1859,20276,False,0.7190366983413696,0.2160604053625562
1860,18620,False,0.9080787301063538,0.6046415449251419
1860,5560,True,0.9606952667236328,0.7806708682974502
1860,2959,False,0.8381474018096924,0.0
1861,18357,True,0.8052970767021179,0.524739947513052
1861,11148,False,0.7764118909835815,0.0
1861,6115,False,0.7206964492797852,0.5073888001764347
1862,20516,False,0.8221876621246338,0.0
1862,9497,False,0.8853919506072998,0.4532124927785186
1862,7472,False,0.851513147354126,0.0
1863,21325,True,0.9146814346313475,0.5642880936468347
1863,8814,False,0.8347519040107727,0.0
1863,6774,False,0.836721658706665,0.5231143743471868
1864,21852,False,0.776699423789978,0.3920351010660095
1864,21612,False,0.7949862480163574,0.0
1864,12322,False,0.7302785515785217,0.5098127419345817
1865,13731,False,0.0,0.3564048992466992
1865,8433,False,0.6891833543777466,0.3780244816581739
1865,483,False,0.6869349479675293,0.0
1866,14359,False,0.9095375537872314,0.357727379395089
1866,9388,False,0.9619353413581848,0.4412870126358952
1866,3606,False,0.7271023988723755,0.0
1867,19401,False,0.7758852243423462,0.0
1867,19124,False,0.8362016677856445,0.3632100888293866
1867,7704,False,0.7819997072219849,0.0
1867,7015,True,0.8707238435745239,0.3824088899852943
1868,13627,False,0.7892726063728333,0.0
1868,5651,False,0.7752382755279541,0.4322928132781762
1868,4494,False,0.8676894307136536,0.5849848067232071
1869,15515,False,0.8354936838150024,0.0
1869,10527,False,0.8721503615379333,0.5086563575663423
1869,8591,False,0.8485048413276672,0.4858657981073496
1870,12881,False,0.8855374455451965,0.4678890882578124
1870,8883,False,0.8347233533859253,0.0
1870,2898,False,0.8137920498847961,0.4247237265593235
1871,14876,False,0.9118242859840392,0.4539796922502258
1871,4217,False,0.6136202812194824,0.0
1871,2802,False,0.6743301153182983,0.2555555555555555
1872,12366,False,0.750885009765625,0.0
1872,7997,False,0.4912819564342499,0.3496150890136245
1872,6324,False,0.7563979029655457,0.4197901573688647
1873,15364,False,0.8214228749275208,0.3244075671494598
1873,9534,False,0.6365716457366943,0.3376837076971282
1873,8945,False,0.6698450446128845,0.0
1874,16326,False,0.0,0.2192645048267572
1874,14194,True,0.0,0.2813657169355688
1874,10701,False,0.5280966758728027,0.0
1875,13348,False,0.7452207803726196,0.4434842969918119
1875,9386,True,0.7601958513259888,0.4020151261036848
1875,3369,False,0.745221734046936,0.0
1876,21640,False,0.0,0.0
1876,18891,False,0.5966237783432007,0.2470946291949238
1876,15098,False,0.0,0.2317716354733445
1877,4572,False,0.8228563070297241,0.0
1877,2927,True,0.7140700221061707,0.4775669329409193
1877,946,False,0.7242196798324585,0.3559026084010437
1878,11365,False,0.5386695861816406,0.2946837874735029
1878,8347,False,0.6897769570350647,0.0
1878,6285,False,0.5760823488235474,0.0
1879,9989,False,0.8801225423812866,0.0
1879,7976,False,0.8796359896659851,0.0
1879,622,False,0.8220897912979126,0.4016995952548513
1880,17878,False,0.6358500719070435,0.0
1880,15568,False,0.5498612523078918,0.2570835545556901
1880,9644,False,0.6797513365745544,0.2535321288150275
1881,13703,False,0.0,0.0
1881,10893,False,0.7587230205535889,0.0
1881,10891,False,0.7506350874900818,0.0
1881,8934,False,0.7539008855819702,0.0
1881,6913,False,0.7473638653755188,0.265900395980773
1882,12726,False,0.7934454679489136,0.0
1882,10854,True,0.9698283076286316,0.8940593410189046
1882,5842,False,0.9496805667877196,0.682625682626024
1883,19123,True,0.7200261950492859,0.4722250688807642
1883,15051,False,0.0,0.0
1883,11890,False,0.0,0.2400274332743652
1883,5518,False,0.0,0.0
1884,17578,True,0.768114447593689,0.5000826651241492
1884,16980,False,0.7819712162017822,0.4567400595261685
1884,16001,False,0.8520430326461792,0.0
1885,2010,True,0.7684841752052307,0.392467982639927
1885,19216,False,0.6183761358261108,0.0
1885,4281,False,0.6939762830734253,0.0
1886,21417,False,0.7773972749710083,0.4651104080229324
1886,17807,False,0.8589533567428589,0.4773035459036491
1886,16776,False,0.8064491748809814,0.0
1887,15667,False,0.8791756629943848,0.3813850356982369
1887,3720,False,0.0,0.0
1887,3716,False,0.9172403216362,0.5478200777690041
1888,6730,False,0.7804932594299316,0.4476282581717944
1888,6729,True,0.9335299730300904,0.5951274548447759
1888,4209,False,0.8413007855415344,0.0
1889,7895,False,0.5127202272415161,0.2022599587389726
1889,20029,False,0.0,0.2262778643423325
1889,17501,False,0.0,0.0
1890,19573,False,0.8125168085098267,0.4170288281141495
1890,13662,False,0.7404582500457764,0.0
1890,6397,False,0.8516571521759033,0.5500933918218137
1891,19706,False,0.7001187205314636,0.0
1891,15304,True,0.9248061776161194,0.7894907699816689
1891,3329,False,0.8485642671585083,0.6761202107787316
1892,19691,False,0.7734383940696716,0.3880662288534551
1892,13777,False,0.8588306903839111,0.0
1892,1904,False,0.6004940271377563,0.4626608015193219
1893,13149,False,0.8808640241622925,0.5660629261090032
1893,11120,True,0.9415861964225768,0.7037338712686632
1893,1158,False,0.9117431640625,0.0
1894,14802,False,0.6800905466079712,0.3827022647356085
1894,12345,False,0.4817282855510711,0.0
1894,3978,False,0.5098111033439636,0.37390908859768
1895,7660,False,0.8573353886604309,0.0
1895,7548,False,0.6098114252090454,0.423594626606571
1895,1298,False,0.685674786567688,0.3618662524131399
1896,18833,False,0.0,0.0
1896,10450,False,0.0,0.0
1896,8481,False,0.0,0.0
1897,16042,False,0.6456077098846436,0.0
1897,11444,False,0.8814184665679932,0.4926938732593016
1897,5422,False,0.8784037828445435,0.5747608740239938
1898,20290,False,0.728584885597229,0.3710403716056015
1898,16040,False,0.7287163138389587,0.0
1898,10123,False,0.8846491575241089,0.3621901105915333
1899,20831,False,0.7809492945671082,0.0
1899,5458,True,0.8682687282562256,0.5763934854156215
1899,3750,False,0.7521674633026123,0.0
1900,21503,False,0.7887450456619263,0.2249338527106093
1900,14082,False,0.8745405673980713,0.2238868314198225
1900,14079,False,0.7449524998664856,0.0
1900,13771,False,0.760380744934082,0.0
1901,19206,False,0.7131818532943726,0.0
1901,10882,True,0.9786244034767152,0.8478494670923128
1901,8929,False,0.79207843542099,0.3827950812679254
1902,16360,False,0.6432884931564331,0.0
1902,8123,False,0.6532031893730164,0.2724459655118999
1902,1536,False,0.7004553079605103,0.0
1903,10674,False,0.8426201939582825,0.6090312530694656
1903,10218,False,0.0,0.0
1903,6173,False,0.0,0.2809003238667948
1904,20198,False,0.6953166127204895,0.4540126110367334
1904,15684,True,0.7027987837791443,0.384746276545751
1904,7744,False,0.706950843334198,0.0
1905,11801,False,0.9488224983215332,0.5557382740461252
1905,8191,False,0.9566887021064758,0.0
1905,7800,False,0.9510129690170288,0.5300888152439963
1906,12445,False,0.0,0.3195082825132337
1906,12366,False,0.6537008881568909,0.0
1906,6324,False,0.7270649075508118,0.3497264441291505
1907,14428,False,0.9744904041290284,0.0
1907,12500,False,0.968367636203766,0.5521132882088787
1907,10481,True,0.9911827445030212,0.7187889978568421
1908,8694,False,0.8936247825622559,0.5962847939999439
1908,20111,True,0.8906503319740295,0.750349288653503
1908,4634,False,0.5274034738540649,0.0
1909,15273,False,0.8916571736335754,0.0
1909,11284,True,0.8493747115135193,0.3727234975011265
1909,1674,False,0.8224893808364868,0.0
1910,9558,False,0.7989535331726074,0.589604358937073
1910,7536,False,0.7129625082015991,0.5414989670994755
1910,5522,False,0.8278244733810425,0.0
1911,18601,False,0.0,0.0
1911,10747,False,0.0,0.2739019925383952
1911,768,False,0.0,0.2859907054531067
1912,7686,False,0.0,0.0
1912,4739,False,0.0,0.0
1912,768,False,0.0,0.407402763238362
1913,10489,False,0.8379068970680237,0.3536075183357653
1913,7686,False,0.7237786054611206,0.0
1913,5666,False,0.7413033843040466,0.0
1914,12222,False,0.0,0.2455718175114147
1914,7686,False,0.0,0.0
1914,5666,False,0.0,0.0
1915,10106,False,0.7612210512161255,0.3732725086950016
1915,3421,True,0.7701581120491028,0.0
1915,2096,False,0.8643246293067932,0.0
1916,16832,False,0.7010811567306519,0.3394573021281205
1916,10813,False,0.7227237820625305,0.3680033005841961
1916,10812,False,0.7210389375686646,0.0
1917,21897,False,0.6831871867179871,0.0
1917,14149,False,0.7448642253875732,0.3301126458867623
1917,13544,False,0.0,0.0
1918,15809,False,0.6414610743522644,0.2242806520081283
1918,7942,False,0.5698833465576172,0.0
1918,1904,False,0.6392198801040649,0.2347692643940071
1919,6453,False,0.8267134428024292,0.0
1919,4417,False,0.7956603765487671,0.566551652181001
1919,543,True,0.8752951622009277,0.6509867769653879
1920,18542,False,0.8273568153381348,0.0
1920,17247,False,0.6661902070045471,0.440088026408803
1920,13431,False,0.8607497215270996,0.6172133998483676
1921,21398,False,0.0,0.0
1921,10301,False,0.8217130303382874,0.3691820272054348
1921,4269,False,0.721359372138977,0.327829495409448
1922,20240,True,0.8356552124023438,0.6776548544022357
1922,19216,False,0.0,0.0
1922,14265,False,0.5587835907936096,0.0
1923,10960,False,0.8070114254951477,0.0
1923,10958,False,0.8286349773406982,0.3746980635049515
1923,8998,False,0.747938871383667,0.3264476574816399
1924,21227,False,0.7958670258522034,0.0
1924,19550,False,0.8283159732818604,0.4673787893439827
1924,261,False,0.7815914154052734,0.4154744849194083
1925,21300,False,0.5596113204956055,0.0
1925,14308,False,0.0,0.2247930490331429
1925,2406,False,0.6593846678733826,0.2180203998180952
1926,21594,False,0.7097684144973755,0.0
1926,13878,False,0.7280673384666443,0.4125684985035174
1926,485,False,0.7552084922790527,0.3951048749993008
1927,14820,False,0.9623029828071594,0.6569196991892395
1927,4855,False,0.9573626518249512,0.5872463977600778
1927,951,False,0.9036654233932496,0.0
1928,10795,False,0.7067390084266663,0.3860440160957241
1928,6806,False,0.7393630743026733,0.3354797388551417
1928,5439,False,0.5896222591400146,0.0
1929,13262,False,0.0,0.2281930587727682
1929,8263,False,0.0,0.0
1929,1245,False,0.0,0.0
1930,15375,True,0.9408454298973083,0.5271366713916804
1930,13378,False,0.8835475444793701,0.3904716084382818
1930,1434,False,0.7995232343673706,0.0
1931,11214,True,0.84931880235672,0.5062739098320354
1931,1258,False,0.9131274223327636,0.5789307288494483
1931,1257,False,0.9043890237808228,0.0
1932,9095,True,0.929284393787384,0.5946328834734167
1932,9016,False,0.94253408908844,0.5215078118109387
1932,4979,False,0.9157887697219848,0.0
1933,13855,False,0.8737414479255676,0.0
1933,13159,False,0.8970363140106201,0.5112895332090218
1933,9138,False,0.9016313552856444,0.6379492053167095
1934,9578,True,0.8504676818847656,0.0
1934,5537,False,0.8222123384475708,0.5296432778065115
1934,1584,False,0.8530818223953247,0.5446004852247028
1935,20275,False,0.6545928716659546,0.0
1935,14762,False,0.6261526346206665,0.0
1935,5916,False,0.6223899126052856,0.4489566864676492
1936,18140,False,0.8173748254776001,0.5145608452635753
1936,11295,True,0.9161866903305054,0.517573096330916
1936,7302,False,0.7675318717956543,0.0
1937,8500,True,0.8603590726852417,0.4293960320973545
1937,2891,True,0.7977760434150696,0.0
1937,2881,False,0.8754382133483887,0.4037959217036245
1938,20726,False,0.9002506136894226,0.0
1938,19138,True,0.7686536312103271,0.4182141805046713
1938,12904,False,0.9086316823959352,0.3392878999754743
1939,15089,False,0.887643575668335,0.4343609543564415
1939,5124,False,0.9026849269866944,0.0
1939,1713,False,0.8582968711853027,0.0
1940,19790,False,0.6536308526992798,0.0
1940,17513,False,0.7153013944625854,0.2603778219616477
1940,2612,False,0.7161571979522705,0.309426373877638
1941,17384,False,0.6853253245353699,0.327730693416725
1941,17380,False,0.0,0.0
1941,606,False,0.6825758218765259,0.3216337604513384
1942,10570,False,0.0,0.0
1942,5590,False,0.6652649641036987,0.338694939101672
1942,1587,False,0.8172662258148193,0.3499753946987439
1943,21633,False,0.8421109914779663,0.0
1943,20859,False,0.8539462089538574,0.3868613199994035
1943,15780,True,0.8730732798576355,0.4392715207054347
1944,18666,False,0.7589230537414551,0.0
1944,6985,False,0.7340016961097717,0.3981896402778443
1944,828,True,0.7476003170013428,0.5313874275536371
1945,16040,False,0.8886101841926575,0.0
1945,13413,False,0.7843161225318909,0.4100610098343847
1945,6075,False,0.8760507106781006,0.4207174884981668
1946,20141,False,0.0,0.3371637940589879
1946,3306,False,0.590381383895874,0.0
1946,1315,True,0.8436039090156555,0.6229601207078632
1947,19995,False,0.6252766847610474,0.0
1947,14781,False,0.7383164167404175,0.2765690486933834
1947,5922,False,0.7974420785903931,0.25063542165166
1948,19940,False,0.6941686868667603,0.0
1948,15496,False,0.6904308795928955,0.2815427062580403
1948,4829,False,0.6916840672492981,0.2848746885840189
1949,20034,False,0.7599591612815857,0.3451821121947978
1949,17302,True,0.8733775615692139,0.502245856488776
1949,17048,False,0.7957673072814941,0.0
1950,19292,False,0.0,0.0
1950,18440,False,0.8230563402175903,0.2848243886957184
1950,12331,False,0.7139137387275696,0.2030519336074287
1951,21576,False,0.8486955165863037,0.0
1951,20443,True,0.9396441578865052,0.7112431779901638
1951,10895,False,0.904416799545288,0.5777466648897324
1952,7748,False,0.8733793497085571,0.0
1952,1770,False,0.852759838104248,0.538638634844706
1952,1769,True,0.940726637840271,0.6581878094725758
1953,13422,False,0.8348070979118347,0.0
1953,11438,True,0.8270137906074524,0.6996502622814412
1953,5421,False,0.7980824708938599,0.434353659595816
1954,15809,False,0.6083131432533264,0.0
1954,1904,False,0.6238968968391418,0.3293065087960753
1954,528,False,0.8084932565689087,0.3202563076101742
1955,21221,False,0.8150153160095215,0.0
1955,20238,False,0.8793236017227173,0.548796358112126
1955,17185,False,0.835126519203186,0.0
1956,17084,False,0.8567714691162109,0.0
1956,16815,False,0.868966817855835,0.4076542275707878
1956,16214,False,0.8393728733062744,0.4112145941004327
1957,19902,False,0.8239952325820923,0.4635133474834652
1957,18173,False,0.8390100002288818,0.4635133474834652
1957,17570,True,0.9098021984100342,0.579545525280815
1958,6818,False,0.523855447769165,0.0
1958,17412,False,0.8015471696853638,0.5175491695067657
1958,16833,False,0.8207404613494873,0.5154060995580372
1959,19283,False,0.94744873046875,0.6419113563366358
1959,806,False,0.9858633279800416,0.6517265337144673
1959,304,False,0.9303722381591796,0.0
1960,12603,False,0.6509859561920166,0.3374196088105538
1960,11820,False,0.7702146768569946,0.0
1960,2284,True,0.8923026323318481,0.4588235294117647
1961,8373,False,0.8035677075386047,0.4473340014779661
1961,3977,False,0.778841495513916,0.4503436788397936
1961,2938,False,0.7106214761734009,0.0
1962,13416,False,0.9304050803184508,0.592018105207268
1962,9467,False,0.9119113683700562,0.592018105207268
1962,5415,False,0.9269416332244872,0.0
1963,14903,False,0.8709920644760132,0.4831896338108075
1963,6961,True,0.9539743065834044,0.7440697862050945
1963,1019,False,0.8802943229675293,0.0
1964,21450,False,0.6226743459701538,0.4679096001787032
1964,14803,False,0.8219956159591675,0.5833333333333334
1964,12901,False,0.6654606461524963,0.0
1965,20960,False,0.0,0.0
1965,17704,False,0.0,0.0
1965,14193,False,0.6582968831062317,0.3619311426870912
1966,10568,False,0.9181771278381348,0.6933609117949814
1966,6582,False,0.8966078758239746,0.0
1966,656,True,0.9423433542251588,0.6819943394704735
1967,19166,False,0.7180097103118896,0.0
1967,15854,False,0.5987592935562134,0.3367175148507369
1967,11942,False,0.7009003162384033,0.0
1968,21511,True,0.6554933190345764,0.3540710385873156
1968,14466,False,0.6119608879089355,0.0
1968,4030,False,0.0,0.292352673102343
1969,15906,False,0.0,0.2739798077686293
1969,9311,False,0.5925724506378174,0.0
1969,4231,False,0.0,0.0
1970,19338,False,0.6712583303451538,0.0
1970,14540,False,0.6351460814476013,0.287820967080074
1970,1597,False,0.0,0.0
1971,11725,False,0.8261939287185669,0.317331531208767
1971,9809,False,0.6342896223068237,0.2631174057921088
1971,5881,False,0.6861206889152527,0.0
1972,15541,False,0.9689857363700868,0.5408912008336246
1972,7581,False,0.9443515539169312,0.5077963596336063
1972,3593,False,0.9396942853927612,0.0
1973,3155,False,0.9321532249450684,0.6455362024920511
1973,2945,False,0.8433020710945129,0.0
1973,1139,False,0.9183989763259888,0.5745981582621553
1974,20574,False,0.8285077810287476,0.364731124134634
1974,20285,False,0.7804518342018127,0.0
1974,2018,False,0.8428852558135986,0.0
1975,20586,False,0.7911309599876404,0.0
1975,14129,False,0.8708921670913696,0.479872051177255
1975,8180,True,0.92530357837677,0.5683985600588051
1976,22001,False,0.68038010597229,0.0
1976,12761,False,0.6344175338745117,0.2749093046966047
1976,12093,True,0.8510147333145142,0.5735811695742684
1977,13329,False,0.6826337575912476,0.3597960390646273
1977,13020,False,0.871103048324585,0.3623568972827802
1977,65,False,0.8708995580673218,0.0
1978,15144,False,0.9170101881027222,0.5103545438827408
1978,13928,False,0.823277473449707,0.0
1978,2278,False,0.823493480682373,0.4029114820126901
1979,14829,False,0.8590769171714783,0.0
1979,4860,False,0.8750184178352356,0.0
1979,4859,False,0.9105910062789916,0.5352503445655313
1980,7476,False,0.8428843021392822,0.0
1980,4278,True,0.93500554561615,0.5184813454892669
1980,1502,True,0.902562975883484,0.557364051131954
1981,13162,False,0.7911667227745056,0.0
1981,9095,False,0.8729101419448853,0.0
1981,4979,False,0.910809338092804,0.0
1982,21168,False,0.8045940399169922,0.0
1982,20304,False,0.825674295425415,0.4710486094373172
1982,11745,False,0.8267937302589417,0.4230298433515218
1983,8934,False,0.827738881111145,0.0
1983,8933,False,0.8443348407745361,0.0
1983,6913,True,0.8993829488754272,0.7643244952632777
1984,9928,False,0.8985471129417419,0.4946656773363013
1984,7086,False,0.7449247241020203,0.0
1984,1120,True,0.9217360019683838,0.4946656773363013
1985,10312,False,0.8088595271110535,0.3713706885166391
1985,3970,False,0.8368372917175293,0.0
1985,3968,False,0.8340563774108887,0.3949610391370344
1986,17527,False,0.7051224112510681,0.0
1986,15869,False,0.0,0.0
1986,6413,False,0.723839521408081,0.2636352520041483
1987,16252,False,0.8724491000175476,0.6275987638080028
1987,10905,True,0.8564862608909607,0.5507685172519936
1987,8946,False,0.8062824010848999,0.0
1988,19147,False,0.9089494347572328,0.5879101103675123
1988,18544,False,0.9317477941513062,0.0
1988,9474,False,0.9573692083358764,0.8254083790229259
1989,21399,False,0.6985093355178833,0.2359291372026818
1989,14252,False,0.569177508354187,0.2093657450391346
1989,3972,False,0.6103048324584961,0.0
1990,21296,False,0.7989017367362976,0.3038218101251
1990,6275,False,0.7110024690628052,0.0
1990,2013,False,0.8158159852027893,0.2773500981126145
1991,13890,False,0.7936385869979858,0.360245049979326
1991,3919,False,0.7911500334739685,0.0
1991,1966,False,0.7990709543228149,0.3842613866446144
1992,20486,False,0.9268320202827454,0.0
1992,7245,False,0.9226983189582824,0.5432694546952352
1992,1274,True,0.8976016044616699,0.5866072106954828
1993,12803,False,0.6236696243286133,0.2926028679903264
1993,12802,False,0.702498197555542,0.0
1993,8239,False,0.81873619556427,0.282842712474619
1994,12803,False,0.851575493812561,0.0
1994,11433,False,0.750159502029419,0.4035263987329965
1994,4736,False,0.8089812994003296,0.0
1995,16447,False,0.9148815870285034,0.5149415468127825
1995,3878,False,0.8234550952911377,0.4565217391304347
1995,3172,False,0.8384486436843872,0.0
1996,21936,False,0.7902833223342896,0.4551092768818133
1996,19010,False,0.7985539436340332,0.0
1996,9288,False,0.7592039108276367,0.4809239410698028
1997,12451,True,0.9899912476539612,0.719994208630634
1997,12450,False,0.9354699850082396,0.0
1997,6406,False,0.8566681742668152,0.5723234920624554
1998,16079,False,0.8133794069290161,0.0
1998,15549,False,0.0,0.0
1998,8143,False,0.8456387519836426,0.2684724167775245
1999,20189,True,0.7408143877983093,0.5331128213643246
1999,9557,False,0.946995735168457,0.481455554074777
1999,1022,False,0.7685337662696838,0.0
2000,14203,False,0.7893470525741577,0.4785366129910017
2000,14202,True,0.8506426811218262,0.497468338163091
2000,12250,False,0.8076477646827698,0.0
2001,13988,False,0.8600670695304871,0.4099600308453939
2001,8208,False,0.8657889366149902,0.427547323920165
2001,2074,False,0.6696974039077759,0.0
2002,20957,False,0.7724027037620544,0.4253331731973496
2002,13008,False,0.8619848489761353,0.0
2002,6988,False,0.707482635974884,0.4471018340098959
2003,15745,False,0.7299289703369141,0.0
2003,5764,False,0.7149208784103394,0.3214513508178087
2003,2247,False,0.9268096685409546,0.3978309206207727
2004,19520,True,0.7901341319084167,0.5128776445321725
2004,7715,False,0.8229844570159912,0.0
2004,1747,False,0.9772181510925292,0.5750446317481935
2005,6365,False,0.7735393047332764,0.3403516468284206
2005,14764,False,0.6838949918746948,0.4109662846896021
2005,13983,False,0.8074877262115479,0.0
2006,21801,False,0.6661322712898254,0.0
2006,13921,True,0.9458411335945128,0.5848184907608683
2006,6583,False,0.648563027381897,0.496500418929429
2007,20461,True,0.8900766372680664,0.4204648811571718
2007,7103,False,0.8220950365066528,0.0
2007,7102,False,0.8655446767807007,0.4121120667911454
2008,14092,False,0.7529826164245605,0.429586319611895
2008,5607,False,0.7402287721633911,0.0
2008,1663,False,0.745657205581665,0.3665245183824906
2009,21789,False,0.7881476283073425,0.3455368453594705
2009,19229,False,0.8081928491592407,0.0
2009,12439,False,0.8519380688667297,0.3490050304482666
2010,19334,False,0.0,0.2190473036790181
2010,9064,False,0.0,0.1837209169842502
2010,9036,False,0.6202317476272583,0.0
2011,5396,False,0.6658768057823181,0.3008435445450823
2011,4087,False,0.6609660387039185,0.2514326764853719
2011,1453,False,0.6804553270339966,0.0
2012,17452,False,0.8912215232849121,0.3533791834427155
2012,16441,False,0.5327361226081848,0.0
2012,5824,False,0.6293056011199951,0.3365073869829639
2013,21843,False,0.6702654957771301,0.0
2013,9226,True,0.972486138343811,0.7831133910418314
2013,3247,False,0.7933900952339172,0.3643782153687478
2014,11740,False,0.8499448895454407,0.3486774799017268
2014,10634,False,0.7659996151924133,0.0
2014,9456,True,0.8425019979476929,0.527617291246489
2015,16442,False,0.7228896617889404,0.3059132028869214
2015,14666,False,0.0,0.0
2015,5824,False,0.6828472018241882,0.0
2016,12006,True,0.812785267829895,0.3740196657697475
2016,8017,False,0.7481020092964172,0.0
2016,5974,False,0.761089026927948,0.0
2016,2035,False,0.694853663444519,0.35
2017,21674,False,0.87539142370224,0.4154566800146474
2017,17691,False,0.8794097900390625,0.0
2017,16793,True,0.8980931043624878,0.6314941536222641
2018,11230,False,0.92056542634964,0.5828155051501961
2018,11227,False,0.9048515558242798,0.0
2018,5207,True,0.934823513031006,0.6527533657682196
2019,17753,False,0.8375434875488281,0.4795831523312719
2019,17431,False,0.8000440001487732,0.0
2019,16543,True,0.8560421466827393,0.5081143456510427
2020,18153,False,0.9106757044792176,0.6506129163858131
2020,8791,False,0.8755726218223572,0.0
2020,286,False,0.9201658368110656,0.0
2021,18319,False,0.8755956888198853,0.0
2021,17451,True,0.8757649660110474,0.6001482030404225
2021,17374,True,0.8978011608123779,0.658928688160563
2022,18804,False,0.5053088665008545,0.2067416901604287
2022,15187,False,0.0,0.2145381297891012
2022,11450,False,0.0,0.0
2023,10822,False,0.7117983102798462,0.5530083017624435
2023,10821,False,0.6852080225944519,0.0
2023,6573,False,0.8235267400741577,0.5237229365663818
2024,18710,True,0.8675796985626221,0.4618911998152467
2024,6738,False,0.8224941492080688,0.4187178946793118
2024,792,False,0.815170168876648,0.0
2025,12664,True,0.8290945291519165,0.4427408644809385
2025,8667,False,0.7795289754867554,0.0
2025,4602,False,0.7346343398094177,0.0
2026,18648,True,0.6316758394241333,0.0
2026,10550,False,0.7860928773880005,0.2841633008825272
2026,4528,False,0.7923668622970581,0.2972834834379645
2027,21020,False,0.7982920408248901,0.3243018108085405
2027,15977,False,0.8177812099456787,0.3493790601904049
2027,5837,False,0.8461543321609497,0.0
2028,15426,False,0.7618534564971924,0.3271443280438122
2028,12891,False,0.8853978514671326,0.4805806568334535
2028,10048,False,0.7027918696403503,0.0
2029,14035,True,0.912470042705536,0.4674767189482495
2029,6054,False,0.8855065107345581,0.0
2029,6052,False,0.8268408179283142,0.312478955520364
2030,13167,False,0.9228143692016602,0.5317722580152501
2030,9152,False,0.8843424320220947,0.5128626630291749
2030,3893,False,0.7827576398849487,0.0
2031,13484,False,0.6929887533187866,0.3078596479934797
2031,13476,False,0.8005082607269287,0.3459492030108319
2031,11503,False,0.6592594981193542,0.0
2032,12367,False,0.6667361855506897,0.0
2032,12075,False,0.7451228499412537,0.3263581240395992
2032,5339,False,0.7142624855041504,0.0
2033,19398,True,0.846144437789917,0.5299263324351973
2033,18679,True,0.8205491900444031,0.4751673096136091
2033,6556,False,0.8048321008682251,0.0
2034,12701,False,0.633341908454895,0.0
2034,10675,False,0.0,0.0
2034,6674,False,0.6239974498748779,0.0
2035,12094,False,0.6449612379074097,0.0
2035,9228,False,0.0,0.293228549999325
2035,8104,False,0.6949057579040527,0.0
2036,21551,False,0.6796764731407166,0.0
2036,18470,False,0.7639678120613098,0.3446561747421316
2036,18155,False,0.6394029855728149,0.0
2037,21543,True,0.9908605217933656,0.8195330234666626
2037,19773,False,0.966519296169281,0.5564067051435667
2037,8519,False,0.9302710890769958,0.0
2038,19243,False,0.6229929327964783,0.0
2038,18723,False,0.0,0.2256744202106621
2038,600,False,0.6050109267234802,0.0
2039,16769,False,0.7217066287994385,0.0
2039,7443,False,0.8146812915802002,0.42364670044371
2039,5413,False,0.7858819961547852,0.359170515821289
2040,11534,False,0.8371708393096924,0.3564531154716027
2040,9550,True,0.846735417842865,0.386157541760903
2040,4109,False,0.8242170214653015,0.3564531154716027
2041,19334,False,0.0,0.2697310352471903
2041,9288,False,0.0,0.0
2041,304,False,0.0,0.2228344058124622
2042,19237,False,0.6109515428543091,0.2018477805644745
2042,14697,False,0.6461509466171265,0.1899093830501584
2042,13208,False,0.0,0.0
2043,21496,False,0.8508450388908386,0.3222120388915419
2043,11723,False,0.8472867608070374,0.0
2043,1751,False,0.8639026880264282,0.3779644730092272
2044,19027,False,0.66295325756073,0.0
2044,11311,False,0.5857799053192139,0.0
2044,5551,False,0.6712327599525452,0.3704497791254627
2045,15809,False,0.5949026346206665,0.0
2045,1904,False,0.627498984336853,0.2718380956141135
2045,528,False,0.8637924194335938,0.3677108478215373
2046,19982,False,0.7036459445953369,0.3934955014703717
2046,17529,False,0.8615828156471252,0.4662524041201569
2046,17247,False,0.8223384022712708,0.0
2047,11919,False,0.7971042394638062,0.0
2047,8524,False,0.8533533811569214,0.4116848704300548
2047,2524,False,0.8414634466171265,0.4408923209673458
2048,20715,False,0.8314703702926636,0.4951008980751079
2048,10489,False,0.8964242935180664,0.5726747219618175
2048,8788,False,0.8549144864082336,0.0
2049,18630,False,0.7089880704879761,0.0
2049,6345,False,0.7801063060760498,0.0
2049,2428,True,0.8239929676055908,0.4766031238193982
2050,21912,True,0.8996645212173462,0.5932286810870381
2050,12990,False,0.7907788753509521,0.3285062487825323
2050,3095,False,0.724189817905426,0.0
2051,20442,False,0.7387613654136658,0.0
2051,19554,False,0.8145355582237244,0.3731012536223182
2051,8772,False,0.7641710042953491,0.3557562367689427
2052,18863,False,0.801310122013092,0.548634133198549
2052,17577,False,0.757174015045166,0.0
2052,6286,True,0.962605595588684,0.8417937871268424
2053,15546,False,0.756521999835968,0.0
2053,10806,False,0.626551628112793,0.0
2053,9630,False,0.7775180339813232,0.0
2053,6397,False,0.8253598213195801,0.3824538252687627
2054,19944,False,0.8300177454948425,0.4891995904702285
2054,11613,False,0.819072425365448,0.0
2054,7601,False,0.882072389125824,0.4977838854053879
2055,16342,False,0.8812741637229919,0.0
2055,15107,False,0.880859375,0.4136650737152176
2055,5126,False,0.8610228300094604,0.3908304163909474
2056,6556,False,0.8008373975753784,0.0
2056,6200,False,0.9415327310562134,0.0
2056,3063,False,0.8703056573867798,0.0
2057,20033,False,0.7366854548454285,0.3323468460167223
2057,10293,False,0.8115533590316772,0.2896033528570483
2057,6243,False,0.6233912110328674,0.0
2058,9496,False,0.7783058881759644,0.3734080224074692
2058,9262,False,0.8080747723579407,0.0
2058,3490,False,0.7990076541900635,0.4168400845751249
2059,21629,False,0.7856860160827637,0.3955622493402985
2059,20247,False,0.774406909942627,0.0
2059,5734,False,0.7927943468093872,0.5188745216627708
2060,16442,False,0.5942631959915161,0.2685215848616544
2060,16441,False,0.6595593094825745,0.3072460556235917
2060,14666,False,0.0,0.0
2061,16591,False,0.7224858999252319,0.4707185560485666
2061,12245,False,0.7951053380966187,0.0
2061,352,False,0.7804011106491089,0.6294043347943642
2062,8251,False,0.5578764081001282,0.0
2062,2270,False,0.648108720779419,0.3254070133091433
2062,343,False,0.7701833248138428,0.3175536744149779
2063,13152,False,0.8601608276367188,0.0
2063,6308,True,0.8306089639663696,0.5801451680464712
2063,3140,False,0.9331071376800536,0.5926179968578216
2064,12738,False,0.6994410753250122,0.0
2064,6710,False,0.731257438659668,0.3006190332260427
2064,6709,False,0.7953935265541077,0.3524499010236363
2065,11223,False,0.642583966255188,0.2951921702955165
2065,9557,False,0.8208435773849487,0.311130317279053
2065,2799,False,0.7123582363128662,0.0
2066,19560,False,0.0,0.2449920966824395
2066,6691,False,0.0,0.2459372709391668
2066,6690,False,0.0,0.0
2067,18601,False,0.7572038173675537,0.2528565638465038
2067,12797,False,0.0,0.2335175813022211
2067,2830,False,0.0,0.0
2068,16608,False,0.0,0.3098702887272106
2068,14707,False,0.0,0.2995037848883907
2068,6750,False,0.0,0.0
2069,21448,False,0.9020852446556092,0.6259724369662707
2069,5119,False,0.7676953077316284,0.5114083119567588
2069,127,False,0.9035933017730712,0.0
2070,6538,False,0.0,0.0
2070,4496,False,0.7169302701950073,0.0
2070,1978,False,0.0,0.292352673102343
2071,21325,False,0.905276894569397,0.5512787730045468
2071,8814,False,0.8450034856796265,0.5633288792972692
2071,6774,False,0.8436114192008972,0.0
2072,9737,False,0.8836790323257446,0.0
2072,2204,False,0.9353348016738892,0.4029063721327032
2072,1742,False,0.8884034752845764,0.4113063728303113
2073,15479,True,0.8489301204681396,0.715106558816487
2073,11539,False,0.0,0.3777222798056027
2073,5514,False,0.0,0.0
2074,17803,True,0.8548586368560791,0.4317877695883727
2074,17058,False,0.7403026223182678,0.3182395601753472
2074,394,False,0.7044962644577026,0.0
2075,12985,False,0.0,0.3236694374850748
2075,8938,False,0.7231311798095703,0.3317944948786415
2075,1003,False,0.6448668837547302,0.0
2076,18297,False,0.9309648275375366,0.6072544792431089
2076,16579,False,0.7844164967536926,0.463272122722145
2076,282,False,0.7174844741821289,0.0
2077,19346,False,0.948674201965332,0.5455107466591697
2077,13916,False,0.9356801509857178,0.5048534964710168
2077,3261,False,0.9402827620506288,0.0
2078,3933,False,0.7340316772460938,0.3333994119013991
2078,3894,True,0.7621220350265503,0.0
2078,68,False,0.8832057118415833,0.4401981337503165
2079,13974,False,0.9039719104766846,0.0
2079,12023,False,0.9502609372138976,0.5780990331697273
2079,4000,False,0.9459788799285888,0.6572833202324898
2080,20626,False,0.8017135262489319,0.0
2080,18134,False,0.8503596782684326,0.5223193087733407
2080,16295,False,0.8240629434585571,0.5538158354626345
2081,21936,False,0.7910207509994507,0.4762771502251535
2081,21935,False,0.8098444938659668,0.0
2081,9288,False,0.7618829607963562,0.4926537932910175
2082,10869,False,0.8913223743438721,0.7523302355961029
2082,6998,False,0.8669486045837402,0.0
2082,4739,False,0.8892170190811157,0.755742181606458
2083,14539,True,0.9416435956954956,0.7432160053315858
2083,12618,False,0.8647539615631104,0.0
2083,8624,False,0.8608051538467407,0.5973096325573275
2084,12266,False,0.7620446085929871,0.0
2084,10951,False,0.8343178033828735,0.2707480771429332
2084,8987,True,0.7990291118621826,0.3186887195995491
2085,14128,False,0.8366885781288147,0.0
2085,11745,False,0.8255143165588379,0.0
2085,6140,False,0.8446910381317139,0.0
2086,15453,False,0.8763290643692017,0.3322158137999688
2086,13480,False,0.8720104098320007,0.3331690892566787
2086,5479,False,0.8701801300048828,0.0
2087,19054,False,0.7921789884567261,0.454060687567631
2087,15104,False,0.7650808095932007,0.0
2087,11143,True,0.920790195465088,0.7052744205495997
2088,22025,False,0.9351738691329956,0.5577634353164502
2088,21854,False,0.6719589829444885,0.0
2088,17263,False,0.8874984979629517,0.5776831867084838
2089,8653,False,0.8833365440368652,0.0
2089,7048,True,0.8685572743415833,0.5483870967741935
2089,683,False,0.7859864234924316,0.0
2090,19352,False,0.8403724431991577,0.0
2090,15249,False,0.839069128036499,0.4895354638983791
2090,7295,False,0.8552652597427368,0.6225317562548818
2091,14075,False,0.7915511727333069,0.0
2091,9592,False,0.839058518409729,0.4486170846387123
2091,3569,False,0.7630928754806519,0.4390720402846972
2092,13767,True,0.7847343683242798,0.3892249151930868
2092,13766,False,0.8132627010345459,0.3745524224291922
2092,3796,False,0.8196102380752563,0.0
2093,16311,True,0.8361433148384094,0.5270751551515991
2093,15083,False,0.8887137174606323,0.469041575982343
2093,7155,False,0.8599516153335571,0.0
2094,15247,True,0.9725635051727296,0.8886042349318384
2094,14487,False,0.847519040107727,0.0
2094,10473,False,0.8420659899711609,0.0
2094,4029,False,0.8858505487442017,0.0
2095,18577,False,0.4157894849777221,0.0
2095,17020,False,0.4716323614120483,0.0
2095,12206,False,0.7429907917976379,0.4966161153067877
2096,7859,False,0.6759711503982544,0.3889222341312986
2096,2974,True,0.9345057606697084,0.6304413373258617
2096,2377,False,0.6689818501472473,0.0
2097,21457,False,0.8489172458648682,0.0
2097,14916,False,0.905849814414978,0.3980528776544539
2097,6968,False,0.9246755242347716,0.0
2098,12550,False,0.7800061106681824,0.3686048903872428
2098,5531,False,0.0,0.3138461770596293
2098,2905,False,0.6101736426353455,0.0
2099,20573,False,0.681479811668396,0.0
2099,12941,True,0.8064024448394775,0.4508348173337161
2099,2673,False,0.7208399772644043,0.2748291794759502
2100,20731,True,0.8880096673965454,0.4535895002368426
2100,4899,False,0.906358003616333,0.3687084201384313
2100,984,False,0.8510593771934509,0.0
2101,15843,True,0.9184180498123168,0.4738057301454881
2101,9945,False,0.8705466985702515,0.0
2101,3885,False,0.8915348052978516,0.0
2102,11842,False,0.7707453966140747,0.3558403417890825
2102,10832,False,0.6613633632659912,0.0
2102,4814,False,0.0,0.2956002766401552
2103,14836,False,0.903804361820221,0.5188745216627708
2103,2963,True,0.97565358877182,0.7047483572497256
2103,2962,False,0.8668756484985352,0.0
2104,12797,False,0.0,0.0
2104,6691,False,0.0,0.0
2104,6690,False,0.0,0.2441341459530873
2105,12536,False,0.9003266096115112,0.0
2105,10505,False,0.8616842031478882,0.619750683009635
2105,5529,False,0.8632566928863525,0.6187113529892247
2106,8127,False,0.647787868976593,0.0
2106,4285,False,0.6808160543441772,0.3677997822754892
2106,1253,True,0.912870705127716,0.5682541697904469
2107,15941,False,0.8004383444786072,0.0
2107,8358,False,0.8665382862091064,0.6027460097699345
2107,4292,False,0.8377912044525146,0.4415530642644681
2108,19179,False,0.6056026816368103,0.1872668825778632
2108,8965,False,0.0,0.0
2108,3252,False,0.0,0.0
2109,21985,False,0.5938435792922974,0.0
2109,19054,False,0.6508660316467285,0.3226071939161323
2109,4181,False,0.711391270160675,0.267524117968376
2110,17878,False,0.6140713095664978,0.0
2110,15568,False,0.6005544662475586,0.2245853879735457
2110,9644,False,0.655465304851532,0.2214829011995302
2111,18694,False,0.5423853397369385,0.0
2111,8678,False,0.0,0.0
2111,704,False,0.8406378030776978,0.3345929911266678
2112,12785,True,0.8703548908233643,0.5008090358354178
2112,9288,False,0.8853172659873962,0.5405484375805132
2112,2821,False,0.8410020470619202,0.0
2113,21933,False,0.7376478910446167,0.4713577892399091
2113,14949,False,0.0,0.4689467361434694
2113,9288,False,0.0,0.0
2114,14644,False,0.7290055155754089,0.5780990331697273
2114,4733,False,0.8917165994644165,0.0
2114,2829,True,0.8792147040367126,0.5435103689995002
2115,21933,False,0.759506344795227,0.5442826754196193
2115,14949,False,0.6881737112998962,0.5414986025563596
2115,11013,False,0.7117345929145813,0.0
2116,14495,False,0.8288255929946899,0.4610461537060448
2116,12600,False,0.8932791948318481,0.0
2116,12589,False,0.8850701451301575,0.3777580290395193
2117,14557,True,0.8896489143371582,0.3965893876410781
2117,14555,False,0.6174944639205933,0.0
2117,6592,False,0.6459400057792664,0.0
2118,20621,False,0.8110389113426208,0.4360715205568049
2118,14307,False,0.8339110612869263,0.0
2118,10371,False,0.8291563987731934,0.4809328456821887
2119,20314,True,0.9126238226890564,0.523195871120057
2119,10622,False,0.901212990283966,0.0
2119,683,False,0.7957763671875,0.4997918834457187
2120,13887,False,0.7339974641799927,0.0
2120,7955,False,0.7429050207138062,0.0
2120,3830,False,0.799498438835144,0.3177639052717792
2120,1904,False,0.6519647836685181,0.3081827037730409
2121,6477,False,0.8195018768310547,0.0
2121,6476,False,0.8398364782333374,0.0
2121,2526,False,0.7889680862426758,0.4245876313308609
2122,20960,False,0.7047693729400635,0.0
2122,17704,False,0.7033326625823975,0.0
2122,14193,False,0.7934195399284363,0.4709698461750438
2123,19410,False,0.7955981492996216,0.4327890531443169
2123,7089,False,0.8404501080513,0.0
2123,1794,True,0.8511038422584534,0.0
2124,11564,True,0.800378680229187,0.5400133517448397
2124,9580,False,0.854878306388855,0.0
2124,5538,False,0.8757081627845764,0.5555564771798003
2125,16072,True,0.0,0.4914318261556261
2125,11571,False,0.0,0.3865635967816777
2125,7552,False,0.0,0.0
2126,21494,False,0.881976842880249,0.4370956778314644
2126,19124,False,0.8653342723846436,0.4106050306901636
2126,2139,False,0.8459165096282959,0.4106050306901636
2127,16035,False,0.8655145168304443,0.532764181416351
2127,8046,False,0.8654959797859192,0.5133909384557565
2127,7943,False,0.747356653213501,0.0
2128,18103,False,0.9147934317588806,0.5519108859536995
2128,17144,False,0.884833037853241,0.0
2128,16274,False,0.9000812768936157,0.5724830370734383
2129,15378,False,0.7080774307250977,0.0
2129,9177,False,0.6536048054695129,0.3302267107280268
2129,3421,False,0.6774610877037048,0.0
2130,15842,False,0.8599331378936768,0.4283471283053222
2130,11144,False,0.8339129686355591,0.0
2130,9154,False,0.9146283864974976,0.5038876014868064
2131,21925,False,0.713474690914154,0.363696483726654
2131,5395,False,0.8406387567520142,0.0
2131,3447,False,0.8300108909606934,0.0
2132,7611,False,0.7118027806282043,0.0
2132,7358,False,0.921622633934021,0.4753784331787232
2132,33,False,0.8937298059463501,0.3931945063442661
2133,18883,False,0.7403396964073181,0.4204589329360411
2133,18827,False,0.7033417224884033,0.4155844155844156
2133,8990,True,0.9031086564064026,0.0
2134,21789,False,0.7920156717300415,0.0
2134,12439,False,0.8071768283843994,0.2993924754260479
2134,7185,False,0.8284661769866943,0.2668334897462719
2135,11897,False,0.0,0.0
2135,7144,False,0.766757607460022,0.0
2135,5125,False,0.7787038683891296,0.2789159687917829
2136,10723,False,0.7671268582344055,0.4219858219162168
2136,8756,False,0.8587427139282227,0.0
2136,2787,False,0.7673331499099731,0.4237853431797956
2137,17384,False,0.6815503835678101,0.3258632668572336
2137,606,False,0.6858542561531067,0.3091410387156351
2137,260,False,0.6847364902496338,0.0
2138,18130,False,0.7996978759765625,0.2943920288775949
2138,17504,False,0.9541205167770386,0.5517557332192131
2138,15402,False,0.7277021408081055,0.0
2139,5957,False,0.7773298025131226,0.0
2139,4270,False,0.759548544883728,0.4021809075548668
2139,101,True,0.8685788512229919,0.5751081237516715
2140,12412,False,0.0,0.2097966176411874
2140,6965,False,0.7594104409217834,0.2963044254729798
2140,4943,False,0.0,0.0
2141,15006,False,0.7575162649154663,0.0
2141,11048,True,0.9272345304489136,0.6098995876609964
2141,1096,False,0.742874801158905,0.375678081099439
2142,16723,False,0.6297817230224609,0.4674734950042286
2142,11938,False,0.7225651741027832,0.4185733148559548
2142,5920,True,0.8409709930419922,0.0
2143,20998,False,0.792305588722229,0.0
2143,8239,False,0.8593353033065796,0.3500700210070024
2143,2257,False,0.7689666748046875,0.3078493817275996
2144,14691,False,0.7934175729751587,0.0
2144,12785,False,0.8273217678070068,0.0
2144,9288,False,0.8991639614105225,0.6219555004188634
2145,6754,False,0.8756124377250671,0.0
2145,6753,False,0.858779788017273,0.0
2145,2754,False,0.7148153781890869,0.491996458451463
2146,8538,False,0.7412296533584595,0.0
2146,8537,False,0.7646835446357727,0.4275814012569474
2146,6470,True,0.7852215766906738,0.4995274420060813
2147,14228,False,0.8930529356002808,0.0
2147,14227,False,0.964781641960144,0.5657035277517756
2147,2887,True,0.9284985065460204,0.6194417752095669
2148,18905,False,0.0,0.2793101938654641
2148,13800,False,0.0,0.2694573449102336
2148,12025,False,0.0,0.0
2149,10785,True,0.8881658315658569,0.4885638532419674
2149,4784,False,0.9179800152778624,0.4840656222323777
2149,2872,False,0.8236379623413086,0.0
2150,21343,True,0.8275480270385742,0.4865885002933008
2150,11679,False,0.5903878808021545,0.4091939676412506
2150,3811,False,0.0,0.0
2151,7338,True,0.769854724407196,0.4985415622798047
2151,7337,False,0.7092385292053223,0.0
2151,7336,False,0.8035026788711548,0.4848825745591515
2152,19230,False,0.8902266025543213,0.0
2152,8414,False,0.9208157062530518,0.5297004099222925
2152,6407,False,0.9053102731704712,0.6263547408920193
2153,11954,False,0.0,0.0
2153,8984,False,0.0,0.2305083090288521
2153,8598,False,0.0,0.0
2154,11211,False,0.7839177846908569,0.5186535359109834
2154,11210,False,0.7043447494506836,0.4397994971335424
2154,9210,False,0.7005122900009155,0.4397994971335424
2155,17864,True,0.90690279006958,0.6465545505873777
2155,4509,True,0.8628724813461304,0.5604965939267523
2155,4318,True,0.8561480045318604,0.0
2156,14545,True,0.8536194562911987,0.5018828080844855
2156,10570,False,0.7875292301177979,0.0
2156,2642,False,0.8561440706253052,0.4240416714231922
2157,9577,False,0.749531626701355,0.0
2157,3557,False,0.7917079329490662,0.4240757215121689
2157,3556,False,0.7573975920677185,0.3411043846945706
2158,9027,False,0.8833907842636108,0.4146623828509828
2158,9026,False,0.9017330408096312,0.3522524587835815
2158,4988,False,0.8825321197509766,0.0
2159,17900,False,0.7841531038284302,0.7431075530105756
2159,17899,False,0.7855380773544312,0.7431075530105756
2159,16653,False,0.7842363119125366,0.7431075530105756
2160,15758,False,0.7483667731285095,0.4417039376400171
2160,13761,False,0.7123948335647583,0.0
2160,9858,False,0.8454904556274414,0.5467268268018175
2161,18220,False,0.7120565176010132,0.2898251396845981
2161,16196,False,0.6460146903991699,0.2746095350071192
2161,4087,False,0.6669124364852905,0.0
2162,1314,False,0.5898213386535645,0.2223080057506913
2162,21115,False,0.6167258024215698,0.2253744679276044
2162,1830,False,0.5860699415206909,0.0
2163,13417,False,0.7715678811073303,0.5640760748177662
2163,4094,False,0.8439748883247375,0.0
2163,171,False,0.8518379926681519,0.0
2164,13942,False,0.8849884271621704,0.4342395028957679
2164,3694,True,0.8594690561294556,0.4558088530761311
2164,382,False,0.8639916181564331,0.0
2165,21076,True,0.7689374685287476,0.4579565896743105
2165,20785,False,0.723616361618042,0.0
2165,10106,False,0.8072253465652466,0.0
2166,18691,False,0.8116569519042969,0.4632808229131882
2166,6876,False,0.7853068113327026,0.0
2166,2939,False,0.8068128824234009,0.4487745552040594
2167,17733,True,0.8301169872283936,0.5951612113283925
2167,14880,True,0.6190472841262817,0.4323826030420021
2167,2381,False,0.5951597094535828,0.0
2168,15348,False,0.6689574718475342,0.2663708632848107
2168,11358,False,0.0,0.1926686588971131
2168,5346,False,0.5528380870819092,0.0
2169,13373,False,0.0,0.0
2169,6691,False,0.0,0.0
2169,6690,False,0.0,0.0
2169,768,False,0.0,0.2924426693098318
2170,19560,False,0.711340069770813,0.0
2170,18637,False,0.0,0.2293412361469315
2170,8725,False,0.709120512008667,0.0
2170,6691,False,0.7035404443740845,0.0
2171,19334,False,0.0,0.2235181176759975
2171,9064,False,0.0,0.0
2171,3691,False,0.0,0.0
2172,13373,False,0.6442217230796814,0.0
2172,6691,False,0.0,0.2664012503128022
2172,6690,False,0.7659687995910645,0.2676549101798736
2173,19334,False,0.0,0.0
2173,6691,False,0.0,0.0
2173,6690,False,0.0,0.2430325229656146
2174,19334,False,0.7513636350631714,0.24612379624271
2174,16333,False,0.0,0.2486263632303515
2174,768,False,0.0,0.0
2175,18601,False,0.7290810346603394,0.2552087685802859
2175,12797,False,0.0,0.2356898846500348
2175,2830,False,0.0,0.0
2176,18198,False,0.7236971855163574,0.0
2176,17380,False,0.6793071031570435,0.0
2176,260,False,0.694527804851532,0.3240274028577622
2177,14123,False,0.0,0.0
2177,11384,False,0.0,0.0
2177,36,False,0.0,0.0
2178,16360,False,0.7410234212875366,0.3076976944152481
2178,15473,False,0.6502841711044312,0.3104268642853893
2178,7428,False,0.7241805791854858,0.0
2179,18387,True,0.893501877784729,0.6871313320137259
2179,7121,False,0.7584749460220337,0.2129991080681024
2179,3436,False,0.740763247013092,0.0
2180,19893,False,0.5299639701843262,0.0
2180,18826,False,0.6849556565284729,0.0
2180,15030,False,0.7708120346069336,0.0
2181,18252,False,0.6315329074859619,0.0
2181,17878,False,0.5675233006477356,0.2641261855607369
2181,15568,False,0.6323500275611877,0.2674140936503488
2182,11740,True,0.8406921625137329,0.5036452487469387
2182,10634,False,0.7745035290718079,0.0
2182,9456,False,0.821022093296051,0.5030769521187454
2183,8637,False,0.811736524105072,0.0
2183,10973,True,0.6681342124938965,0.2900171926645152
2183,19859,False,0.8749405145645142,0.3720364745708926
2184,11689,True,0.7124466896057129,0.4263023633891748
2184,8166,False,0.7996006011962891,0.3487429162314578
2184,3689,False,0.6091232299804688,0.0
2185,20790,False,0.7756489515304565,0.0
2185,15407,False,0.8052858114242554,0.0
2185,11419,False,0.8149819374084473,0.0
2185,6075,False,0.8585687875747681,0.4331150568639579
2186,13583,True,0.9821746945381165,0.7180944542557169
2186,5593,False,0.6770991086959839,0.0
2186,3614,False,0.9031304121017456,0.4669958312265524
2187,20589,False,0.6885014176368713,0.3378035847537085
2187,17878,False,0.547887921333313,0.0
2187,9644,False,0.6430319547653198,0.2630528893490448
2188,21432,False,0.7768685817718506,0.4637388957601683
2188,12647,False,0.7479965686798096,0.458272234441729
2188,12646,False,0.7621979713439941,0.0
2189,14722,False,0.7397089004516602,0.4687501237868722
2189,4756,False,0.738752007484436,0.4555539614191779
2189,4754,False,0.7189284563064575,0.4555539614191779
2190,21661,False,0.8910350799560547,0.4061183653774261
2190,12758,False,0.8621932864189148,0.0
2190,2310,True,0.7222402691841125,0.3792913030681302
2191,16173,True,0.9675408601760864,0.8825557576235066
2191,13088,False,0.8987545967102051,0.7369555266607762
2191,2269,False,0.847679615020752,0.0
2192,10942,False,0.7198385000228882,0.392175710550494
2192,4934,False,0.6840802431106567,0.0
2192,3144,True,0.9568138122558594,0.8348830474804821
2192,3016,False,0.6726933717727661,0.0
2193,20823,False,0.6179621815681458,0.0
2193,9730,True,0.9442217350006104,0.7219073890002341
2193,5682,True,0.7882291078567505,0.4259349952705581
2194,18384,True,0.7771323323249817,0.0
2194,9124,False,0.7789878845214844,0.3876211505422753
2194,5101,False,0.8915295600891113,0.4296689244236597
2195,21560,False,0.7934468984603882,0.0
2195,20114,False,0.8168529868125916,0.0
2195,10684,False,0.8776986598968506,0.4275814012569474
2196,19484,False,0.8825099468231201,0.5793584501023474
2196,17366,True,0.821287214756012,0.5419402061038375
2196,13072,False,0.6050869226455688,0.0
2197,21628,False,0.7168759107589722,0.0
2197,19129,False,0.730167806148529,0.3492503492505239
2197,7744,False,0.7839716076850891,0.0
2198,16112,False,0.7468370199203491,0.0
2198,15665,False,0.6635931730270386,0.0
2198,7034,False,0.8140929937362671,0.305441419328485
2199,20395,True,0.9408950805664062,0.6532745799184878
2199,18138,False,0.8056756258010864,0.5613127617121362
2199,16845,False,0.8640052080154419,0.0
2200,17201,False,0.6571836471557617,0.0
2200,16196,False,0.6357368230819702,0.3690264212723787
2200,13713,False,0.5865086913108826,0.0
2201,11698,True,0.8086392879486084,0.408491223118783
2201,17198,False,0.818461537361145,0.4065598117167321
2201,14474,True,0.8002539277076721,0.0
2202,21765,False,0.7904483079910278,0.0
2202,21638,False,0.7433289289474487,0.2288310214189421
2202,20276,False,0.7574782371520996,0.2309401076758503
2203,14635,False,0.0,0.0
2203,6690,False,0.0,0.2704873161490406
2203,768,False,0.0,0.2764499117030181
2204,19334,False,0.7473870515823364,0.24612379624271
2204,18153,False,0.0,0.2389984375776481
2204,3691,False,0.0,0.0
2205,16608,False,0.0,0.0
2205,14707,False,0.0,0.0
2205,820,False,0.0,0.3240260768876835
2206,14502,False,0.7413877844810486,0.3267616012328021
2206,4514,False,0.7281830310821533,0.0
2206,1979,False,0.8433935642242432,0.3808550164851695
2207,14549,False,0.7281340956687927,0.0
2207,14130,False,0.8352466821670532,0.3731494423540171
2207,5711,False,0.8525128364562988,0.408331631955078
2208,5421,False,0.7948479056358337,0.3792130285319893
2208,3469,False,0.6719584465026855,0.4029114820126901
2208,3468,False,0.7150939702987671,0.0
2209,18421,False,0.7928360104560852,0.0
2209,18420,False,0.833078920841217,0.4292728552741068
2209,17162,False,0.8059723377227783,0.4312196809320517
2210,19538,False,0.8448081612586975,0.584660994905938
2210,16870,False,0.8657753467559814,0.0
2210,16560,True,0.8879539966583252,0.6876067410250065
2211,14617,False,0.7832959890365601,0.5545099197879357
2211,12696,False,0.7002056241035461,0.0
2211,4646,True,0.7763383388519287,0.6194645918431784
2212,13827,False,0.0,0.0
2212,6378,False,0.0,0.2021130208636108
2212,4241,False,0.0,0.2068350759980076
2213,21798,True,0.9577033519744872,0.5710402407201607
2213,19436,False,0.6543965935707092,0.3515471390105487
2213,14465,False,0.5759920477867126,0.0
2214,22028,False,0.7727306485176086,0.350620445908259
2214,14799,False,0.7117336392402649,0.0
2214,6718,False,0.8059080839157104,0.3383764840919798
2215,21275,False,0.6066218018531799,0.3789635707797545
2215,16179,False,0.7424713969230652,0.3225274757330602
2215,8380,False,0.0,0.0
2216,20675,True,0.92990243434906,0.6817786549807436
2216,16912,False,0.926189661026001,0.587180674734059
2216,15884,False,0.9181817173957824,0.0
2217,20571,False,0.8750013113021851,0.0
2217,19467,True,0.843636155128479,0.2922028638826152
2217,6194,False,0.6750773191452026,0.0
2218,17845,False,0.6710830926895142,0.0
2218,17517,False,0.6316057443618774,0.0
2218,16332,False,0.6998281478881836,0.335809380979965
2219,6846,False,0.8787914514541626,0.4993502271458874
2219,6043,False,0.8200840353965759,0.0
2219,245,False,0.8391765356063843,0.6195601517060747
2220,806,False,0.9849836230278016,0.6517265337144673
2220,304,False,0.9335438013076782,0.6400757530925302
2220,286,False,0.9353432059288024,0.0
2221,11340,True,0.9602559804916382,0.8094917349901277
2221,11097,False,0.4232351183891296,0.323270500964584
2221,7100,False,0.0,0.0
2222,14701,False,0.8699619770050049,0.0
2222,14686,False,0.7566757202148438,0.4431127219809184
2222,9288,False,0.8763664364814758,0.5541058094640783
2223,21098,False,0.8475197553634644,0.0
2223,9713,False,0.8808569312095642,0.6577056857176826
2223,3541,False,0.8387212753295898,0.5536125725328791
2224,14701,False,0.8912928104400635,0.0
2224,14686,True,0.795249342918396,0.6098424354716135
2224,6745,True,0.8655035495758057,0.48809532456338
2225,10107,False,0.7965596914291382,0.4827107920254778
2225,3424,False,0.794499933719635,0.4842373546132484
2225,1420,False,0.7746853828430176,0.0
2226,13149,False,0.8071293830871582,0.3067547784444345
2226,8667,False,0.767867922782898,0.0
2226,698,False,0.7951627969741821,0.3391817326856071
2227,17846,False,0.0,0.2208630521496931
2227,16333,False,0.0,0.2340822943922611
2227,768,False,0.0,0.0
2228,19340,False,0.0,0.2791452631195412
2228,15879,False,0.0,0.0
2228,3007,False,0.0,0.0
2229,14755,False,0.8921158909797668,0.4518689194467694
2229,10791,False,0.8562865853309631,0.0
2229,2872,False,0.8410516381263733,0.4463560422746574
2230,19286,False,0.7121984958648682,0.0
2230,12451,False,0.8278223276138306,0.4293626390218095
2230,12450,False,0.8842877149581909,0.4525714303202857
2231,17839,False,0.8849836587905884,0.4937104414532875
2231,15977,False,0.8133275508880615,0.0
2231,5837,False,0.7382522225379944,0.4151390436129982
2232,13408,False,0.0,0.0
2232,5606,False,0.6858013272285461,0.3281582356216129
2232,3451,False,0.0,0.3062015283070837
2233,16147,False,0.7703385353088379,0.3555402622763445
2233,12203,False,0.7568913698196411,0.5750449271399678
2233,4191,False,0.7413539886474609,0.0
2234,21189,False,0.7719947695732117,0.4252991436650833
2234,16169,False,0.7568506598472595,0.4252991436650833
2234,8313,False,0.7292977571487427,0.0
2235,19064,False,0.8022394776344299,0.3577956382006258
2235,11210,False,0.5231969356536865,0.0
2235,9210,False,0.5582651495933533,0.0
2235,7222,False,0.8942445516586304,0.4451741005242253
2236,11638,True,0.8652793169021606,0.591200785838134
2236,11637,False,0.8533399105072021,0.0
2236,3629,True,0.8490052819252014,0.6652793954521844
2237,21187,False,0.9310235381126404,0.0
2237,20493,True,0.8054956793785095,0.4789131426105756
2237,1696,True,0.9181799292564392,0.5275939912847978
2238,21675,True,0.8287628293037415,0.4529065722646112
2238,18747,False,0.8195762634277344,0.0
2238,15027,False,0.7570042610168457,0.4434426533185908
2239,21345,False,0.7198058366775513,0.3563134121092031
2239,16350,False,0.8219939470291138,0.0
2239,326,False,0.763471245765686,0.4674734950042286
2240,12510,False,0.7906520962715149,0.3486407715642265
2240,12376,False,0.7641825675964355,0.383921872170055
2240,10032,False,0.6880978345870972,0.0
2241,16499,False,0.6952924728393555,0.3357702674301287
2241,10582,False,0.7645918726921082,0.4031276111173783
2241,10579,False,0.7877823114395142,0.0
2242,21989,False,0.8367543816566467,0.5268856897694011
2242,11417,False,0.7992238402366638,0.0
2242,1475,False,0.9324961304664612,0.6100305022876906
2243,15144,False,0.7729372978210449,0.4136643973298085
2243,10003,False,0.7946184873580933,0.0
2243,5941,False,0.7960803508758545,0.3930006006312597
2244,6509,False,0.5737493634223938,0.0
2244,2557,False,0.6868578195571899,0.2951216261027788
2244,594,True,0.9435022473335266,0.51066607624259
2245,21996,False,0.6803366541862488,0.3604188699175507
2245,9355,False,0.6307319402694702,0.0
2245,3566,True,0.913290560245514,0.7748602719951552
2246,21905,False,0.8272165060043335,0.3309157118260378
2246,16773,False,0.8269577026367188,0.0
2246,7691,False,0.7966251373291016,0.3980014728789243
2247,18891,False,0.5599617958068848,0.1956165814459813
2247,10169,False,0.4239342808723449,0.2102895577845166
2247,8737,False,0.0,0.0
2248,20928,False,0.8886486887931824,0.6414439817157764
2248,8368,True,0.8995192646980286,0.6715816006790862
2248,6301,False,0.8647472262382507,0.0
2249,7984,False,0.6604599952697754,0.0
2249,7204,False,0.8280161619186401,0.4716374857278077
2249,1237,False,0.817714512348175,0.4751441324163359
2250,18187,False,0.8019223213195801,0.4287483371536522
2250,17549,False,0.8814482688903809,0.0
2250,17234,False,0.812360405921936,0.0
2251,15843,False,0.909622311592102,0.0
2251,9945,False,0.909083902835846,0.0
2251,3885,False,0.9147392511367798,0.4892178765964089
2252,16783,True,0.8006200194358826,0.4826536495817113
2252,13086,False,0.0,0.0
2252,88,False,0.0,0.0
2253,11265,True,0.947123408317566,0.6531633289821078
2253,11223,False,0.8381830453872681,0.0
2253,1302,False,0.8618543148040771,0.5414986025563596
2254,14185,False,0.9073696136474608,0.4693439308634602
2254,12236,False,0.9096031188964844,0.0
2254,345,False,0.9381460547447203,0.4396577863204118
2255,14015,True,0.9747186303138732,0.756051191429933
2255,12464,False,0.9355759620666504,0.0
2255,6033,False,0.918179214000702,0.6408427779312946
2256,13563,False,0.0,0.2344722336801281
2256,10424,False,0.563840925693512,0.0
2256,2968,False,0.0,0.0
2257,20424,True,0.8355715274810791,0.3902528054955272
2257,8356,True,0.844280481338501,0.4451991096026712
2257,2755,False,0.7963837385177612,0.0
2258,15740,False,0.6319840550422668,0.0
2258,8795,False,0.6808164119720459,0.5694067277372499
2258,6573,False,0.843727707862854,0.5563486402641867
2259,14834,True,0.8240149617195129,0.4898214199381016
2259,6382,False,0.7478395104408264,0.0
2259,4899,False,0.695732831954956,0.3565118399052918
2260,21109,False,0.9001682996749878,0.6842465814484707
2260,20247,False,0.8628997206687927,0.0
2260,2211,False,0.9169952869415284,0.7139964328157955
2261,20289,False,0.0,0.2572092837779502
2261,16092,False,0.7042904496192932,0.2718728083402676
2261,12025,False,0.0,0.0
2262,12116,False,0.8136699795722961,0.4791536039819853
2262,2632,False,0.8601794242858887,0.4875682232028946
2262,2025,False,0.7798612713813782,0.0
2263,14903,False,0.8658589720726013,0.4980582450917523
2263,6961,False,0.8503859043121338,0.4624354712709095
2263,6960,False,0.8331207036972046,0.0
2264,19564,False,0.93192058801651,0.6678230711206282
2264,19007,True,0.967936635017395,0.8481791642906833
2264,14656,False,0.9068824052810668,0.0
2265,21530,False,0.8590080738067627,0.5693243283022934
2265,18698,True,0.9132379293441772,0.7126966450997984
2265,15387,False,0.8283696174621582,0.0
2266,13318,True,0.6472954750061035,0.6474312140875607
2266,11472,False,0.8364353179931641,0.0
2266,1616,True,0.944705367088318,0.8371385281611448
2267,8534,False,0.7503445744514465,0.0
2267,8533,False,0.7945367097854614,0.4080718269628745
2267,2527,True,0.8157635927200317,0.4742013735086525
2268,10644,False,0.6493802070617676,0.0
2268,10639,False,0.0,0.0
2268,2642,False,0.6089441180229187,0.0
2269,12367,False,0.656734049320221,0.0
2269,6246,False,0.5938278436660767,0.2969903479705338
2269,2003,False,0.6999168992042542,0.0
2270,12717,False,0.7027286291122437,0.0
2270,8735,False,0.0,0.3635710495157405
2270,2750,False,0.0,0.3604767715468762
2271,13148,False,0.8582550287246704,0.0
2271,11120,False,0.854508101940155,0.3230840175015374
2271,3169,False,0.8399701714515686,0.0
2272,18782,False,0.6898679733276367,0.0
2272,14657,False,0.8137335777282715,0.3834422668772602
2272,12417,False,0.8418968915939331,0.3972149547533681
2273,15273,False,0.8967249393463135,0.0
2273,5255,True,0.8769490122795105,0.3950831858625145
2273,3306,False,0.8440722227096558,0.0
2274,15144,False,0.9120762944221495,0.4626813958590447
2274,8262,False,0.8521265387535095,0.0
2274,2278,False,0.8472689390182495,0.4199125273342591
2275,19662,True,0.8854966163635254,0.5716619504750294
2275,18827,False,0.8731908798217773,0.0
2275,5644,False,0.8413814306259155,0.4378774882063145
2276,12760,True,0.8440849781036377,0.5524422570272028
2276,20489,False,0.549567699432373,0.0
2276,8758,False,0.7216722965240479,0.4082482904638629
2277,8133,False,0.6347489356994629,0.0
2277,6626,False,0.7881468534469604,0.3989624992875176
2277,2144,False,0.6297287344932556,0.3107723875462024
2278,19505,False,0.7540971636772156,0.0
2278,14379,False,0.7770780324935913,0.5154323951168185
2278,3119,False,0.6807012557983398,0.3637664186342759
2279,9063,False,0.6553391218185425,0.2765669903902321
2279,6691,False,0.675599217414856,0.0
2279,6690,False,0.7919132113456726,0.2749097452405029
2280,14635,False,0.7845340371131897,0.0
2280,6691,False,0.0,0.2803535818232424
2280,6690,False,0.7855510711669922,0.2913857587071792
2281,19703,False,0.5669951438903809,0.0
2281,10508,False,0.6432909965515137,0.3269992851069362
2281,4460,False,0.7259714603424072,0.0
2282,20446,False,0.0,0.0
2282,18470,False,0.0,0.0
2282,16615,False,0.0,0.289493001930512
2283,11704,False,0.6290397644042969,0.0
2283,7709,False,0.8635367155075073,0.340143924935449
2283,1739,False,0.8155514001846313,0.0
2284,18558,False,0.8650985956192017,0.4694569257103907
2284,18557,False,0.877511739730835,0.0
2284,17234,False,0.8603415489196777,0.501925124003068
2285,12171,False,0.4913384318351745,0.2550306852253353
2285,7349,False,0.0,0.0
2285,6659,False,0.5708345174789429,0.2958295987813787
2286,14955,False,0.6291818022727966,0.2692957997249039
2286,11670,False,0.0,0.0
2286,6045,False,0.6560250520706177,0.2732301628868249
2287,10315,False,0.8509705066680908,0.343070676805126
2287,5966,False,0.7218315005302429,0.0
2287,3967,False,0.7232345938682556,0.3978557334627459
2288,21886,False,0.8480232954025269,0.243609764938858
2288,19168,False,0.831405758857727,0.0
2288,8353,False,0.884250283241272,0.262369973756526
2288,413,False,0.7723904252052307,0.0
2289,20303,False,0.8318043947219849,0.241105879415179
2289,14125,False,0.8228936791419983,0.0
2289,8174,False,0.7632890343666077,0.0
2290,15535,False,0.5768154859542847,0.3009101897429336
2290,12302,False,0.6595395803451538,0.0
2290,8322,False,0.8473919034004211,0.4586643221060042
2291,13771,False,0.7634086608886719,0.2892223865260177
2291,4961,False,0.7291411757469177,0.0
2291,3270,False,0.5821503400802612,0.0
2292,6993,False,0.8169543743133545,0.0
2292,9912,False,0.8472492694854736,0.2467318856099133
2292,3060,False,0.8391098380088806,0.3026137663344012
2293,10546,False,0.8354854583740234,0.0
2293,6548,True,0.821627676486969,0.5087138894209802
2293,4521,False,0.7446492910385132,0.5152350645260586
2294,10419,False,0.8658657073974609,0.2886478637870816
2294,4362,False,0.874724268913269,0.0
2294,1927,False,0.7688830494880676,0.2855884214108679
2295,21434,False,0.866290807723999,0.6236228847567611
2295,18154,False,0.7778425216674805,0.0
2295,10590,False,0.7249754667282104,0.3998354924873873
2296,14791,False,0.9415222406387328,0.492163469167283
2296,12892,True,0.9527997970581056,0.5305892259424583
2296,4824,False,0.942031979560852,0.0
2297,10869,True,0.9276508092880248,0.8231358044408909
2297,6998,False,0.8878653049468994,0.0
2297,4739,False,0.9247003793716432,0.7746455690028554
2298,12844,False,0.7441505789756775,0.3162738734408661
2298,12842,False,0.7482725381851196,0.0
2298,4541,False,0.6732279062271118,0.3482128725155604
2299,13099,False,0.7685176134109497,0.3352632304499798
2299,9096,False,0.8554517030715942,0.36
2299,1106,False,0.8341118693351746,0.0
2300,17878,False,0.5382422208786011,0.0
2300,15568,False,0.5461570620536804,0.2255769397616085
2300,9644,False,0.6451648473739624,0.0
2301,15128,False,0.8261934518814087,0.4760165546487069
2301,6381,False,0.7760258913040161,0.0
2301,6309,False,0.6294327974319458,0.3706419437923857
2302,9708,False,0.6572779417037964,0.0
2302,6917,False,0.6733801364898682,0.3304611103511961
2302,2269,True,0.7187307476997375,0.445291740473356
2303,13479,False,0.8842980861663818,0.0
2303,5479,False,0.8715630173683167,0.3429079980367047
2303,1525,False,0.8477622270584106,0.3386481059780782
2304,15546,False,0.7581808567047119,0.0
2304,9630,False,0.7782410383224487,0.0
2304,6397,False,0.8293125629425049,0.3597837669140911
2305,10515,True,0.8069929480552673,0.5152557262433943
2305,6512,False,0.8153775930404663,0.0
2305,598,False,0.8435062170028687,0.5065436638539733
2306,18101,False,0.8691278696060181,0.5046026401550141
2306,16561,False,0.8794668912887573,0.0
2306,16194,False,0.8803900480270386,0.4717648842842717
2307,16442,False,0.6698793768882751,0.3079053548055092
2307,16441,False,0.6997512578964233,0.3551738066334364
2307,5824,False,0.0,0.0
2308,17878,False,0.5905719995498657,0.2125827130725644
2308,15568,False,0.5091263055801392,0.2238381550780319
2308,9644,False,0.7004513740539551,0.0
2309,20442,False,0.0,0.0
2309,13653,False,0.6183898448944092,0.2458200854029292
2309,7678,False,0.641156792640686,0.2458200854029292
2309,6060,False,0.6192832589149475,0.0
2310,21862,False,0.8026061058044434,0.0
2310,21161,False,0.800130307674408,0.3173723705609666
2310,16063,False,0.8024827837944031,0.2714256824668083
2311,20733,False,0.9315140843391418,0.5031391054909772
2311,19587,False,0.8924782276153564,0.4435145861179044
2311,14868,False,0.8684917688369751,0.4435145861179044
2312,6412,False,0.0,0.3300786827097072
2312,4381,False,0.0,0.0
2312,3049,False,0.6051486730575562,0.0
2313,20950,False,0.7203378677368164,0.316069770620507
2313,15983,False,0.6674137711524963,0.3632692206908931
2313,12566,False,0.6827505230903625,0.0
2314,20275,False,0.706313967704773,0.0
2314,14762,False,0.6548750996589661,0.0
2314,5916,False,0.6497151851654053,0.4422689813358516
2315,9548,False,0.7726527452468872,0.4398485633535138
2315,7933,False,0.5766209959983826,0.3605773860967518
2315,2142,False,0.676664412021637,0.0
2316,15174,False,0.6842993497848511,0.0
2316,7221,False,0.908928394317627,0.4936730498708395
2316,7220,False,0.9123998880386353,0.4787549991450212
2317,15825,True,0.8385888934135437,0.5284134548067254
2317,12770,False,0.873618483543396,0.0
2317,2804,False,0.83961021900177,0.3869529949759475
2318,13035,False,0.7642090320587158,0.3942112336951044
2318,5268,False,0.7339513301849365,0.3738136622406662
2318,5267,False,0.7211992740631104,0.0
2319,16042,False,0.7353439927101135,0.0
2319,7446,False,0.8393576145172119,0.4575503852828274
2319,3459,False,0.682073175907135,0.4159667191322913
2320,19384,False,0.6616032123565674,0.0
2320,10053,False,0.6449126601219177,0.0
2320,6824,False,0.7089342474937439,0.3232540919176179
2321,16034,False,0.7812570929527283,0.5134487832913587
2321,12759,False,0.6489779353141785,0.4335875865581554
2321,4465,False,0.6951624155044556,0.0
2322,12638,False,0.8678832054138184,0.4945353550468402
2322,8451,False,0.871036171913147,0.5259289944370271
2322,7082,False,0.9334334135055542,0.0
2323,17390,False,0.8887065649032593,0.0
2323,16958,False,0.9270222187042236,0.6988245702767231
2323,16809,False,0.9251692295074464,0.6397567144884829
2324,20693,True,0.7292086482048035,0.3926454260438988
2324,18651,False,0.0,0.0
2324,6642,False,0.0,0.0
2324,2715,False,0.0,0.0
2325,21694,False,0.0,0.3314183264371195
2325,806,False,0.0,0.0
2325,304,False,0.7682178616523743,0.3192794918866446
2326,20912,False,0.7175137400627136,0.0
2326,19268,False,0.8295526504516602,0.5865884600854132
2326,1681,False,0.8634020686149597,0.5002780094738025
2327,10203,False,0.7714675664901733,0.0
2327,8544,True,0.981134295463562,0.8127425537743156
2327,4257,False,0.7710307240486145,0.3322785087136108
2328,17215,False,0.7095274925231934,0.5159393703675823
2328,16352,True,0.8249191045761108,0.6425534669347776
2328,3254,False,0.6809433698654175,0.0
2329,14073,True,0.8086468577384949,0.4130081027822004
2329,9575,False,0.69193434715271,0.0
2329,9573,False,0.7218265533447266,0.3125333896215557
2330,18515,False,0.6475868225097656,0.2355234367830645
2330,18434,False,0.7084275484085083,0.0
2330,17067,False,0.7310206890106201,0.2340427166940507
2331,21976,True,0.9207793474197388,0.4285804643485892
2331,19076,False,0.9107325673103333,0.4141399649265254
2331,7294,False,0.901785373687744,0.0
2332,18200,True,0.8471189737319946,0.6946807770964949
2332,9734,False,0.8564525842666626,0.6091816045307724
2332,8791,False,0.9337061643600464,0.0
2333,13543,False,0.7362775802612305,0.3211820274187864
2333,11204,False,0.5206329822540283,0.0
2333,2960,False,0.0,0.3271651525407879
2334,21403,False,0.8451941013336182,0.3227591079031192
2334,20204,False,0.0,0.0
2334,10108,True,0.8751316070556641,0.5693084836296665
2335,21391,False,0.0,0.2349691256167471
2335,8279,True,0.8288260102272034,0.4764735323467894
2335,4117,False,0.0,0.0
2336,16442,False,0.7618628740310669,0.3704021277440939
2336,14666,False,0.55763840675354,0.0
2336,5824,False,0.6608584523200989,0.0
2337,19231,False,0.8443765640258789,0.3861338089356018
2337,14822,False,0.7577519416809082,0.0
2337,13186,False,0.8633213043212891,0.5301008530778655
2338,12216,False,0.6341808438301086,0.0
2338,6185,False,0.540036678314209,0.0
2338,4204,False,0.6791148781776428,0.0
2339,16144,False,0.7816132307052612,0.2672612419124244
2339,10212,False,0.7541952133178711,0.0
2339,2236,True,0.7513926029205322,0.3065696697424829
2340,7772,False,0.8260277509689331,0.4346335603280936
2340,3758,True,0.8524762988090515,0.0
2340,1800,False,0.7883762121200562,0.0
2341,13967,False,0.0,0.6014319829436466
2341,9088,False,0.8573493957519531,0.0
2341,7893,False,0.9069064259529114,0.7189966356788134
2342,8614,False,0.8921031951904297,0.5803186706027748
2342,6559,False,0.7810824513435364,0.0
2342,638,False,0.9861396551132202,0.6905777941470294
2343,10785,True,0.842778205871582,0.39557740264262
2343,4784,False,0.8478163480758667,0.0
2343,1609,False,0.7031394243240356,0.4428996847130897
2344,14944,True,0.8656792044639587,0.0
2344,6970,False,0.9515684843063354,0.526955555241834
2344,4984,True,0.8620016574859619,0.3851644432598216
2345,15062,False,0.7901465892791748,0.0
2345,15061,False,0.9254935383796692,0.5138773964131077
2345,1143,False,0.7282055020332336,0.3710644084563242
2346,17834,False,0.7104325294494629,0.2810736371242605
2346,9968,False,0.6198464632034302,0.2719343884824303
2346,4257,False,0.0,0.0
2347,19407,False,0.8425766229629517,0.0
2347,7743,False,0.8643574118614197,0.3258426966292135
2347,2210,False,0.8457319140434265,0.3864453700060686
2348,16149,False,0.6832159161567688,0.0
2348,12201,False,0.7171992063522339,0.2943542935664256
2348,4192,False,0.6654568314552307,0.0
2349,18166,False,0.9244595170021056,0.0
2349,14176,False,0.9258643388748168,0.5151325112701336
2349,2262,False,0.9211467504501344,0.0
2350,21856,False,0.4759936034679413,0.3236159339823562
2350,14172,False,0.6762334108352661,0.2951757321855696
2350,8108,False,0.0,0.0
2351,20785,False,0.8242964744567871,0.3477813533588888
2351,12201,False,0.7356064319610596,0.3536848377445578
2351,3418,False,0.6619580388069153,0.0
2352,21789,False,0.7472487688064575,0.0
2352,17369,False,0.8348199129104614,0.2831639422345616
2352,1210,False,0.8364149332046509,0.0
2353,13476,False,0.9817999601364136,0.5642880936468347
2353,9519,False,0.7869745492935181,0.0
2353,3508,False,0.8231693506240845,0.0
2354,18881,False,0.0,0.0
2354,15317,False,0.0,0.0
2354,9228,False,0.0,0.2670642482673842
2354,5079,False,0.0,0.0
2355,9712,False,0.0,0.2550306852253353
2355,6691,False,0.0,0.2539033443234463
2355,6690,False,0.0,0.0
2356,11547,False,0.6993262767791748,0.0
2356,11098,False,0.572618305683136,0.3795389890864443
2356,5527,False,0.9667251706123352,0.5715476066494082
2357,15883,False,0.8699593544006348,0.0
2357,12108,False,0.7126351594924927,0.4125
2357,10504,False,0.9227126240730286,0.5154247283575069
2358,20989,False,0.7544631361961365,0.0
2358,18440,False,0.7915825843811035,0.2238756098659764
2358,2973,False,0.0,0.2162701261441871
2359,18634,False,0.0,0.2860387767736776
2359,9878,True,0.7303155660629272,0.0
2359,7864,False,0.6614965796470642,0.3359355065735126
2360,17905,True,0.8168929219245911,0.6917144638660746
2360,12048,False,0.6735249757766724,0.0
2360,7249,True,0.8591996431350708,0.7378784519149227
2361,21566,False,0.904932975769043,0.5882760066687646
2361,18443,False,0.9222897291183472,0.5907474571587549
2361,2818,False,0.9181872606277466,0.0
2362,18064,False,0.7906010746955872,0.0
2362,17737,False,0.8681052923202515,0.4826990761706643
2362,17735,False,0.8459895849227905,0.4837947556932722
2363,21870,False,0.8833667635917664,0.5501778368617851
2363,18601,False,0.8310598731040955,0.5584403908234905
2363,14443,False,0.838601291179657,0.0
2364,17917,False,0.5974715948104858,0.0
2364,17915,True,0.8832435011863708,0.7144153251948351
2364,16366,True,0.8953956365585327,0.772908419968662
2365,19514,False,0.8916154503822327,0.0
2365,8618,True,0.9487521648406982,0.6335525936249404
2365,4528,False,0.8415800333023071,0.0
2366,17878,False,0.5880449414253235,0.203893104812412
2366,15568,False,0.0,0.2044652050273827
2366,9644,False,0.6593529582023621,0.0
2367,22026,False,0.8915529847145081,0.3656150151469955
2367,15380,False,0.6782957911491394,0.0
2367,15379,False,0.7754999995231628,0.3070317192431717
2368,15351,False,0.8742249011993408,0.6432421661619266
2368,11363,False,0.8907709121704102,0.5105691555576077
2368,7390,False,0.7259041666984558,0.0
2369,20052,False,0.7668392658233643,0.0
2369,18932,False,0.7479943633079529,0.3790804024319688
2369,4356,False,0.8281694650650024,0.5428197078037631
2370,18707,False,0.0,0.0
2370,18149,False,0.7833120226860046,0.0
2370,16179,False,0.6797206997871399,0.3983717954851531
2371,10923,True,0.883264422416687,0.4698962479938226
2371,6949,False,0.9339075088500975,0.4917518874353958
2371,1004,False,0.9098880290985109,0.0
2372,14557,False,0.8178057074546814,0.3836809101689346
2372,11964,False,0.8960847854614258,0.4770702433286961
2372,666,False,0.8139959573745728,0.0
2373,20709,False,0.6877338290214539,0.3228381692162954
2373,11927,False,0.6420725584030151,0.3052800713866131
2373,773,False,0.6724182367324829,0.0
2374,21950,False,0.8911217451095581,0.0
2374,6183,False,0.9211232662200928,0.4705162506956319
2374,3051,True,0.9214584827423096,0.5701144261587395
2375,13912,False,0.8746589422225952,0.0
2375,5930,False,0.7594799399375916,0.3883428087400675
2375,4506,False,0.9310629367828368,0.4302372050089719
2376,21401,False,0.7680076360702515,0.0
2376,20244,False,0.7237942814826965,0.2886751345948128
2376,15829,False,0.7463108897209167,0.3067859955389482
2377,18891,False,0.7895947098731995,0.4722994334019514
2377,7859,False,0.0,0.2366905341655754
2377,4110,False,0.0,0.0
2378,15762,False,0.8622696399688721,0.0
2378,13771,False,0.8906736373901367,0.420084025208403
2378,11830,False,0.9111950993537904,0.483254957072717
2379,10267,True,0.9649240970611572,0.6679404395936461
2379,2573,False,0.631382405757904,0.0
2379,264,True,0.8456737995147705,0.5406548735632486
2380,10389,False,0.8049982190132141,0.0
2380,10386,False,0.7801201343536377,0.0
2380,4339,False,0.7793920040130615,0.3388154635894692
2381,15427,False,0.6461669206619263,0.0
2381,3483,False,0.6806674003601074,0.0
2381,3482,True,0.8444989919662476,0.4762896722078402
2382,17384,False,0.0,0.0
2382,6691,False,0.0,0.2418941910731402
2382,6690,False,0.0,0.2430325229656146
2383,20614,False,0.6781448721885681,0.3059132028869214
2383,10306,False,0.667833685874939,0.2698203667313316
2383,4282,False,0.6234049797058105,0.0
2384,17878,False,0.5988745093345642,0.0
2384,15568,False,0.5426803827285767,0.2056195802074935
2384,9644,False,0.6226901412010193,0.0
2385,7504,False,0.8315660953521729,0.3396354039512395
2385,3523,False,0.8167741298675537,0.3436548977548009
2385,2202,False,0.6883877515792847,0.0
2386,16017,False,0.8595589995384216,0.0
2386,14035,False,0.84739089012146,0.2756913983540959
2386,6054,False,0.8890267014503479,0.2996645634283651
2387,20821,True,0.9446110725402832,0.6123411945950576
2387,19665,False,0.7902208566665649,0.0
2387,9709,False,0.6495561003684998,0.4111518335151322
2388,21296,False,0.7870586514472961,0.0
2388,16760,False,0.7380862236022949,0.3208969123804186
2388,2013,False,0.8573263883590698,0.3664971697552335
2389,20429,False,0.9230719208717346,0.0
2389,18153,False,0.948810338973999,0.6506129163858131
2389,16598,False,0.9237128496170044,0.6190476190476191
2390,14686,False,0.7577942609786987,0.4632542093436875
2390,9288,False,0.8979700803756714,0.5654140912898757
2390,2821,False,0.8101023435592651,0.0
2391,21933,False,0.7548222541809082,0.5442826754196193
2391,14949,False,0.6822735071182251,0.5414986025563596
2391,11013,False,0.7041858434677124,0.0
2392,15893,True,0.8886556625366211,0.5389824833539318
2392,13910,False,0.9271633625030518,0.0
2392,11952,False,0.8591481447219849,0.4619849857319416
2393,15332,False,0.6837062239646912,0.3713906763541037
2393,12887,False,0.880583643913269,0.3538151850686812
2393,10368,False,0.8598259687423706,0.0
2394,13251,True,0.967458963394165,0.6315102788227037
2394,7261,False,0.9500062465667723,0.5768882780224279
2394,5215,False,0.9560361504554749,0.0
2395,12585,False,0.8574645519256592,0.0
2395,6533,False,0.8811980485916138,0.4750659859696175
2395,2579,False,0.8361378908157349,0.0
2396,18101,True,0.889876127243042,0.5994040033943377
2396,16561,False,0.898979902267456,0.0
2396,16194,False,0.8992221355438232,0.5272641994977966
2397,13919,False,0.0,0.2123733711547005
2397,10968,False,0.0,0.0
2397,10117,True,0.8168494701385498,0.3750446430988762
2398,21878,False,0.7120799422264099,0.0
2398,19690,False,0.0,0.0
2398,16615,False,0.0,0.2266554167783255
2399,17878,False,0.6323307752609253,0.0
2399,15568,False,0.5168938636779785,0.2027326897129835
2399,9644,False,0.6657809019088745,0.0
2400,21906,False,0.809783399105072,0.3496588992902871
2400,12269,False,0.8912134170532227,0.4192635978884392
2400,8449,False,0.7284386157989502,0.0
2401,20333,False,0.8678112030029297,0.4734796791161662
2401,4329,False,0.8673089742660522,0.4741946714550991
2401,4328,False,0.8480938673019409,0.0
2402,18318,False,0.792781412601471,0.4336824821871839
2402,17787,False,0.8495807647705078,0.0
2402,16273,False,0.8509699702262878,0.4628528545997306
2403,21037,False,0.8660076260566711,0.4338344254369821
2403,8433,False,0.5923478007316589,0.0
2403,1446,False,0.7978609800338745,0.4189556521222583
2404,20960,False,0.8340403437614441,0.0
2404,17704,False,0.8376944065093994,0.3962508777019699
2404,16808,False,0.7401816844940186,0.3962264150943396
2405,8668,True,0.9532445669174194,0.6463931265677831
2405,1036,False,0.9360897541046144,0.0
2405,1033,False,0.9317025542259216,0.0
2406,12626,False,0.5977185964584351,0.0
2406,6582,False,0.6915369033813477,0.3726779962499649
2406,659,False,0.6283796429634094,0.0
2406,656,False,0.6735581755638123,0.362030053499966
2407,12311,True,0.977907121181488,0.6142791526162005
2407,10305,False,0.6782119870185852,0.0
2407,2346,False,0.7367386817932129,0.0
2408,6808,True,0.860810399055481,0.4457671986919931
2408,5806,False,0.6889616250991821,0.3934426229508196
2408,5518,False,0.7844648361206055,0.0
2409,11714,False,0.9791529178619384,0.7460604429355313
2409,9745,False,0.8219220042228699,0.0
2409,5687,False,0.9358888268470764,0.7000432138778694
2410,18605,False,0.0,0.333462008626037
2410,18301,False,0.0,0.3265381679380311
2410,15535,False,0.7189524173736572,0.0
2411,12972,False,0.7580356001853943,0.3122123766487492
2411,10915,False,0.6895176768302917,0.0
2411,6946,False,0.7140892744064331,0.3381188696777105
2412,18154,False,0.8568173050880432,0.0
2412,10590,False,0.8894863128662109,0.6084869844593311
2412,7233,True,0.94264018535614,0.7442084075352507
2413,22011,False,0.7851381897926331,0.3718568433708361
2413,4840,False,0.8685498237609863,0.3822353935782192
2413,3132,False,0.8335776329040527,0.0
2414,15324,False,0.7906045317649841,0.3454910333927111
2414,11702,False,0.7415457963943481,0.3364926868808673
2414,33,False,0.7699437141418457,0.0
2415,13373,False,0.6483447551727295,0.0
2415,6691,False,0.6855560541152954,0.0
2415,6690,False,0.7896214723587036,0.2749097452405029
2416,14215,False,0.7106295824050903,0.0
2416,6838,False,0.0,0.2835379434598837
2416,5899,False,0.7961090803146362,0.463543270946689
2417,16608,False,0.0,0.3098702887272106
2417,14707,False,0.0,0.3102003486344046
2417,6750,False,0.0,0.0
2418,20821,False,0.6463513374328613,0.3481553119113957
2418,7679,False,0.669148325920105,0.0
2418,1714,False,0.7237015962600708,0.3865103412619629
2419,20586,False,0.6158767938613892,0.0
2419,11745,False,0.0,0.0
2419,1768,False,0.6581541895866394,0.311066540368842
2420,7119,False,0.6519652605056763,0.3559322033898305
2420,18571,False,0.0,0.2125976013810935
2420,13868,False,0.0,0.0
2421,18891,False,0.5682123899459839,0.1844529532043751
2421,10169,False,0.0,0.1953509502650816
2421,8984,False,0.0,0.0
2422,15181,False,0.8755731582641602,0.0
2422,8663,True,0.8765435814857483,0.6282286222499409
2422,1258,False,0.8674655556678772,0.4775266574246815
2423,21288,False,0.8385870456695557,0.275825629883532
2423,12333,False,0.7142789959907532,0.3476002858198838
2423,7762,False,0.7275239825248718,0.0
2424,21496,False,0.932608962059021,0.5689863003945874
2424,15450,False,0.7463374137878418,0.0
2424,1751,False,0.912716031074524,0.4473770209011738
2425,21914,False,0.0,0.0
2425,16565,False,0.0,0.0
2425,10224,False,0.4634851813316345,0.0
2426,17993,False,0.8616031408309937,0.4363816690365933
2426,17120,False,0.7259734869003296,0.4018017302988865
2426,3072,False,0.8568533658981323,0.0
2427,11119,False,0.8492389917373657,0.0
2427,1159,False,0.7884671688079834,0.4511436948879764
2427,1156,True,0.8146268129348755,0.4596273598704938
2428,21401,False,0.7832950949668884,0.3139747150709017
2428,8459,False,0.7307279109954834,0.3583553394970091
2428,8089,False,0.6889654994010925,0.0
2429,14246,False,0.8568758368492126,0.0
2429,11988,False,0.9263498783111572,0.5504263689859618
2429,6262,False,0.9047451615333556,0.5057217374241737
2430,21693,False,0.9872746467590332,0.6804485315449161
2430,19283,False,0.9566379189491272,0.0
2430,805,False,0.9847605228424072,0.697445068371517
2431,21936,False,0.7901256680488586,0.4580173529688625
2431,21935,False,0.8061177730560303,0.0
2431,19010,False,0.7977897524833679,0.0
2432,14644,False,0.8769088983535767,0.6293724155767774
2432,10754,False,0.8910456299781799,0.0
2432,2754,False,0.8797155022621155,0.6217170357796095
2433,17845,False,0.8608638644218445,0.5497665061952396
2433,17517,False,0.7942476272583008,0.5766855018198446
2433,16332,False,0.8080145120620728,0.0
2434,21933,False,0.7540590763092041,0.5173439150194125
2434,14949,False,0.6923298835754395,0.5146976372306372
2434,11013,False,0.7073975205421448,0.0
2435,20419,True,0.9169750213623048,0.6666866984169955
2435,12701,False,0.0,0.0
2435,10675,False,0.0,0.4332001127219817
2436,14635,False,0.9302914142608644,0.6306414784205199
2436,6182,False,0.9151386022567748,0.0
2436,760,False,0.9237138032913208,0.6357305035360344
2437,14435,False,0.7549622058868408,0.4335742748772955
2437,6470,False,0.7438216209411621,0.4509853432145144
2437,4430,False,0.7873143553733826,0.0
2438,8824,False,0.9241094589233398,0.0
2438,4769,False,0.9283021688461304,0.567944518073514
2438,2861,True,0.9469650387763976,0.6427194063462823
2439,12866,False,0.9375119805336,0.5351991704140828
2439,10806,False,0.9363162517547609,0.5090854060895622
2439,2880,False,0.939296007156372,0.0
2440,19369,False,0.717702329158783,0.0
2440,18177,False,0.7823590040206909,0.2848436459479425
2440,6643,True,0.9176377058029176,0.6887548923294701
2441,21373,False,0.8211410045623779,0.4716384544468301
2441,20227,False,0.7754005193710327,0.4365430996858279
2441,19388,False,0.7479318380355835,0.0
2442,17452,False,0.873981237411499,0.3659421070489376
2442,16442,False,0.600100040435791,0.0
2442,5824,False,0.6478894948959351,0.3303209987783102
2443,18402,False,0.9142428636550904,0.5455107466591697
2443,18099,False,0.7500954270362854,0.0
2443,17453,False,0.8882097005844116,0.535940382682693
2444,19317,False,0.6361229419708252,0.3522524587835815
2444,17201,False,0.6847846508026123,0.0
2444,13713,False,0.6315776109695435,0.0
2445,18734,False,0.0,0.2697404995936687
2445,13066,False,0.7470294833183289,0.4571237848023163
2445,11283,False,0.5786261558532715,0.0
2446,22043,False,0.8192890882492065,0.0
2446,12305,False,0.9609531164169312,0.5883973492046537
2446,8335,False,0.9570141434669496,0.5253547624842818
2447,8536,False,0.6254599690437317,0.0
2447,2526,False,0.6080237030982971,0.0
2447,14433,True,0.6252504587173462,0.2707651805369411
2448,19375,False,0.8386409282684326,0.0
2448,9470,False,0.8661450147628784,0.3586585201196183
2448,5426,False,0.8502814769744873,0.3527886192227129
2449,5419,False,0.7742871046066284,0.4157565818523326
2449,5418,False,0.796432375907898,0.0
2449,1477,False,0.862084150314331,0.458164910174366
2450,20150,False,0.892571210861206,0.4086689482678498
2450,13619,False,0.9002124667167664,0.3973170330381873
2450,3031,False,0.9048693180084229,0.0
2451,20424,False,0.817879855632782,0.4016995952548513
2451,8356,False,0.8230718970298767,0.4037030969365859
2451,2755,False,0.7838842272758484,0.0
2452,16070,False,0.0,0.0
2452,12120,False,0.7722253799438477,0.3428396514843866
2452,2138,False,0.7976618409156799,0.4304052898729293
2453,17878,False,0.0,0.0
2453,15568,False,0.5646543502807617,0.1966795984593417
2453,9644,False,0.6722739338874817,0.0
2454,10869,False,0.7612511515617371,0.0
2454,4739,False,0.7481663227081299,0.3441975502212887
2454,768,False,0.7923166751861572,0.4091458693204667
2455,17886,False,0.663955807685852,0.3248991615338157
2455,16962,False,0.6690427660942078,0.333518672982535
2455,14444,False,0.7089058756828308,0.0
2456,11562,False,0.785521388053894,0.0
2456,9575,False,0.859170138835907,0.4525734139733143
2456,9573,False,0.7328534126281738,0.3748170285326546
2457,18103,False,0.901674509048462,0.0
2457,17144,False,0.8891053199768066,0.6317714435446729
2457,16274,False,0.8868387937545776,0.5249732163354671
2458,17878,False,0.5796298384666443,0.1903211034981695
2458,15568,False,0.5948683023452759,0.1912888839056638
2458,9644,False,0.7298730611801147,0.0
2459,7486,True,0.8625857830047607,0.3892494720807615
2459,5467,False,0.8608264327049255,0.0
2459,1907,False,0.9142634868621826,0.4251454611090235
2460,20034,False,0.779624879360199,0.1856064674669238
2460,12614,False,0.6270344257354736,0.0
2460,2306,False,0.6663899421691895,0.2077768494977449
2461,13244,False,0.8040227890014648,0.6000199926693601
2461,13243,False,0.8094489574432373,0.6052150679001845
2461,7240,False,0.7836897969245911,0.0
2462,22033,False,0.924246907234192,0.0
2462,14117,True,0.9250375032424928,0.6599785510456309
2462,8175,True,0.931833028793335,0.6348453704706012
2463,5686,False,0.7040385007858276,0.0
2463,2206,False,0.8071079254150391,0.3452124374702148
2463,2205,False,0.7548143863677979,0.3491187521945837
2464,7034,False,0.8463501930236816,0.4338760177455243
2464,13686,False,0.8056008815765381,0.4892189489946211
2464,269,False,0.7944854497909546,0.0
2465,21734,False,0.9163769483566284,0.6474109898119008
2465,13406,False,0.8861566781997681,0.5745944049142231
2465,11332,False,0.8840255737304688,0.0
2466,10392,False,0.6402963399887085,0.2548644623048695
2466,6344,False,0.7094888687133789,0.0
2466,2427,False,0.6441136598587036,0.2407053255101545
2467,17204,False,0.9080331325531006,0.5809178640206307
2467,15908,False,0.8926633596420288,0.0
2467,2808,False,0.8369834423065186,0.0
2468,10813,True,0.8242237567901611,0.5209859626594542
2468,10812,False,0.8210926055908203,0.5034181369339008
2468,16832,True,0.7731613516807556,0.0
2469,19597,True,0.8601495027542114,0.4749494986855592
2469,17121,False,0.8320481777191162,0.0
2469,7000,False,0.808201789855957,0.0
2470,22058,False,0.6184058785438538,0.0
2470,14525,False,0.8179224133491516,0.4550445965558007
2470,4534,False,0.7653216123580933,0.0
2471,21693,False,0.9672120809555054,0.0
2471,19283,True,0.9769045114517212,0.8393895056932993
2471,4728,False,0.9300374984741212,0.7253983382534684
2472,20125,False,0.956668496131897,0.7006923839477033
2472,18152,False,0.9130048751831056,0.7159893860953888
2472,17846,False,0.9532439708709716,0.0
2473,21936,False,0.78608238697052,0.0
2473,10754,False,0.7990589141845703,0.0
2473,10489,False,0.8667036294937134,0.4221214330230485
2474,14437,False,0.9170504808425904,0.5241316235546837
2474,8536,False,0.7566051483154297,0.0
2474,559,False,0.8075963258743286,0.0
2475,21462,False,0.9079095125198364,0.0
2475,15249,False,0.8413017392158508,0.4207261455038057
2475,7295,False,0.8448343276977539,0.4001082104713425
2476,18730,False,0.8560537695884705,0.0
2476,14883,False,0.8523660898208618,0.5509080804800992
2476,6955,True,0.9306631684303284,0.6182840223353118
2477,6906,False,0.8306020498275757,0.4810669667803461
2477,4884,True,0.8769586086273193,0.5464712661640687
2477,4830,False,0.8773816823959351,0.0
2478,16862,False,0.8123316764831543,0.5261367915016469
2478,10147,False,0.6555492281913757,0.0
2478,4204,False,0.7578237652778625,0.3167230329859583
2479,14615,False,0.8572753071784973,0.4273015845104084
2479,10670,False,0.8776974678039551,0.0
2479,10669,True,0.9311391711235046,0.6139932557969906
2480,21380,False,0.0,0.0
2480,19964,False,0.0,0.0
2480,15687,False,0.0,0.0
2481,13575,False,0.8766189813613892,0.0
2481,6885,True,0.884929895401001,0.5537429906867878
2481,179,False,0.8417981863021851,0.4454257555791507
2482,20599,False,0.7168276906013489,0.3040411496869082
2482,18036,False,0.0,0.0
2482,16808,False,0.5260868072509766,0.2729213444652399
2483,21633,False,0.9310067892074584,0.369012483211554
2483,11841,False,0.9063231945037842,0.0
2483,7842,False,0.8776129484176636,0.0
2484,5383,False,0.8411483764648438,0.4050202909387225
2484,3434,False,0.789573073387146,0.3692832064441294
2484,3433,False,0.8056920766830444,0.0
2485,13377,False,0.7858635187149048,0.3006923896621318
2485,10111,False,0.7377738952636719,0.0
2485,8095,True,0.8976835012435913,0.3616651597316405
2486,21724,False,0.0,0.0
2486,17065,False,0.0,0.2615156459876071
2486,4848,False,0.0,0.0
2487,19851,False,0.7396301627159119,0.3293661808456066
2487,4650,False,0.7635412812232971,0.3734661449111145
2487,2990,False,0.7616265416145325,0.0
2488,11658,False,0.7776963114738464,0.0
2488,5635,True,0.9537482857704164,0.7379151613725169
2488,1684,False,0.91000497341156,0.4957446034647344
2489,21428,False,0.7085412740707397,0.346551640041836
2489,15683,False,0.0,0.0
2489,14466,False,0.6565079689025879,0.0
2490,18627,False,0.630913496017456,0.0
2490,2373,False,0.724176824092865,0.3206340427219419
2490,420,False,0.6492103338241577,0.2682926829268293
2491,21068,False,0.7965503931045532,0.3517262290563295
2491,15322,False,0.7212445139884949,0.0
2491,1361,False,0.7336536049842834,0.0
2492,12125,False,0.8767807483673096,0.0
2492,10151,False,0.8831620812416077,0.4167458088564986
2492,5544,False,0.8159670233726501,0.3776758892762019
2493,17561,False,0.0,0.2211963299190943
2493,5666,False,0.720421314239502,0.0
2493,3691,False,0.7126622796058655,0.0
2494,18601,False,0.7205289006233215,0.2863373609809087
2494,11421,False,0.0,0.0
2494,768,False,0.0,0.3023460219201276
2495,17878,False,0.5397862195968628,0.0
2495,15568,False,0.6842634081840515,0.2441145521451584
2495,9644,False,0.6863702535629272,0.0
2496,20574,False,0.7654369473457336,0.3529656040012587
2496,12024,False,0.8776223659515381,0.0
2496,7392,False,0.8290310502052307,0.3583874902349549
2497,19525,False,0.8059283494949341,0.5290092118939487
2497,11611,False,0.6851192712783813,0.0
2497,8570,False,0.659477174282074,0.0
2498,17529,False,0.758704423904419,0.2658878694816753
2498,15208,False,0.0,0.2682926829268293
2498,1270,False,0.8111704587936401,0.0
2499,11906,False,0.3441172540187835,0.3092082730095703
2499,9812,False,0.0,0.2455762454059681
2499,15385,False,0.4573889970779419,0.0
2500,20319,False,0.715662956237793,0.3245385098175051
2500,11855,False,0.6127414107322693,0.3352657166714094
2500,481,False,0.0,0.0
2501,10419,False,0.8675680160522461,0.0
2501,4362,True,0.877240002155304,0.3126431675005462
2501,1927,False,0.760357141494751,0.3251660568788512
2502,16033,False,0.9088122844696044,0.5809320665939611
2502,16032,False,0.8977074027061462,0.6125502958318993
2502,2105,False,0.9282187223434448,0.0
2503,20051,True,0.8898857235908508,0.63104357405353
2503,7535,False,0.7756026387214661,0.320113838495241
2503,5272,False,0.6733018159866333,0.0
2504,20429,False,0.9389294385910034,0.0
2504,18200,False,0.8906474113464355,0.6642111641550715
2504,17203,False,0.934089720249176,0.0
2504,16598,False,0.9539340734481812,0.6792889898607453
2505,17878,False,0.5319548845291138,0.0
2505,15568,False,0.5099768042564392,0.1990364861453895
2505,9644,False,0.6211284399032593,0.0
2506,12339,False,0.0,0.0
2506,10971,False,0.0,0.0
2506,10968,False,0.0,0.0
2507,7055,False,0.8765119314193726,0.0
2507,5038,False,0.8676717281341553,0.532608695652174
2507,1090,False,0.870006799697876,0.4565217391304347
2508,21866,False,0.7903269529342651,0.4690948852484107
2508,11582,False,0.7665377855300903,0.4606114821236464
2508,3768,False,0.4934152066707611,0.0
2509,11835,False,0.0,0.0
2509,5784,False,0.5487637519836426,0.2279658683417254
2509,1904,False,0.6266924142837524,0.2799325443842259
2510,11625,True,0.9254602193832396,0.5134898976610932
2510,11287,False,0.727409839630127,0.3925679419426603
2510,1640,False,0.6235223412513733,0.0
2511,21503,True,0.9108418226242064,0.4943115327429807
2511,16017,False,0.71959388256073,0.0
2511,13771,False,0.8721408843994141,0.2883483941000721
2512,11521,False,0.8341838717460632,0.3423683940087303
2512,11269,False,0.8231401443481445,0.0
2512,6022,False,0.7182523608207703,0.0
2513,20426,False,0.944031834602356,0.5915606553503763
2513,4666,False,0.0,0.0
2513,1024,False,0.6770808100700378,0.0
2514,10644,False,0.8392007350921631,0.4831765680986568
2514,6586,False,0.8601164817810059,0.4731969398837485
2514,4552,False,0.708493709564209,0.0
2514,2634,False,0.8670728206634521,0.0
2515,9967,False,0.8994336128234863,0.5102763034095185
2515,3906,False,0.875270426273346,0.4527462564407443
2515,554,False,0.8903324007987976,0.0
2516,20309,False,0.902145266532898,0.4756206703785178
2516,19977,False,0.7216911911964417,0.0
2516,19976,False,0.7180647253990173,0.308451629640795
2517,10729,False,0.8241890668869019,0.0
2517,10727,False,0.8486767411231995,0.4849286449688719
2517,8235,False,0.8733772039413452,0.4881105199637149
2518,21688,False,0.871336817741394,0.4457215628604321
2518,20114,False,0.8480602502822876,0.0
2518,10680,False,0.7128263711929321,0.3918835263021258
2519,10602,False,0.6516021490097046,0.0
2519,8655,False,0.0,0.3021970314017149
2519,2668,True,0.9468272924423218,0.5249054964371771
2520,19129,False,0.6941426992416382,0.3830003967425146
2520,15683,True,0.7781471610069275,0.0
2520,8177,False,0.7740406394004822,0.4222892058466721
2521,14555,False,0.0,0.0
2521,10584,False,0.0,0.0
2521,2660,False,0.6119865775108337,0.0
2522,12397,False,0.7323055863380432,0.0
2522,3324,True,0.890314519405365,0.4557037457495386
2522,3323,False,0.8395959138870239,0.3866577236662752
2523,10365,False,0.8656220436096191,0.5551983817780488
2523,4321,False,0.7750517129898071,0.544211800789262
2523,3766,False,0.5825494527816772,0.0
2524,22029,False,0.6339495778083801,0.0
2524,14111,False,0.0,0.275869493512192
2524,7426,False,0.6800181269645691,0.4224653788161284
2525,11068,False,0.706420361995697,0.0
2525,7072,False,0.6917111277580261,0.0
2525,5372,True,0.8755320310592651,0.4540541130908065
2526,15693,False,0.77858567237854,0.4889153193889909
2526,1195,False,0.0,0.0
2526,768,False,0.0,0.0
2527,21062,False,0.8516627550125122,0.4518408188606879
2527,13291,False,0.8727664947509766,0.0
2527,13282,True,0.8390591144561768,0.5343071386940417
2528,18601,False,0.7298887372016907,0.3046038495400857
2528,10489,False,0.0,0.0
2528,768,False,0.7427522540092468,0.3692832064441294
2529,8725,False,0.0,0.0
2529,6691,False,0.0,0.2122262306502573
2529,16909,False,0.0,0.0
2530,19334,False,0.6970227360725403,0.2666831290963312
2530,9288,False,0.0,0.2541785623789577
2530,768,False,0.0,0.0
2531,19976,False,0.959846258163452,0.826368188259075
2531,12191,False,0.9267017841339112,0.0
2531,4659,False,0.9248718023300172,0.6442576244475464
2532,17697,False,0.7028749585151672,0.0
2532,17384,False,0.7047263383865356,0.3051285766293646
2532,260,False,0.724432110786438,0.3051285766293646
2533,16333,False,0.0,0.0
2533,820,False,0.0,0.3086329141268154
2533,304,False,0.0,0.0
2534,16640,False,0.7572996616363525,0.0
2534,9664,False,0.7442594766616821,0.2898550724637681
2534,6898,False,0.6421176791191101,0.2691909510290827
2535,9869,False,0.8753038644790649,0.0
2535,8810,False,0.9004689455032349,0.4736275567979092
2535,139,False,0.8095701932907104,0.4658071104973457
2536,12333,False,0.9184345602989196,0.7775468632687836
2536,12331,False,0.8314704895019531,0.0
2536,7762,False,0.917196810245514,0.5085133809309826
2537,11918,False,0.9285632371902466,0.4626210020592249
2537,10479,False,0.9016400575637816,0.0
2537,4425,False,0.9101006984710692,0.4638768927564559
2538,14178,False,0.8617838621139526,0.0
2538,8245,False,0.912168025970459,0.5501719556083908
2538,2279,True,0.9766448140144348,0.6088013519512722
2539,10705,True,0.8573814630508423,0.5048298334850128
2539,20685,False,0.0,0.0
2539,18281,False,0.0,0.1904761904761904
2540,21344,False,0.9238864779472352,0.5028204694495131
2540,9201,False,0.9090291261672974,0.0
2540,5175,True,0.9625819325447084,0.6451612903225806
2541,11272,False,0.6781364679336548,0.5938788939557136
2541,3296,False,0.6398994326591492,0.5154913117764516
2541,1306,False,0.6758232116699219,0.0
2542,15118,False,0.9266998767852784,0.0
2542,7169,False,0.9455136060714722,0.0
2542,5136,False,0.9528194665908812,0.4426877489057796
2543,10488,False,0.8737266063690186,0.0
2543,4434,False,0.8485149145126343,0.3709960415849578
2543,2533,True,0.9262221455574036,0.5201564866102993
2544,18025,False,0.8472989201545715,0.4898053664999539
2544,18024,False,0.7337107062339783,0.0
2544,16195,False,0.8662745952606201,0.5341598908037045
2545,18198,False,0.0,0.0
2545,17380,False,0.0,0.0
2545,606,False,0.0,0.3
2546,16597,False,0.8423271179199219,0.0
2546,9064,False,0.7844126224517822,0.5683014228180618
2546,5349,False,0.9295424222946168,0.6492718111174852
2547,6691,False,0.0,0.2028405530153484
2547,6690,False,0.0,0.0
2547,19334,False,0.6940540075302124,0.2431037579886778
2548,19117,False,0.8842605352401733,0.0
2548,18724,False,0.7286489009857178,0.4955838940054189
2548,1648,False,0.9395531415939332,0.5424391173933084
2549,20960,False,0.6937949657440186,0.0
2549,17704,False,0.6972385048866272,0.4675684432483509
2549,14193,False,0.7810475826263428,0.4833637894954397
2550,15807,True,0.759182333946228,0.389064358102471
2550,7868,False,0.810212254524231,0.0
2550,3025,False,0.7724291682243347,0.3828920668303653
2551,4397,False,0.7745764851570129,0.0
2551,4394,False,0.7900146245956421,0.0
2551,1053,False,0.0,0.2754780659322154
2552,18623,False,0.7371931672096252,0.0
2552,8306,False,0.860660970211029,0.3777537317199085
2552,2320,False,0.8124568462371826,0.3140561095339299
2553,6636,False,0.7812103033065796,0.2871023423286877
2553,6630,False,0.7823151350021362,0.0
2553,2238,False,0.7790776491165161,0.0
