D1,D2,responses,s-weight
3333,0,True,0.5516318678855896
977,2,True,0.6431147456169128
591,3,False,0.0
2260,4,True,0.7267661690711975
1607,5,True,0.6926918029785156
74,6,False,0.6365444660186768
1739,7,True,0.8130283951759338
690,8,True,0.4873189628124237
4612,9,False,0.5355453491210938
3609,9,False,0.5615027546882629
2881,10,False,0.5088469982147217
2508,11,False,0.512009859085083
4725,11,False,0.4402156770229339
3135,12,True,0.7080894112586975
3400,13,False,0.0
4920,14,False,0.0
1448,15,False,0.0
3711,16,False,0.4624575972557068
3153,17,False,0.5337831377983093
1174,17,False,0.0
895,17,False,0.5226066708564758
1214,18,False,0.5492278337478638
4393,19,False,0.0
4420,20,True,0.8268542289733887
3549,21,False,0.4714507460594177
1123,22,False,0.0
1360,23,False,0.5440758466720581
2971,24,True,0.7427478432655334
4547,25,False,0.8250794410705566
3939,26,False,0.0
1714,27,True,0.7102834582328796
968,28,True,0.7136503458023071
481,29,True,0.5902588367462158
2887,30,False,0.5567136406898499
2016,31,False,0.0
1492,32,True,0.6906804442405701
1056,33,False,0.0
2652,34,False,0.5954566597938538
959,35,False,0.0
294,36,False,0.4787548184394836
2574,37,True,0.8432254791259766
273,38,False,0.5381629467010498
3499,39,True,0.8053353428840637
2673,40,True,0.8621240258216858
138,41,True,0.8456442356109619
2225,42,False,0.0
3092,43,False,0.6774252653121948
910,44,False,0.4420614242553711
1662,45,True,0.5970669984817505
54,46,True,0.6520261764526367
4494,47,False,0.5381723046302795
2011,48,False,0.4896768927574157
2336,49,True,0.826538622379303
4736,50,True,0.7522130608558655
2013,51,True,0.8344645500183105
505,52,True,0.6925382614135742
959,53,False,0.0
3074,54,False,0.0
3404,55,False,0.5260612368583679
5054,56,False,0.0
3082,56,False,0.0
2240,56,False,0.0
3749,57,False,0.0
1367,58,True,0.6622620820999146
4351,59,False,0.5214569568634033
4202,60,False,0.0
546,61,True,0.8232012987136841
4872,62,True,0.6016750335693359
4290,63,False,0.0
4949,64,True,0.7009420990943909
4836,65,True,0.6258231401443481
824,66,True,0.8515701293945312
5051,67,False,0.5654706358909607
4896,68,False,0.4136471450328827
639,69,False,0.0
768,70,False,0.5972437262535095
3262,71,False,0.0
2451,72,True,0.7614636421203613
11,73,True,0.5308917164802551
2322,74,False,0.0
3188,75,True,0.7873584628105164
83,76,True,0.5299309492111206
4734,77,False,0.0
4356,78,True,0.6739276647567749
495,79,True,0.4162889420986175
2467,80,True,0.6524614095687866
2698,81,False,0.0
2210,82,False,0.0
1891,83,True,0.6983941793441772
4030,84,False,0.8292006254196167
4030,85,False,0.8194249868392944
438,86,True,0.7778394818305969
3174,87,False,0.0
140,88,False,0.5241491794586182
4093,89,True,0.6362155079841614
2625,90,True,0.6820045113563538
994,91,False,0.5802547931671143
3956,92,False,0.7496391534805298
791,93,True,0.5246093273162842
4829,94,False,0.0
2198,95,True,0.8123131394386292
1593,96,True,0.7697425484657288
948,97,True,0.6407266855239868
1186,98,False,0.0
1866,99,False,0.5409155488014221
669,100,True,0.7457532286643982
1746,101,True,0.8052942752838135
2921,102,False,0.3985055983066559
756,102,True,0.4201310575008392
3028,103,True,0.5883640646934509
180,104,False,0.0
1018,105,False,0.0
2524,106,True,0.8972113132476807
4131,107,False,0.0
4075,108,False,0.0
4547,109,False,0.8025503754615784
2265,110,True,0.6680284738540649
1913,111,False,0.552410364151001
4632,112,True,0.6526584029197693
1415,113,False,0.0
4198,114,False,0.0
4233,115,False,0.0
1820,116,False,0.0
953,117,True,0.3981944322586059
959,118,False,0.0
5000,119,False,0.6174048185348511
1127,120,True,0.827526330947876
5095,122,True,0.4836374521255493
3359,123,True,0.6919200420379639
1052,124,True,0.6854747533798218
4252,125,False,0.6943353414535522
569,126,False,0.5089282393455505
2591,127,True,0.77198326587677
4184,128,False,0.7796485424041748
4794,129,False,0.0
4184,130,False,0.7777621150016785
3923,131,False,0.0
941,131,False,0.0
1756,132,False,0.8406367301940918
764,133,True,0.5952003002166748
1848,134,True,0.569675624370575
991,136,False,0.0
4583,137,False,0.0
1994,138,False,0.0
289,139,True,0.531420886516571
1868,140,False,0.6348631381988525
1464,141,False,0.5406631827354431
4014,143,True,0.8980726599693298
1429,144,False,0.0
2411,145,True,0.6199507117271423
858,146,True,0.8006840944290161
3353,147,True,0.6403464078903198
1224,148,False,0.3782821893692016
1404,149,False,0.0
4026,150,False,0.7485561370849609
17,150,True,0.7530893683433533
4829,151,False,0.0
808,152,True,0.6279423236846924
2420,153,False,0.0
1911,154,False,0.0
3125,155,False,0.1586774289608001
4547,156,False,0.7745210528373718
1127,156,False,0.7854535579681396
1434,157,False,0.0
481,158,False,0.0
4123,159,True,0.8269911408424377
290,160,False,0.5582268238067627
2722,161,False,0.4816672801971435
4030,162,False,0.7754801511764526
4354,163,False,0.0
918,164,True,0.4403674006462097
2456,165,True,0.8406775593757629
2804,166,False,0.0
4034,167,False,0.0
201,168,True,0.7925534844398499
1186,169,False,0.0
3044,170,False,0.5283474922180176
4184,171,False,0.6912639141082764
1666,172,False,0.0
2015,173,False,0.0
3542,174,True,0.7739623785018921
4164,175,True,0.7264122366905212
4237,176,False,0.0
3042,177,True,0.6842977404594421
526,178,False,0.0
4252,179,False,0.0
4495,180,True,0.5993921160697937
1177,181,False,0.0
276,182,True,0.8230186700820923
4393,183,False,0.0
3310,184,False,0.3797623813152313
3464,185,True,0.8673710823059082
3156,186,True,0.6605536937713623
3728,187,True,0.4287275671958923
3175,188,True,0.5910903215408325
286,189,True,0.4532241821289062
4171,190,True,0.8386314511299133
1756,191,False,0.57333904504776
2216,192,False,0.4594168663024902
696,193,False,0.0
3000,194,False,0.731398344039917
1146,195,False,0.0
1415,196,False,0.0
3481,197,False,0.3873696029186249
645,198,True,0.6720944046974182
2804,199,False,0.0
5026,200,True,0.6389678716659546
4252,201,False,0.5175873637199402
3795,202,True,0.6035753488540649
1044,203,True,0.7093397378921509
3681,204,True,0.6638931632041931
1415,205,False,0.0
1877,206,False,0.0
4533,207,True,0.5886118412017822
1756,208,False,0.7638030052185059
1491,209,False,0.4815285205841064
759,210,False,0.5431831479072571
336,212,True,0.3998922407627105
3234,213,False,0.0
907,214,False,0.6091824769973755
1865,215,True,0.5305713415145874
4821,216,False,0.3346912562847137
733,217,False,0.6677103042602539
1039,218,False,0.5566321611404419
910,219,False,0.5152683854103088
4467,220,False,0.6090426445007324
3326,221,False,0.0
3482,222,False,0.5103774070739746
345,223,False,0.0
4829,224,False,0.0
273,225,True,0.8003201484680176
629,226,False,0.0
5031,227,True,0.7648444771766663
4395,228,False,0.0
4995,229,False,0.0
2537,230,True,0.8313054442405701
3269,231,True,0.4468352198600769
4612,232,False,0.5212720632553101
3609,232,False,0.5391511917114258
1549,233,False,0.5114817023277283
5048,234,False,0.0
1382,235,True,0.5640574097633362
4729,236,False,0.0
432,237,False,0.4279882311820984
4753,239,False,0.0
4642,240,True,0.7818713188171387
590,241,True,0.7488420009613037
2216,242,False,0.0
3937,243,False,0.0
3753,244,False,0.7865353226661682
2030,244,False,0.7596542835235596
1756,244,False,0.7626738548278809
4467,245,False,0.5794223546981812
936,246,False,0.0
4165,247,False,0.4660254418849945
4858,248,True,0.5082495808601379
1705,249,False,0.0
3815,250,False,0.4989036023616791
3233,251,True,0.7420138120651245
2504,252,True,0.4395449161529541
3653,253,True,0.4594643712043762
994,254,False,0.517727792263031
4393,255,False,0.0
177,256,True,0.6545331478118896
1040,257,True,0.7433210611343384
629,258,False,0.0
3088,259,True,0.774505615234375
27,260,False,0.0
2368,261,True,0.7554212808609009
263,262,False,0.0
2484,264,True,0.673735499382019
4056,265,True,0.6461828947067261
372,266,False,0.0
1616,267,True,0.5003641247749329
1422,268,True,0.3855283260345459
641,269,False,0.0
2720,270,False,0.6021026968955994
1363,271,True,0.7343757152557373
4753,272,True,0.5573112368583679
4245,273,False,0.500741720199585
4827,274,False,0.0
2018,275,False,0.0
3600,276,True,0.7924455404281616
4868,277,False,0.0
3806,278,True,0.7927948236465454
4402,279,True,0.7219762802124023
2591,280,False,0.0
2412,281,False,0.0
1942,282,True,0.6021385192871094
3855,283,True,0.8080809116363525
1626,284,False,0.4596549868583679
1630,285,False,0.0
2679,286,False,0.0
1568,287,False,0.0
3425,288,True,0.5568739771842957
1357,289,False,0.0
4976,291,True,0.7558629512786865
1759,292,True,0.6155654191970825
2669,293,False,0.4842259287834167
1484,294,False,0.0
4399,295,False,0.4337476193904876
4640,296,False,0.0
3853,297,False,0.0
3975,298,False,0.7873197197914124
2370,299,False,0.0
1488,300,False,0.0
3753,301,False,0.4724296927452087
559,302,False,0.0
1652,302,False,0.0
223,303,False,0.4403842687606811
416,304,False,0.0
3862,305,True,0.5955106616020203
4598,306,False,0.0
686,307,True,0.4375537931919098
3543,308,False,0.0
3661,309,False,0.0
531,310,False,0.4102967977523803
4666,311,True,0.5901986360549927
1503,312,True,0.7411327958106995
2167,313,True,0.5805134177207947
4699,314,True,0.8181285858154297
1339,315,False,0.0
5084,315,False,0.0
3904,316,True,0.4599548280239105
1909,317,True,0.7014417052268982
3976,318,True,0.5287432670593262
847,319,False,0.6396681070327759
4967,320,False,0.5402597188949585
1671,321,False,0.0
2068,322,True,0.6461631059646606
160,323,False,0.4970905184745788
2066,324,False,0.4942109584808349
1187,325,True,0.7518525719642639
3421,326,True,0.8563076257705688
1704,327,True,0.7189381718635559
4222,328,True,0.6166536808013916
2661,329,False,0.0
1440,330,True,0.4277797639369964
2843,331,True,0.8071966767311096
5054,332,False,0.0
4135,332,False,0.4640128016471863
1481,333,True,0.4564554095268249
4638,334,True,0.6802043914794922
5051,335,False,0.731285035610199
3937,337,False,0.0
3678,338,False,0.6410728096961975
4368,339,False,0.4488493800163269
1977,340,False,0.0
4319,341,False,0.0
1970,342,True,0.7498872876167297
3393,343,True,0.7757759690284729
288,344,True,0.4767031967639923
4740,345,True,0.743080198764801
1038,346,False,0.0
2908,347,True,0.6454359292984009
3599,348,False,0.0
36,349,False,0.0
4368,350,False,0.4218083620071411
2648,351,False,0.0
267,352,True,0.5309860706329346
2950,353,True,0.6684080958366394
2263,354,False,0.0
838,355,False,0.0
3074,356,False,0.0
3642,357,True,0.81626296043396
619,358,False,0.0
1941,359,False,0.0
3010,360,True,0.6082781553268433
2209,361,True,0.4642660021781921
1143,362,False,0.0
4922,363,True,0.782426118850708
155,364,False,0.411389410495758
3803,365,False,0.0
1491,366,False,0.0
1803,367,False,0.5687900185585022
654,368,True,0.7394723296165466
705,369,False,0.4698911011219024
1683,370,True,0.7091864347457886
2773,371,False,0.5128728747367859
676,372,False,0.0
4623,373,False,0.3162031173706054
3262,374,False,0.0
1610,375,True,0.774726390838623
3753,376,False,0.7911324501037598
1756,376,False,0.7935588359832764
2030,377,False,0.8141258358955383
1986,377,False,0.817060112953186
4829,378,False,0.0
1524,379,False,0.5879573225975037
483,380,True,0.6673572659492493
3412,381,True,0.6363469362258911
114,382,False,0.0
3936,383,True,0.6327563524246216
2706,384,True,0.6216171383857727
1650,385,False,0.7326734066009521
1936,386,True,0.57525634765625
4919,387,True,0.6621785759925842
4337,388,True,0.7217759490013123
4252,389,False,0.3105440735816955
3130,390,True,0.6944226026535034
3082,391,False,0.610580563545227
2591,392,False,0.0
2403,393,False,0.4895678162574768
3490,394,True,0.7195827960968018
2434,396,True,0.4695357978343963
1300,397,False,0.4604007005691528
3543,398,True,0.550341010093689
2537,399,False,0.544967770576477
3564,400,True,0.6875076293945312
1658,401,False,0.0
2812,402,False,0.0
2792,403,False,0.4097245335578918
4393,404,False,0.0
1160,405,True,0.6595110893249512
4534,406,True,0.7066192626953125
1932,407,True,0.5329793691635132
3609,408,False,0.7248912453651428
1127,410,False,0.7629119157791138
1545,411,True,0.5577435493469238
902,413,True,0.7434760928153992
1415,414,False,0.0
352,415,False,0.0
240,416,True,0.8952498435974121
4424,417,True,0.4379072189331054
4563,418,True,0.5254716873168945
2192,419,True,0.6073058843612671
405,420,True,0.5831128358840942
3635,421,True,0.5904914736747742
2756,422,False,0.7750790119171143
806,423,True,0.6568772196769714
4517,424,False,0.4612970352172851
2203,425,False,0.5781816840171814
1568,426,False,0.4909174144268036
1481,428,False,0.4739784002304077
487,429,True,0.7360605001449585
1304,430,False,0.0
2301,430,False,0.0
2308,431,False,0.6619724631309509
721,433,False,0.0
2069,434,False,0.6271443367004395
4413,435,False,0.5864859819412231
3,436,True,0.5121687650680542
3006,437,True,0.5890683531761169
3362,438,True,0.8577530384063721
2109,439,False,0.0
1982,440,False,0.6469540596008301
4783,441,False,0.6223354935646057
649,441,True,0.6388066411018372
3262,442,False,0.0
4510,443,False,0.4457589387893677
2963,445,False,0.0
3749,446,False,0.0
2490,447,True,0.5806713104248047
3101,448,False,0.5931203365325928
625,448,False,0.4964391589164734
2521,449,True,0.8763126730918884
5039,450,False,0.4359754621982574
1922,451,False,0.4836428761482239
1986,452,False,0.7500594854354858
4165,453,False,0.0
227,454,True,0.7502763867378235
910,455,False,0.4784136414527893
1826,456,True,0.5196386575698853
870,457,True,0.6798040866851807
1665,458,True,0.8256806135177612
2858,459,True,0.705376386642456
1112,460,False,0.0
445,461,False,0.5171983242034912
2004,462,False,0.5321900844573975
2652,463,True,0.7505987882614136
4393,464,False,0.0
3108,465,False,0.0
700,466,True,0.6168205738067627
2255,467,False,0.0
247,468,True,0.5416269898414612
1324,469,True,0.8002070188522339
2168,470,True,0.6980641484260559
4111,471,True,0.7186800837516785
3638,472,True,0.6829432249069214
3031,473,False,0.0
4984,475,False,0.0
4725,476,False,0.5892678499221802
1324,477,False,0.5424660444259644
1764,478,False,0.0
1593,478,False,0.4166088700294494
3979,479,True,0.70762038230896
2391,480,True,0.7618894577026367
3500,481,True,0.6177340745925903
4100,482,True,0.6881592273712158
2969,483,False,0.8066771626472473
1174,483,False,0.7907198071479797
3848,484,False,0.4824900031089782
2046,485,False,0.0
2079,486,False,0.0
4829,487,False,0.0
2210,488,True,0.6710564494132996
4534,489,False,0.555300235748291
1550,490,False,0.0
1506,491,False,0.0
2814,492,False,0.0
414,493,True,0.580177903175354
3229,494,False,0.4625407457351684
565,495,True,0.8521690368652344
1145,496,True,0.5442065000534058
1664,497,True,0.7711912393569946
3468,498,True,0.656941294670105
1283,499,True,0.4776592254638672
245,500,False,0.0
4406,501,False,0.5652550458908081
2760,502,False,0.0
1275,502,False,0.0
3450,503,False,0.6346417665481567
605,504,False,0.0
4986,505,True,0.760549008846283
4946,506,True,0.4656482636928558
1636,507,True,0.7008209228515625
5051,508,False,0.7099391222000122
3503,509,False,0.5598254203796387
271,510,False,0.7206895351409912
1869,511,False,0.5184139013290405
4612,512,False,0.7980823516845703
1272,513,False,0.0
4992,514,True,0.7080410122871399
4578,515,True,0.7008982300758362
4598,516,False,0.0
4527,517,False,0.5045262575149536
4829,518,False,0.0
4630,519,False,0.0
876,521,False,0.4375526010990143
2181,522,False,0.3692374229431152
2340,523,False,0.0
3660,524,True,0.8754456043243408
2467,525,False,0.0
1990,526,False,0.0
2719,527,True,0.8916784524917603
819,528,True,0.7562196254730225
3557,529,False,0.5073692202568054
1202,530,True,0.5176132321357727
4894,531,True,0.700775682926178
1365,532,True,0.6922823786735535
4547,534,True,0.8326517939567566
3976,535,False,0.0
836,536,False,0.457480788230896
3403,537,False,0.0
481,538,False,0.0
3676,539,False,0.0
4695,540,False,0.5247732996940613
1392,541,True,0.5502465963363647
2732,542,True,0.483426958322525
2278,543,True,0.7119059562683105
3107,544,True,0.8302704095840454
4112,545,False,0.0
2581,546,True,0.7365994453430176
1802,547,True,0.6793996095657349
3215,548,False,0.5526998043060303
964,549,False,0.5448693037033081
685,550,True,0.6967114210128784
972,552,True,0.6439027190208435
515,553,True,0.7143805027008057
92,554,False,0.0
4923,555,True,0.6790403127670288
3969,556,True,0.7562198638916016
1638,557,True,0.7495459318161011
3729,558,True,0.7500696182250977
2765,559,False,0.0
1161,560,True,0.8682944774627686
4211,561,True,0.679330050945282
4959,562,True,0.7663769125938416
3980,563,False,0.5431722402572632
3153,563,False,0.5436972379684448
1174,563,False,0.5267468094825745
1127,563,False,0.5520166754722595
895,563,False,0.5303854942321777
1895,564,False,0.0
186,565,False,0.4580457210540771
2859,566,True,0.6755765676498413
1955,567,False,0.5303597450256348
3609,568,False,0.7240663766860962
378,569,True,0.5554161071777344
2476,570,False,0.0
2029,571,True,0.7141988277435303
4598,572,False,0.0
1462,573,False,0.0
3249,574,True,0.651245653629303
4890,575,True,0.660572350025177
2201,576,True,0.4389107823371887
3061,577,True,0.4221592843532562
676,578,False,0.0
4186,579,True,0.7801488041877747
4539,580,False,0.0
380,581,True,0.8314027786254883
426,582,False,0.0
3074,583,False,0.0
3108,584,True,0.7282609939575195
2859,585,False,0.0
2637,586,False,0.0
2340,587,False,0.0
2031,588,True,0.7602949738502502
3612,589,False,0.0
3746,590,True,0.6774474382400513
2915,591,False,0.0
4630,592,False,0.4470691382884979
2452,593,True,0.5649171471595764
3351,594,True,0.5458843111991882
3509,595,True,0.5619436502456665
263,596,False,0.0
2876,597,True,0.7295740842819214
186,598,False,0.3206930458545685
3975,599,False,0.8115464448928833
4165,600,False,0.0
4319,601,False,0.0
2509,603,True,0.6697048544883728
4191,604,True,0.5919464230537415
2016,605,True,0.6224235892295837
4409,607,False,0.5569202899932861
1254,608,True,0.860835611820221
3074,610,False,0.0
1300,611,False,0.0
1790,612,False,0.5606677532196045
3039,613,False,0.5839788913726807
4487,614,True,0.5446312427520752
4953,615,False,0.0
3023,616,False,0.0
2498,617,True,0.5983365774154663
1174,618,False,0.52211594581604
1792,619,False,0.0
3280,620,True,0.7154497504234314
4739,621,False,0.6467028260231018
4073,622,False,0.5055897235870361
273,623,False,0.5894994139671326
1762,625,True,0.779464602470398
3239,626,False,0.0
4829,627,False,0.0
4862,628,True,0.6931791305541992
3016,629,False,0.4919357299804687
1676,630,True,0.4793432950973511
2005,631,False,0.4457728266716003
4423,632,True,0.71979159116745
1518,634,True,0.4792873859405517
1724,635,True,0.6593360900878906
4776,636,False,0.4410716593265533
602,636,False,0.4381746053695678
2303,637,True,0.4811591506004333
2362,638,False,0.4767260551452636
3191,639,False,0.0
1973,639,False,0.0
4119,640,False,0.0
1127,641,False,0.3969713449478149
3004,643,False,0.0
2337,644,True,0.70014488697052
1784,645,True,0.7416109442710876
2043,646,True,0.710908830165863
426,647,True,0.7012904286384583
186,648,False,0.0
4955,649,False,0.0
2894,650,False,0.0
1809,651,True,0.782572865486145
2911,652,True,0.6910260915756226
1334,653,True,0.6145347356796265
1188,654,True,0.7830800414085388
3521,655,False,0.0
1174,656,False,0.7828133702278137
4184,657,False,0.8239465951919556
1834,658,False,0.0
2102,659,True,0.644950270652771
4077,660,False,0.3104272782802582
2209,661,False,0.4236908555030823
2783,662,False,0.5678119659423828
2898,663,False,0.0
4040,664,True,0.6538068652153015
3134,665,True,0.613330602645874
145,666,False,0.0
3769,667,False,0.0
3716,667,False,0.0
3426,668,False,0.6312451362609863
3404,669,False,0.5262489914894104
194,670,True,0.6851839423179626
4935,671,False,0.0
142,672,False,0.0
1342,673,True,0.5407965779304504
2566,674,False,0.5751299262046814
3200,675,False,0.6256909370422363
683,676,False,0.5618687272071838
2842,677,False,0.4454846084117889
4829,678,False,0.0
4798,679,True,0.6558958292007446
1788,680,True,0.5879465937614441
4839,681,False,0.0
4977,682,True,0.3808110952377319
1539,683,False,0.4825873374938965
4957,684,True,0.6382758021354675
4821,685,False,0.4294458031654358
5107,686,False,0.0
3023,687,False,0.0
2345,688,False,0.0
3612,690,False,0.0
5051,691,False,0.7181957960128784
4030,692,True,0.8011199235916138
3491,693,True,0.5778260827064514
2801,694,True,0.5522335767745972
3393,695,False,0.0
2684,696,False,0.0
2487,697,True,0.7320696115493774
2709,698,True,0.4754256010055542
4596,699,True,0.6532554626464844
2030,700,False,0.0
3753,700,False,0.0
3753,701,False,0.7956408262252808
4077,702,False,0.4043387770652771
1188,703,False,0.0
2804,704,False,0.0
402,705,True,0.8684492111206055
3044,706,False,0.4740336835384369
3229,707,False,0.457169234752655
1308,708,True,0.7786697745323181
1286,709,True,0.7545953392982483
2129,710,True,0.9091224670410156
5046,711,False,0.5441745519638062
4254,712,True,0.5060092210769653
4829,713,False,0.0
287,714,True,0.7659786343574524
4075,715,True,0.7412611246109009
781,716,False,0.5266083478927612
4500,717,False,0.443481296300888
5081,718,False,0.0
4486,719,True,0.7731639742851257
638,720,False,0.3855546712875366
4497,721,False,0.5542787909507751
2245,722,False,0.0
1125,723,True,0.7610199451446533
3264,724,False,0.0
586,725,True,0.5948596596717834
4077,726,False,0.3821533024311065
1818,727,False,0.4882779717445373
3247,728,False,0.0
520,729,False,0.0
1849,730,False,0.4790348410606384
4955,731,False,0.0
4768,732,True,0.6720010638237
1253,733,True,0.5459228157997131
42,734,True,0.598915696144104
1043,735,True,0.842450737953186
813,736,True,0.6716538667678833
3180,737,False,0.0
69,738,True,0.5936456918716431
2344,739,False,0.518610954284668
2844,740,False,0.0
4829,741,False,0.0
271,742,False,0.0
755,743,True,0.6267006397247314
2336,744,False,0.0
4897,744,False,0.0
1174,745,False,0.7621419429779053
1694,746,True,0.4735650718212127
1195,747,False,0.5008895397186279
1132,748,False,0.0
2504,749,False,0.5478807091712952
3881,751,False,0.0
4744,752,True,0.5968056917190552
1504,753,True,0.7581992745399475
3503,754,False,0.5717318654060364
2897,755,False,0.0
4084,756,True,0.8144118785858154
4829,757,False,0.0
4255,758,True,0.6026425361633301
30,759,False,0.0
4915,760,True,0.5225237607955933
4931,761,True,0.8854967355728149
4184,762,False,0.7889217734336853
3020,764,True,0.7138057947158813
4689,765,True,0.6928734183311462
4776,766,False,0.4470622539520263
2446,767,True,0.7724527716636658
3059,768,False,0.4889426231384277
4573,769,False,0.0
3023,770,False,0.0
3277,771,False,0.3882747888565063
2898,772,False,0.0
1982,773,False,0.625281035900116
2079,774,False,0.3445987701416015
787,775,True,0.5942109227180481
1640,776,True,0.3542585372924804
2069,777,False,0.0
2745,779,False,0.569229006767273
4010,780,True,0.723160445690155
5051,781,False,0.0
1693,783,True,0.473528504371643
5080,784,True,0.7128130793571472
3164,785,False,0.0
855,786,False,0.0
3676,787,False,0.0
443,788,True,0.667280912399292
307,789,True,0.5830539464950562
1415,790,False,0.0
494,791,True,0.7298930883407593
4716,792,True,0.5505808591842651
4036,793,False,0.0
1964,794,True,0.6524386405944824
4829,795,False,0.0
4841,796,False,0.0
3868,797,False,0.4868843853473663
4983,798,True,0.5418030619621277
2848,799,False,0.5252550840377808
3963,800,False,0.0
2021,801,True,0.4968357980251312
1840,802,True,0.5745790004730225
2551,803,True,0.5462455153465271
4426,804,True,0.7498637437820435
118,805,True,0.6342483758926392
4212,806,True,0.9199085235595704
2328,807,False,0.0
174,808,False,0.0
1757,809,True,0.480484277009964
982,810,True,0.3911886513233185
1585,811,True,0.6803829073905945
3212,812,False,0.5670632719993591
3461,813,True,0.6620301008224487
4532,814,True,0.5815578699111938
3990,815,True,0.682555079460144
2477,816,False,0.0
3609,817,False,0.7445081472396851
2622,818,True,0.5940390825271606
4847,819,False,0.0
4967,820,False,0.6913214325904846
959,821,False,0.0
2,822,True,0.4024967849254608
1113,823,False,0.0
4829,824,False,0.0
629,825,False,0.0
4815,826,True,0.8413686752319336
2214,827,False,0.0
2834,828,False,0.5078016519546509
143,829,True,0.8924022316932678
1935,830,True,0.866242527961731
2080,831,True,0.7313876152038574
1954,832,True,0.5801055431365967
4663,833,True,0.4978092312812805
3580,834,False,0.0
3609,835,False,0.0
1874,837,False,0.5400689840316772
1782,838,False,0.0
2786,839,True,0.8073501586914062
1799,840,True,0.4156007766723633
1448,841,False,0.5591117739677429
1029,842,True,0.690161943435669
2955,843,False,0.0
1694,844,False,0.0
1186,844,False,0.0
154,845,True,0.456262856721878
1216,846,True,0.668609619140625
231,847,False,0.4195705056190491
4552,848,False,0.5762791633605957
3115,849,True,0.7108474969863892
779,850,True,0.555082380771637
4425,851,True,0.4119754433631897
3820,852,True,0.7688508033752441
3302,853,False,0.0
4169,854,True,0.7460798025131226
1986,856,False,0.0
717,857,False,0.0
3861,858,True,0.9023520946502686
1729,859,True,0.3749837577342987
4547,860,False,0.5813767910003662
2579,861,False,0.0
4965,862,False,0.6203782558441162
294,863,False,0.0
554,864,False,0.0
1715,865,False,0.0
4030,866,False,0.7865241765975952
2239,867,True,0.6310712695121765
3000,869,False,0.7646721601486206
2665,870,True,0.7620868682861328
4547,871,False,0.7920466065406799
1600,872,True,0.5760659575462341
591,873,False,0.0
2830,874,True,0.7078686356544495
572,875,False,0.5100491642951965
3910,876,False,0.386164903640747
522,877,True,0.7533472180366516
762,878,True,0.6523412466049194
4477,879,True,0.7375665307044983
3333,880,False,0.0
4920,881,False,0.0
3784,883,False,0.580726146697998
3326,884,False,0.0
629,885,False,0.0
335,886,True,0.8104067444801331
1715,887,False,0.5153359174728394
1779,888,True,0.5483779907226562
594,889,False,0.0
9,890,True,0.7437613606452942
4259,891,True,0.7246333360671997
2989,892,True,0.5002232789993286
653,893,True,0.8345810174942017
350,894,False,0.0
3661,895,False,0.0
823,896,True,0.5317848920822144
2795,897,True,0.4684163928031921
1475,898,False,0.0
2316,899,False,0.0
1772,899,False,0.0
1071,900,False,0.58259117603302
1226,901,True,0.5955033302307129
1063,902,False,0.0
3996,903,True,0.6931998133659363
142,904,False,0.0
1983,905,False,0.0
1039,906,False,0.6686157584190369
5000,907,False,0.0
1666,908,True,0.6360691785812378
2679,909,False,0.0
3049,910,True,0.7683318257331848
278,911,False,0.0
2372,912,True,0.6563408374786377
4580,913,True,0.860103964805603
3150,914,True,0.5507732629776001
5067,915,False,0.5226625204086304
3749,916,False,0.0
4471,917,False,0.0
1756,918,False,0.7962222099304199
3008,919,False,0.0
2109,919,False,0.0
2804,920,False,0.0
5022,921,False,0.5635359287261963
2984,922,False,0.5194247961044312
1916,923,False,0.4830694496631622
4184,924,False,0.7991207242012024
2030,925,True,0.84406977891922
1803,926,True,0.6164174675941467
2791,927,False,0.0
3191,928,False,0.4911001324653625
1973,928,False,0.478286862373352
2097,929,False,0.0
1034,930,True,0.713322103023529
3749,931,False,0.0
3200,932,False,0.35903000831604
2174,933,True,0.7026140093803406
2405,934,True,0.5365923643112183
3879,935,True,0.7093682289123535
535,936,False,0.4315500259399414
523,937,True,0.9051218628883362
1527,938,False,0.474923312664032
2669,939,False,0.0
1818,940,True,0.8067003488540649
2622,941,False,0.0
2654,942,False,0.0
2637,943,False,0.0
3164,944,False,0.0
717,945,False,0.5886399149894714
5051,946,False,0.7261700630187988
5028,947,True,0.5083150863647461
4113,948,True,0.5921587944030762
3101,949,False,0.5870175957679749
625,949,False,0.5928655862808228
2538,950,False,0.0
2467,951,False,0.4976365864276886
316,952,False,0.0
2515,953,True,0.3980433046817779
3661,954,False,0.3288859128952026
4829,955,False,0.0
1952,956,False,0.0
3563,957,True,0.6735901236534119
1523,958,True,0.7079784274101257
823,959,False,0.0
4494,960,True,0.782860517501831
465,961,False,0.0
803,962,False,0.0
3078,963,False,0.0
33,964,False,0.0
4019,965,True,0.6926838755607605
648,966,False,0.0
4914,967,True,0.4338811039924621
5074,968,True,0.5498557090759277
314,969,True,0.6460719704627991
536,970,True,0.3644459545612335
1102,971,False,0.5060494542121887
4184,972,False,0.8007091879844666
2969,972,False,0.8150805830955505
1413,973,False,0.0
464,974,True,0.753591775894165
2330,975,True,0.752639889717102
1888,976,False,0.2632788717746734
1186,978,False,0.0
1177,978,False,0.0
2316,979,False,0.0
719,980,False,0.0
1989,981,False,0.0
2746,982,False,0.0
3007,984,False,0.0
3341,985,True,0.3708604574203491
4179,986,True,0.6653908491134644
3299,987,True,0.7090526819229126
804,988,True,0.5183063745498657
4547,989,False,0.0
1010,990,True,0.5244016647338867
2648,991,False,0.0
2104,993,True,0.425100713968277
1102,994,False,0.5298139452934265
1864,995,False,0.0
375,997,True,0.7530754208564758
284,998,True,0.5176386833190918
4706,999,False,0.5716167688369751
2467,1000,False,0.5295873284339905
4829,1001,False,0.0
3525,1002,True,0.725280225276947
4351,1004,False,0.0
82,1005,True,0.7651561498641968
2350,1006,False,0.0
1186,1007,False,0.0
3162,1008,False,0.0
1205,1009,False,0.4729931354522705
3000,1010,False,0.797850489616394
5051,1011,False,0.7119417190551758
2109,1012,False,0.5994814038276672
886,1013,True,0.5410217642784119
3321,1014,False,0.5123662948608398
4583,1015,False,0.492502748966217
2301,1016,False,0.0
3890,1017,False,0.5581169128417969
717,1018,False,0.647807240486145
1483,1019,True,0.6399142742156982
1694,1020,False,0.0
1186,1020,False,0.0
65,1021,False,0.0
734,1022,False,0.4258232712745666
1039,1024,False,0.6669095754623413
4184,1025,False,0.779350757598877
3078,1025,False,0.0
1186,1026,False,0.0
4548,1027,True,0.8249880075454712
4545,1028,True,0.3993117809295654
3774,1029,False,0.5761675834655762
1415,1030,False,0.0
202,1031,False,0.4650086164474487
2540,1032,False,0.3508715629577636
1386,1033,True,0.6173882484436035
3995,1034,False,0.0
2281,1034,False,0.0
1374,1035,True,0.5530481338500977
3670,1036,True,0.8012558221817017
3979,1037,False,0.7023898363113403
411,1038,True,0.5148245096206665
696,1039,False,0.0
1173,1040,False,0.0
1201,1041,True,0.5194898247718811
4829,1042,False,0.0
2621,1043,True,0.5422552824020386
490,1044,False,0.4905417263507843
4161,1045,False,0.6575899124145508
352,1046,False,0.0
1415,1047,False,0.0
959,1048,False,0.0
156,1049,True,0.8567301034927368
3341,1050,False,0.0
2069,1051,False,0.5264343023300171
673,1053,True,0.7152577042579651
240,1054,False,0.0
3939,1055,False,0.0
1127,1056,False,0.5450105667114258
2519,1057,False,0.0
2225,1058,False,0.0
1696,1059,True,0.4967197179794311
3189,1060,True,0.8015205264091492
3712,1061,True,0.7108751535415649
1011,1062,False,0.0
3302,1063,False,0.0
3406,1064,True,0.8124674558639526
1186,1065,False,0.0
4776,1066,False,0.0
759,1067,False,0.6553876399993896
2308,1068,False,0.5715527534484863
481,1069,False,0.0
2039,1070,False,0.0
1630,1071,False,0.0
969,1072,False,0.0
3817,1073,True,0.6366761326789856
3471,1074,False,0.0
4829,1075,False,0.0
1206,1076,True,1.0
2966,1077,False,0.0
2030,1078,False,0.5636922717094421
3753,1078,False,0.0
4928,1079,True,0.5845735669136047
1833,1080,False,0.0
2679,1081,False,0.0
1563,1082,False,0.0
3164,1083,False,0.0
3837,1084,False,0.6128016710281372
217,1085,True,0.5971007943153381
3605,1086,True,0.5678989887237549
4760,1087,False,0.585074245929718
3099,1088,False,0.0
751,1089,False,0.0
1262,1090,True,0.3372617661952972
2086,1091,True,0.5269835591316223
3617,1092,True,0.8012560606002808
925,1093,True,0.4927022457122803
3753,1094,False,0.7717112302780151
535,1095,True,0.3808614313602447
3450,1096,False,0.5344986915588379
551,1097,True,0.6953842639923096
3192,1098,False,0.3994356393814087
2095,1099,False,0.0
3292,1100,True,0.762772798538208
1174,1101,False,0.0
959,1102,False,0.0
4345,1103,True,0.5476271510124207
4152,1104,False,0.5337182283401489
1430,1105,False,0.0
4702,1106,True,0.4631032049655914
4560,1107,False,0.0
4328,1108,False,0.0
4279,1109,True,0.4608931541442871
1568,1110,True,0.4593082666397095
1428,1111,False,0.0
4762,1112,True,0.7179649472236633
1011,1113,False,0.0
2767,1114,False,0.0
4573,1115,False,0.0
4393,1116,False,0.0
4095,1117,False,0.0
4829,1118,False,0.0
3734,1119,True,0.5198207497596741
524,1120,False,0.6011041402816772
629,1121,False,0.0
3200,1123,False,0.0
1071,1124,False,0.0
3474,1125,False,0.0
1357,1126,False,0.0
392,1127,True,0.5806685090065002
1362,1128,True,0.8420276641845703
3114,1129,False,0.0
1400,1130,True,0.685250997543335
786,1132,True,0.7454178929328918
4996,1133,True,0.7316652536392212
1447,1134,True,0.6978662014007568
3222,1135,True,0.6431287527084351
1784,1136,False,0.6121545433998108
4383,1137,True,0.6706373691558838
4261,1138,False,0.6220592856407166
3381,1139,True,0.5764996409416199
2548,1140,False,0.0
3928,1142,True,0.491223394870758
4260,1143,True,0.4902903139591217
1174,1144,False,0.8062703609466553
3132,1145,True,0.6943356990814209
905,1146,False,0.0
618,1147,True,0.7698934078216553
2804,1148,False,0.0
838,1149,False,0.0
1132,1150,False,0.0
2708,1151,True,0.8157153725624084
4825,1152,True,0.6427678465843201
2244,1153,True,0.5033361911773682
4188,1154,False,0.0
186,1155,False,0.0
1174,1156,False,0.7557591795921326
459,1157,False,0.4602178335189819
1750,1158,True,0.7942481637001038
3040,1159,True,0.66529780626297
4513,1160,False,0.0
3314,1161,False,0.0
4746,1162,True,0.6692522764205933
959,1163,False,0.0
3153,1164,False,0.7738144993782043
1903,1165,False,0.0
1557,1166,False,0.3530761003494262
4304,1167,True,0.7935307025909424
2268,1168,True,0.7583404779434204
1948,1169,False,0.0
2286,1170,True,0.6318418383598328
304,1171,False,0.0
347,1172,False,0.0
4796,1173,False,0.7338122129440308
2633,1175,True,0.4574884176254272
3341,1176,False,0.0
1528,1178,True,0.4842371940612793
1195,1179,False,0.5503659844398499
1069,1180,True,0.5918808579444885
1119,1181,True,0.6152341365814209
3623,1182,True,0.6675677299499512
2502,1183,False,0.6728991270065308
4404,1184,False,0.0
3819,1185,False,0.4400789737701416
3602,1186,False,0.2974576354026794
4829,1187,False,0.0
241,1188,True,0.5874160528182983
4227,1189,False,0.0
3560,1190,False,0.0
2738,1191,True,0.8261470794677734
5026,1192,False,0.5068525671958923
2522,1193,False,0.5647304058074951
3483,1194,False,0.4521520435810089
2791,1195,False,0.0
1539,1196,True,0.73504239320755
3802,1197,False,0.0
1907,1198,True,0.8829562664031982
4829,1199,False,0.0
2443,1200,False,0.4447692036628723
1625,1201,True,0.6883426904678345
1414,1202,False,0.0
5051,1203,False,0.7090109586715698
3026,1204,False,0.0
4257,1205,True,0.6555579304695129
2066,1206,False,0.4559479355812073
3076,1207,False,0.4042083323001861
2223,1208,False,0.5397703647613525
1281,1209,True,0.6236221790313721
1486,1210,False,0.6376413106918335
3649,1211,True,0.5420966744422913
2340,1212,False,0.0
1112,1213,False,0.4770474433898926
4022,1214,False,0.0
1540,1215,False,0.0
4560,1216,True,0.5969598293304443
1486,1217,True,0.5390264987945557
676,1218,False,0.0
746,1219,False,0.0
1053,1220,True,0.8373228311538696
4179,1221,False,0.0
1012,1222,True,0.8761751651763916
5000,1223,True,0.9226634502410888
2780,1224,True,0.8940707445144653
225,1225,True,0.3609322011470794
3836,1226,True,0.5904998779296875
3262,1227,False,0.0
5067,1228,True,0.6061614155769348
3476,1230,False,0.0
4688,1231,True,0.7617471814155579
1963,1232,True,0.5140208005905151
3576,1232,False,0.0
200,1233,False,0.6625847220420837
1197,1234,True,0.6821246147155762
3880,1235,True,0.7820427417755127
2796,1236,True,0.5972083806991577
5078,1237,False,0.0
2763,1238,True,0.8276987075805664
3388,1239,False,0.434666633605957
2261,1240,True,0.6916723251342773
909,1241,False,0.0
1415,1242,False,0.0
1801,1243,True,0.8069348335266113
4796,1244,False,0.7037321925163269
4970,1245,False,0.3880825936794281
2718,1246,False,0.7565351724624634
3074,1247,False,0.0
2722,1248,False,0.4029268622398376
3144,1249,True,0.6294857263565063
3997,1250,True,0.6378597617149353
119,1251,True,0.7331428527832031
4920,1252,False,0.0
1661,1253,True,0.6434406638145447
3381,1254,False,0.3942315578460693
1708,1255,False,0.6104356646537781
1006,1256,True,0.7219299077987671
2964,1257,True,0.7959721088409424
676,1258,False,0.0
1552,1260,False,0.8267881870269775
3336,1261,False,0.0
2065,1262,True,0.7556754946708679
19,1263,True,0.7274896502494812
1127,1264,False,0.0
879,1265,False,0.6329778432846069
2592,1266,True,0.4400177299976349
970,1267,False,0.0
3519,1269,False,0.6567791700363159
4542,1269,False,0.5360575318336487
1413,1270,True,0.904505968093872
4660,1271,False,0.0
2486,1272,True,0.7613160014152527
2132,1274,True,0.5093448162078857
4892,1275,True,0.7953251600265503
1916,1276,False,0.0
2967,1277,True,0.5008586645126343
4849,1279,False,0.0
469,1280,False,0.7989424467086792
1739,1281,False,0.0
2414,1282,False,0.5237964391708374
4245,1283,True,0.8396837711334229
3975,1284,False,0.7624544501304626
5051,1285,True,0.838045597076416
1118,1286,False,0.0
3388,1287,False,0.0
2595,1288,True,0.7540463805198669
3262,1289,False,0.0
4193,1290,False,0.0
4694,1291,True,0.7154730558395386
562,1292,False,0.6527460217475891
2683,1293,True,0.5050109624862671
3301,1294,True,0.7904364466667175
4432,1295,True,0.8888776302337646
4184,1296,False,0.8031893968582153
1375,1297,False,0.0
2357,1298,True,0.4751332104206085
3350,1300,True,0.772000253200531
567,1301,False,0.0
2006,1302,True,0.785528302192688
4831,1303,True,0.7550217509269714
2895,1304,False,0.0
25,1305,False,0.0
4643,1307,False,0.0
3656,1308,False,0.0
4829,1309,False,0.0
4829,1310,False,0.0
4081,1311,False,0.0
1174,1313,False,0.8305489420890808
680,1314,True,0.6482906341552734
4598,1315,False,0.2972649335861206
4896,1316,True,0.4285275936126709
3082,1317,False,0.0
1756,1318,True,0.8313306570053101
2079,1319,True,0.5536296367645264
1510,1320,True,0.4283850491046905
1856,1321,True,0.7700953483581543
2390,1322,True,0.5569350719451904
1234,1323,True,0.6449328660964966
1497,1324,False,0.0
2157,1325,True,0.4703844785690307
481,1326,False,0.0
1415,1327,False,0.0
398,1329,True,0.4910554885864258
180,1330,True,0.6722639203071594
2109,1331,True,0.7088525295257568
727,1332,True,0.4220216870307922
1169,1333,True,0.6424596905708313
1286,1334,False,0.0
2076,1335,True,0.3984267115592956
206,1336,True,0.7065367698669434
2030,1337,False,0.8033084869384766
981,1338,True,0.6905683875083923
3975,1339,False,0.7902557849884033
4987,1340,True,0.6360760927200317
3239,1341,False,0.0
1181,1342,True,0.561515748500824
4790,1343,False,0.0
3010,1344,False,0.5306240320205688
2028,1345,False,0.0
3593,1346,True,0.5833290815353394
3753,1347,False,0.5114104151725769
2030,1347,False,0.5346441864967346
897,1348,True,0.8515703678131104
2956,1349,False,0.0
1508,1350,False,0.0
2076,1351,False,0.0
2283,1352,False,0.0
1321,1352,False,0.0
910,1353,False,0.5930709838867188
3574,1354,False,0.0
3903,1355,True,0.7588335275650024
161,1356,True,0.6494203209877014
2274,1357,True,0.852454423904419
2344,1358,True,0.4930742979049682
721,1359,False,0.0
3743,1360,True,0.6461994051933289
1533,1361,True,0.6434853076934814
4829,1362,False,0.0
4030,1363,False,0.7113705277442932
5051,1365,False,0.5321356654167175
2679,1366,False,0.0
3000,1367,False,0.766823410987854
517,1368,True,0.7503902316093445
3000,1369,False,0.7743842005729675
2123,1370,True,0.6998167037963867
3022,1371,True,0.4361826479434967
1834,1372,False,0.0
2589,1373,False,0.6849101781845093
633,1374,True,0.4404431283473968
2804,1376,False,0.0
4248,1377,False,0.5188761949539185
1186,1378,False,0.0
1648,1380,True,0.7950173020362854
2277,1381,False,0.0
2083,1382,False,0.6322853565216064
3834,1383,False,0.0
4729,1384,False,0.0
1453,1385,True,0.7679705023765564
3833,1386,True,0.606694757938385
4829,1387,False,0.0
2878,1388,True,0.7384074330329895
2625,1389,False,0.0
4698,1390,False,0.0
3228,1391,False,0.0
3145,1393,False,0.4462796449661255
3966,1394,False,0.0
2635,1395,False,0.0
3868,1396,False,0.5019733905792236
638,1397,True,0.650468647480011
1690,1398,True,0.7900445461273193
2426,1399,True,0.3374144434928894
3164,1400,False,0.0
1005,1401,True,0.6060103178024292
186,1402,False,0.0
2684,1403,True,0.8025013208389282
2216,1404,False,0.0
4373,1405,False,0.0
2373,1406,False,0.0
3753,1407,False,0.7380874156951904
1491,1408,True,0.5653738975524902
4522,1409,False,0.4620513617992401
4476,1410,False,0.0
1186,1411,False,0.0
2679,1412,False,0.0
518,1414,True,0.4252040684223175
2736,1415,True,0.5955065488815308
431,1416,True,0.5789507627487183
4190,1417,False,0.0
3180,1418,True,0.820101261138916
2045,1419,True,0.7709221839904785
3488,1420,True,0.7367153763771057
2804,1421,False,0.0
2427,1422,False,0.0
4396,1424,True,0.5722805261611938
798,1425,False,0.0
4796,1426,False,0.7356944680213928
4868,1428,False,0.0
2277,1429,False,0.0
866,1430,True,0.6961162090301514
4598,1431,False,0.0
4829,1432,False,0.0
2281,1434,False,0.5751927495002747
3972,1435,False,0.0
2218,1436,False,0.0
75,1437,True,0.8596277832984924
629,1438,False,0.0
4482,1439,True,0.7091029286384583
637,1440,True,0.7973904609680176
2712,1441,False,0.0
2741,1442,True,0.6941249370574951
129,1443,True,0.6518833041191101
5113,1444,True,0.3569958209991455
2600,1445,True,0.7190865278244019
316,1446,False,0.0
1609,1447,False,0.474551796913147
595,1448,True,0.7076977491378784
4156,1449,False,0.494985967874527
37,1450,True,0.5830063819885254
5000,1451,False,0.5892606973648071
3753,1452,False,0.7386237978935242
2030,1452,False,0.7482796907424927
1756,1452,False,0.7355364561080933
1551,1453,False,0.4200493097305298
677,1454,True,0.6007521152496338
2806,1455,True,0.7251172661781311
3023,1456,False,0.0
1337,1457,False,0.0
4829,1458,False,0.0
4547,1459,False,0.8118095993995667
4184,1459,False,0.8264111280441284
3890,1460,False,0.5402204990386963
136,1461,True,0.7371390461921692
1162,1462,True,0.6298673748970032
994,1463,False,0.4465605616569519
4023,1464,True,0.5671403408050537
370,1465,False,0.6422201991081238
2712,1466,False,0.0
815,1467,False,0.3461320400238037
1343,1467,False,0.3129089176654815
1838,1468,False,0.0
3784,1469,False,0.0
184,1470,True,0.6622433066368103
5023,1471,True,0.5727320909500122
2733,1472,True,0.5715799331665039
5001,1473,True,0.755204439163208
5072,1474,False,0.0
3131,1475,True,0.9053103923797609
2756,1477,True,0.8139820694923401
1433,1478,False,0.0
2216,1479,False,0.0
2023,1481,False,0.4904458224773407
251,1482,True,0.7335309982299805
639,1483,False,0.570849597454071
2834,1484,True,0.5412400960922241
2773,1485,False,0.4751036167144775
2215,1486,False,0.0
1836,1487,True,0.7043898701667786
3516,1488,True,0.7322731018066406
2881,1489,True,0.8194555044174194
2101,1490,False,0.4893528819084167
3341,1491,False,0.0
2611,1492,True,0.5406140089035034
4413,1493,True,0.8163509368896484
33,1494,True,0.8688443899154663
1557,1495,False,0.0
2771,1496,False,0.0
2075,1497,True,0.8650074005126953
1433,1498,False,0.0
5022,1499,True,0.7580874562263489
4624,1500,False,0.795654833316803
3262,1501,False,0.0
2433,1502,False,0.0
5038,1503,False,0.5469003319740295
3145,1504,False,0.4981379508972168
959,1505,False,0.0
2084,1506,True,0.5698631405830383
3734,1507,False,0.7014309167861938
4739,1508,True,0.6602535247802734
3872,1509,True,0.5337786674499512
2791,1510,False,0.0
2117,1511,True,0.5829277038574219
2639,1512,True,0.7320753931999207
3682,1513,False,0.0
3120,1514,True,0.8423800468444824
1398,1515,True,0.5785107612609863
3133,1516,True,0.7686474323272705
1899,1517,True,0.6017073392868042
4808,1518,False,0.0
1921,1519,True,0.6886488199234009
3179,1520,True,0.8440083265304565
524,1521,True,0.7359514236450195
3999,1522,True,0.5825395584106445
1658,1523,True,0.574682354927063
2319,1524,False,0.5772199034690857
3000,1525,False,0.0
3270,1526,True,0.7073531746864319
1336,1527,False,0.7105395793914795
1820,1528,False,0.0
959,1529,False,0.0
1247,1531,False,0.0
269,1532,False,0.4288456439971924
1903,1533,False,0.0
1894,1534,True,0.8419675827026367
3200,1535,False,0.6181041598320007
4122,1536,False,0.0
3466,1537,True,0.7410323619842529
3696,1538,True,0.6180721521377563
2960,1539,True,0.70832759141922
3016,1540,False,0.6564711332321167
2130,1541,True,0.7270368337631226
2332,1542,True,0.6950421333312988
4502,1543,True,0.6389080882072449
4979,1544,True,0.7296390533447266
468,1545,True,0.6419276595115662
4438,1546,False,0.5215171575546265
2302,1547,False,0.0
2364,1548,True,0.8109935522079468
3567,1549,True,0.6050113439559937
4588,1550,True,0.6320115327835083
1868,1551,False,0.6124380826950073
4273,1552,True,0.7530520558357239
4135,1553,True,0.6473586559295654
239,1554,True,0.8314616084098816
1405,1555,False,0.0
25,1555,False,0.0
4245,1556,False,0.4654774069786072
1592,1556,False,0.0
3939,1557,False,0.0
1382,1558,False,0.0
3806,1559,False,0.0
763,1559,False,0.0
1643,1560,False,0.0
2515,1561,False,0.0
1159,1562,True,0.8061069250106812
1786,1563,True,0.8741309642791748
3243,1564,False,0.4518670737743377
3324,1565,True,0.4322629272937774
4030,1566,False,0.0
4393,1567,False,0.0
2898,1568,False,0.0
2125,1569,False,0.0
4334,1570,False,0.0
2616,1571,False,0.544648289680481
2804,1572,False,0.0
2340,1573,False,0.0
3525,1574,False,0.0
319,1575,True,0.8306015729904175
1580,1576,True,0.8947820663452148
4990,1577,True,0.8226543068885803
4525,1578,True,0.6809142231941223
1300,1579,False,0.0
1675,1580,True,0.5937589406967163
676,1581,False,0.0
1110,1582,False,0.6015177369117737
1114,1583,True,0.7593678832054138
2156,1584,True,0.4576518535614013
3975,1585,True,0.8433005809783936
2030,1586,False,0.8037384748458862
4,1587,False,0.0
3517,1588,True,0.5911284685134888
1158,1589,False,0.5650026798248291
1944,1590,False,0.4688057899475097
302,1591,False,0.4812290966510772
574,1592,True,0.7831813097000122
4920,1593,True,0.5823044776916504
4184,1595,False,0.6357907056808472
3850,1596,False,0.4462061822414398
3746,1597,False,0.4518408179283142
406,1599,True,0.4470390081405639
660,1600,True,0.5451368689537048
4981,1601,True,0.7100964188575745
893,1602,False,0.3992932438850403
2983,1603,False,0.0
3328,1604,False,0.0
2274,1605,False,0.4480325579643249
2850,1606,False,0.0
959,1607,False,0.0
1509,1608,False,0.5446041226387024
2963,1609,True,0.4910483956336975
1174,1610,False,0.746662974357605
3599,1611,False,0.0
4095,1612,False,0.0
2682,1613,True,0.7799211144447327
2030,1614,False,0.6026837825775146
4788,1614,False,0.0
3828,1615,True,0.6327745914459229
2853,1616,False,0.5071240663528442
3938,1617,False,0.0
2804,1618,False,0.4555796384811401
2403,1620,False,0.5362273454666138
4753,1621,False,0.4557784795761108
1415,1622,False,0.0
1517,1623,True,0.6571016907691956
3237,1624,True,0.8252725005149841
4930,1625,True,0.6821447610855103
2094,1626,False,0.0
72,1627,True,0.5942768454551697
841,1628,False,0.5773146152496338
4612,1629,False,0.0
4300,1630,True,0.93130224943161
683,1631,True,0.7919586896896362
4800,1632,False,0.4115664362907409
2639,1633,False,0.0
3677,1634,True,0.7619364261627197
4467,1635,False,0.5557481050491333
2810,1636,True,0.4228122532367706
1146,1637,False,0.0
1898,1638,True,0.7535319328308105
2244,1641,False,0.5143117904663086
2576,1642,True,0.7411192655563354
2548,1643,False,0.0
2631,1644,True,0.6668153405189514
2223,1645,True,0.4945208132266998
1705,1646,True,0.6658180952072144
2898,1647,True,0.6598280668258667
4968,1648,True,0.8926469683647156
3326,1649,False,0.0
2727,1650,True,0.4760200977325439
1476,1651,False,0.0
1218,1652,False,0.5290327668190002
4395,1653,False,0.0
481,1654,False,0.0
1710,1656,True,0.4607991278171539
3262,1657,False,0.0
2861,1658,True,0.6452015042304993
4074,1659,False,0.6964927911758423
2963,1660,False,0.0
5051,1661,False,0.7988995313644409
1369,1662,False,0.0
4034,1663,False,0.0
426,1664,False,0.528922438621521
3784,1665,False,0.5420488715171814
1964,1666,False,0.0
2710,1667,False,0.0
58,1668,True,0.6926147937774658
2380,1669,True,0.8432050943374634
185,1671,False,0.3437159657478332
1337,1672,True,0.5982208251953125
2359,1673,True,0.6297146081924438
2289,1674,True,0.4445840120315552
2641,1675,False,0.0
244,1676,True,0.7286046743392944
1759,1677,False,0.5668905973434448
358,1678,True,0.7431209087371826
2216,1679,False,0.0
2942,1680,False,0.623063862323761
3583,1681,True,0.8119342923164368
74,1682,True,0.6263749599456787
2187,1683,True,0.5926828384399414
3191,1684,True,0.8313935995101929
86,1685,False,0.4265049695968628
426,1686,False,0.5572489500045776
1677,1687,True,0.5969811081886292
2667,1688,False,0.5467320084571838
1123,1689,True,0.770553708076477
2985,1690,True,0.5355831384658813
68,1691,False,0.4603223502635956
1643,1692,False,0.0
3190,1693,True,0.6807484030723572
41,1694,True,0.8483496308326721
467,1695,True,0.585708498954773
3338,1696,False,0.0
1127,1697,False,0.8147669434547424
1613,1698,False,0.0
25,1699,False,0.4881813526153564
3438,1700,False,0.1442130208015442
4551,1701,False,0.0
1888,1702,True,0.6945173144340515
2272,1703,False,0.5748283863067627
737,1704,False,0.0
83,1705,False,0.3839277029037475
4772,1706,False,0.0
721,1707,True,0.5218456983566284
4709,1708,True,0.7136449217796326
1282,1709,True,0.8501602411270142
1659,1710,False,0.0
4507,1711,False,0.0
33,1712,False,0.0
2568,1713,True,0.6576662659645081
1479,1714,True,0.5493538975715637
2503,1715,True,0.6298304796218872
1139,1716,False,0.4167115986347198
2822,1717,True,0.7400320172309875
4577,1718,True,0.5664141774177551
2607,1719,True,0.739484965801239
1719,1720,True,0.6749104261398315
4966,1721,False,0.0
2607,1723,False,0.5041471719741821
4184,1724,False,0.795818030834198
1564,1725,False,0.0
4393,1726,False,0.0
3598,1727,True,0.7231804132461548
1365,1728,False,0.0
2079,1729,False,0.0
4612,1730,False,0.7391588091850281
3609,1730,False,0.0
3245,1731,False,0.4186274409294128
4705,1732,False,0.0
4829,1733,False,0.0
1785,1734,False,0.0
5006,1735,False,0.0
529,1735,True,0.668205976486206
629,1736,False,0.0
2283,1737,False,0.0
1321,1737,False,0.0
1177,1738,False,0.0
3982,1739,True,0.7747085094451904
2028,1740,False,0.0
1354,1741,True,0.7706481218338013
692,1742,True,0.7148662805557251
1506,1743,True,0.8086156249046326
3838,1744,True,0.3414435982704162
2217,1745,True,0.8452538251876831
1219,1746,True,0.5763557553291321
1258,1747,False,0.4650258421897888
3900,1748,False,0.4583271741867065
3663,1749,False,0.0
3790,1750,False,0.4594143629074096
3753,1751,False,0.7572709321975708
2030,1751,False,0.7595296502113342
1756,1751,False,0.752978503704071
1630,1753,False,0.0
4936,1754,False,0.0
3693,1755,True,0.6721356511116028
631,1756,False,0.0
910,1757,False,0.0
3519,1759,False,0.5836292505264282
1470,1760,True,0.5629975199699402
3683,1761,True,0.8322986364364624
3082,1762,False,0.0
2837,1763,True,0.628233015537262
169,1764,True,0.6726747751235962
5105,1765,True,0.6677479147911072
1841,1766,False,0.0
1478,1767,True,0.6504607200622559
2356,1768,True,0.5778950452804565
605,1769,True,0.3724483549594879
4997,1771,True,0.8130605816841125
18,1772,False,0.0
4184,1773,False,0.5383591651916504
1127,1773,False,0.5241880416870117
97,1773,False,0.5192583799362183
3197,1774,True,0.448509007692337
1381,1774,False,0.0
4376,1775,False,0.4905835092067718
4965,1776,False,0.6000314950942993
1608,1777,False,0.0
4000,1778,False,0.0
1486,1779,False,0.5195018649101257
4829,1780,False,0.0
1550,1781,True,0.6764301061630249
682,1782,False,0.595926821231842
1428,1783,False,0.0
2094,1784,False,0.0
4712,1785,True,0.857437014579773
1177,1786,False,0.0
2805,1787,True,0.4052146673202514
2531,1788,True,0.727064847946167
1560,1789,True,0.7694462537765503
1415,1791,False,0.0
2477,1792,False,0.0
1258,1793,False,0.0
2538,1794,False,0.0
1127,1795,False,0.8181699514389038
3185,1796,False,0.0
676,1797,False,0.0
2372,1799,False,0.516377329826355
3211,1801,False,0.0
2644,1802,True,0.5914351940155029
186,1803,True,0.4878041446208954
1994,1804,False,0.0
3679,1805,False,0.6850732564926147
3262,1806,False,0.0
4471,1807,True,0.7751472592353821
3975,1808,False,0.8190492391586304
1967,1809,False,0.0
139,1810,True,0.5977203845977783
2320,1811,False,0.4396710991859436
4555,1812,True,0.7115416526794434
4965,1813,False,0.4234406054019928
4059,1814,True,0.5625012516975403
3796,1815,False,0.0
3107,1816,False,0.5689715147018433
3370,1817,True,0.5722238421440125
3454,1818,True,0.7720849514007568
1604,1819,True,0.8199368119239807
4184,1820,False,0.5661373138427734
2669,1821,False,0.0
1785,1822,False,0.0
4174,1823,False,0.0
481,1824,False,0.0
4165,1825,False,0.0
3278,1826,True,0.6578197479248047
2620,1827,False,0.0
1785,1828,False,0.0
841,1829,False,0.4918311238288879
1826,1830,False,0.0
3558,1831,True,0.4924239814281463
4124,1832,False,0.0
3040,1833,False,0.5288088917732239
3988,1834,False,0.0
2335,1835,False,0.0
3087,1836,True,0.6888189911842346
3074,1837,False,0.0
1465,1838,False,0.0
3082,1839,False,0.0
2477,1840,False,0.5835450291633606
1895,1841,False,0.0
676,1842,False,0.0
4788,1843,False,0.0
4327,1844,False,0.0
540,1845,True,0.7552487254142761
2589,1846,False,0.0
5002,1847,False,0.7760444283485413
2324,1848,False,0.0
2277,1849,False,0.5374279618263245
1415,1850,False,0.0
5116,1851,False,0.4811108410358429
1057,1852,True,0.7936750650405884
5048,1853,False,0.0
4762,1854,False,0.0
4077,1855,False,0.2267551720142364
3191,1856,False,0.4487809538841247
1973,1856,False,0.4629397392272949
3074,1857,False,0.0
3030,1858,True,0.6862179040908813
2804,1859,False,0.0
2554,1860,False,0.0
3234,1861,False,0.0
956,1863,True,0.7106611728668213
718,1864,False,0.0
4711,1865,False,0.0
3200,1866,True,0.6259549856185913
2848,1867,False,0.5259104371070862
2744,1868,True,0.7140806913375854
3478,1869,False,0.0
2922,1870,True,0.6150386333465576
4960,1872,True,0.6817328929901123
3758,1873,True,0.5525423288345337
1797,1874,True,0.5527689456939697
3799,1875,True,0.6423956155776978
4373,1876,True,0.7260611057281494
789,1877,True,0.5782901644706726
5029,1878,False,0.0
3039,1879,False,0.6313247680664062
4393,1880,False,0.0
282,1881,True,0.6169966459274292
1667,1882,True,0.7713499665260315
4261,1883,True,0.6250121593475342
204,1885,False,0.4492802321910858
697,1886,False,0.5802044868469238
481,1887,False,0.0
4001,1888,True,0.4938482046127319
3000,1889,False,0.0
2414,1890,False,0.7584410905838013
34,1891,False,0.0
1586,1892,True,0.6495230793952942
257,1893,True,0.6486913561820984
1512,1894,False,0.6728702187538147
3612,1895,False,0.0
5051,1896,False,0.0
5051,1897,False,0.7957002520561218
5016,1898,False,0.455625057220459
3857,1899,False,0.0
5041,1900,True,0.6546863317489624
1604,1901,False,0.0
3571,1902,True,0.6244974732398987
1981,1903,False,0.4450623989105224
97,1904,False,0.7831928133964539
4077,1905,False,0.3702762126922607
4811,1906,True,0.6843056082725525
807,1907,False,0.0
639,1908,False,0.7211053967475891
2804,1909,False,0.0
2298,1910,True,0.6699144244194031
2543,1912,True,0.7391006946563721
1553,1913,True,0.7920677661895752
4183,1914,True,0.5090511441230774
5102,1916,False,0.0
1661,1917,False,0.5715831518173218
4130,1918,True,0.8634725213050842
4807,1919,False,0.5916268825531006
1781,1920,False,0.0
2620,1922,False,0.0
4551,1923,False,0.0
147,1924,True,0.693516731262207
1783,1925,True,0.691892683506012
72,1926,False,0.0
910,1928,False,0.5207592248916626
1509,1929,True,0.6980193257331848
132,1930,True,0.8992794752120972
3214,1931,True,0.7273213863372803
4921,1932,True,0.7673372030258179
1420,1933,True,0.7348991632461548
986,1934,False,0.5950415134429932
4860,1935,True,0.7818902730941772
2477,1936,False,0.6123891472816467
1020,1937,True,0.6915945410728455
1322,1938,False,0.0
4077,1939,False,0.3229492902755737
2566,1940,False,0.5161726474761963
1756,1941,False,0.8005601763725281
1174,1942,False,0.735435962677002
2760,1943,True,0.6895859241485596
3456,1944,True,0.4214080572128296
959,1945,False,0.0
582,1946,True,0.5063439011573792
4904,1947,False,0.4036857485771179
2566,1949,False,0.5653480291366577
2384,1950,False,0.0
2294,1951,True,0.7523482441902161
4165,1952,False,0.0
3939,1953,False,0.0
747,1954,False,0.0
1694,1955,False,0.0
3939,1956,False,0.4148838520050049
832,1957,True,0.4585490822792053
4411,1958,False,0.0
3170,1959,True,0.5897587537765503
2760,1960,False,0.0
1275,1960,True,0.4398931264877319
606,1961,True,0.5072662830352783
4679,1962,False,0.0
958,1962,False,0.4523589611053467
1248,1963,True,0.7911877632141113
3753,1964,False,0.7750526070594788
3725,1965,True,0.5404586791992188
4617,1966,True,0.4863329529762268
4808,1967,False,0.0
1568,1968,False,0.4807431399822235
1637,1969,True,0.7779150605201721
3912,1970,True,0.7357790470123291
2976,1971,True,0.7089939117431641
1139,1972,True,0.5945022702217102
3191,1973,False,0.457862913608551
1973,1973,False,0.4384829998016357
2639,1974,False,0.3507453501224518
1878,1975,True,0.5920103192329407
239,1976,False,0.5377882719039917
2179,1979,True,0.4599536657333374
3860,1980,False,0.0
4082,1981,True,0.7758088111877441
1524,1982,True,0.6886091828346252
2782,1983,False,0.0
1945,1984,True,0.7174465656280518
604,1985,True,0.8622232675552368
3239,1986,False,0.4842425584793091
481,1987,False,0.0
2192,1988,False,0.5412601232528687
639,1989,True,1.0000001192092896
2998,1990,False,0.0
208,1991,False,0.4913787543773651
2283,1992,False,0.0
1321,1992,False,0.0
4332,1993,True,0.5244803428649902
4868,1994,False,0.4746552407741546
3796,1995,False,0.0
4883,1996,True,0.7062591314315796
1803,1997,False,0.4890037178993225
2669,1998,False,0.0
4309,1999,True,0.7420884966850281
1728,2000,True,0.666096568107605
1430,2001,False,0.0
917,2002,True,0.5075205564498901
2679,2003,False,0.0
481,2004,False,0.0
1840,2005,False,0.5014886856079102
836,2006,False,0.5094806551933289
3578,2007,True,0.5833821892738342
994,2008,True,0.748361349105835
3932,2009,True,0.6814975738525391
2470,2010,True,0.34360271692276
3839,2011,True,0.5416562557220459
2223,2012,False,0.0
4184,2013,False,0.7977015972137451
2263,2015,True,0.6795300841331482
774,2016,False,0.0
5017,2017,False,0.0
4727,2019,True,0.7034829258918762
172,2020,False,0.0
1174,2021,False,0.7992611527442932
1111,2022,False,0.0
204,2023,True,0.5247102379798889
970,2024,False,0.0
4860,2025,False,0.0
3609,2026,True,0.7854191064834595
3004,2027,True,0.6075583100318909
2085,2028,False,0.0
1776,2029,False,0.0
67,2030,False,0.0
959,2031,False,0.0
629,2034,False,0.0
1343,2035,True,0.772955060005188
1433,2036,False,0.0
1630,2037,True,0.7495862245559692
3908,2038,False,0.0
1660,2039,True,0.7545934319496155
4435,2040,True,0.7198145985603333
793,2041,True,0.4581876397132873
2597,2042,True,0.5461519360542297
1142,2043,False,0.0
4969,2044,True,0.7042355537414551
855,2045,False,0.0
2482,2046,True,0.6150338649749756
2202,2047,False,0.5479945540428162
4564,2048,True,0.5983887910842896
1357,2049,False,0.0
3721,2050,True,0.6223135590553284
432,2051,False,0.5311436653137207
1091,2052,False,0.5532703399658203
1734,2053,True,0.7797485589981079
1434,2054,True,0.7553174495697021
4878,2055,True,0.8157980442047119
2672,2056,True,0.5816787481307983
2109,2057,False,0.0
3854,2058,False,0.0
1336,2059,True,0.4023794531822204
4583,2060,False,0.4422003626823425
4829,2062,False,0.0
3245,2063,True,0.7852176427841187
4630,2064,True,0.4627907574176788
4178,2065,True,0.9059158563613892
4546,2066,True,0.6188218593597412
2312,2067,True,0.4965289235115051
936,2068,False,0.0
3074,2069,False,0.0
960,2070,False,0.0
1037,2071,True,0.5749682188034058
4165,2072,False,0.0
3450,2073,False,0.4061485826969147
1336,2074,False,0.7040407657623291
5051,2075,False,0.7770540118217468
3975,2076,False,0.7530370950698853
3821,2077,True,0.6884806752204895
4868,2078,True,0.8498523235321045
4012,2079,True,0.6342967748641968
325,2080,True,0.5543049573898315
959,2081,False,0.0
3057,2082,False,0.0
924,2083,True,0.6111608743667603
833,2084,True,0.5106733441352844
663,2085,True,0.8006013631820679
1315,2086,False,0.0
1086,2087,True,0.8536983728408813
4857,2088,True,0.7330734729766846
1461,2089,False,0.0
1187,2090,False,0.0
618,2091,False,0.0
3262,2092,False,0.0
2669,2093,False,0.0
2263,2094,False,0.4452413916587829
417,2096,True,0.7293807864189148
3039,2097,True,0.605204164981842
2066,2098,True,0.7248780727386475
440,2099,True,0.4343432784080505
2679,2101,False,0.0
4690,2102,False,0.5647104978561401
5038,2103,False,0.6400371789932251
5012,2104,False,0.0
4664,2105,True,0.894099235534668
3683,2106,False,0.0
2820,2107,True,0.7455388903617859
2191,2108,True,0.7245262861251831
910,2109,False,0.0
2794,2110,False,0.0
2570,2111,True,0.7326377630233765
1428,2112,False,0.414801687002182
111,2113,False,0.0
2746,2114,False,0.0
3074,2115,False,0.0
13,2116,False,0.6463990807533264
3039,2117,False,0.5114603042602539
4184,2118,False,0.8102758526802063
4940,2119,True,0.6992038488388062
4252,2120,False,0.0
2791,2121,False,0.0
1458,2122,True,0.5600360631942749
2322,2123,True,0.5541319847106934
3200,2124,False,0.4974409937858581
155,2125,False,0.507050633430481
4637,2126,True,0.8309266567230225
3562,2127,True,0.5047109723091125
2060,2128,True,0.7725034952163696
4955,2129,True,0.7986556887626648
3778,2130,False,0.0
3063,2131,False,0.0
3153,2133,False,0.7767753601074219
1174,2133,False,0.7805050611495972
895,2133,False,0.7878077626228333
5002,2134,True,0.8122411966323853
4184,2135,False,0.7959002256393433
2216,2136,False,0.0
2800,2138,True,0.6856381893157959
4520,2139,False,0.5293907523155212
2912,2140,False,0.0
2969,2141,False,0.0
1127,2141,False,0.0
5042,2142,True,0.5102359652519226
2628,2144,True,0.741484522819519
4967,2145,False,0.4808346629142761
3004,2146,False,0.0
2403,2147,False,0.0
854,2148,True,0.8008288145065308
2120,2149,True,0.5438106060028076
4328,2150,False,0.5378985404968262
3661,2151,True,0.4743392765522003
3045,2152,True,0.512242317199707
489,2153,True,0.4838116765022278
3546,2154,True,0.723619282245636
2856,2155,False,0.4631704688072204
291,2156,True,0.710772693157196
1552,2157,False,0.5277592539787292
4445,2158,False,0.5093054175376892
4948,2159,True,0.4311110973358154
4623,2160,True,0.7584418654441833
3677,2161,False,0.6262530088424683
2445,2162,True,0.6887738704681396
1124,2163,False,0.0
97,2165,True,0.8069558143615723
910,2166,False,0.0
4117,2167,True,0.8053091764450073
45,2168,True,0.8029116988182068
4693,2169,False,0.0
5098,2170,False,0.5955231189727783
2804,2171,False,0.0
3023,2172,False,0.0
3711,2173,True,0.7525571584701538
4776,2174,False,0.0
602,2174,False,0.0
3689,2175,True,0.615166187286377
2745,2176,False,0.6459313631057739
2652,2177,False,0.4619560241699219
3416,2178,False,0.3750916123390198
2615,2179,True,0.4827738404273987
426,2180,False,0.6578295230865479
3777,2181,True,0.5378423929214478
3467,2182,True,0.7256177663803101
5081,2184,True,0.5206295251846313
803,2185,False,0.3742191195487976
2623,2186,True,1.000000238418579
4656,2187,False,0.0
333,2188,False,0.0
753,2189,True,0.7565774917602539
2868,2190,True,0.9999998211860656
273,2191,False,0.471992015838623
3701,2192,False,0.497941255569458
1568,2193,False,0.4774087071418762
3675,2194,False,0.0
727,2195,False,0.0
3853,2197,False,0.5338599681854248
539,2198,True,0.5429238677024841
4829,2199,False,0.0
910,2200,False,0.0
1823,2201,True,0.6875797510147095
3661,2202,False,0.0
1860,2203,True,0.5535284876823425
3664,2204,False,0.0
4077,2205,False,0.373537003993988
3325,2207,True,0.6325682401657104
1063,2208,False,0.4440162181854248
4184,2209,False,0.7909320592880249
3318,2210,False,0.0
266,2210,False,0.0
1564,2211,False,0.5219622850418091
3674,2212,False,0.6068571209907532
5113,2213,False,0.0
686,2214,False,0.0
3889,2215,True,0.4571853280067444
3001,2216,False,0.0
4772,2217,False,0.0
2540,2218,False,0.4476980566978454
496,2219,False,0.36383718252182
2823,2220,True,0.4123814105987549
3753,2221,False,0.5800177454948425
1756,2221,False,0.5707911849021912
2030,2221,False,0.5731696486473083
3054,2222,True,0.6405283808708191
2216,2223,False,0.0
4013,2224,True,0.7221453189849854
4583,2225,False,0.0
186,2226,False,0.0
4233,2227,True,0.7969608902931213
4831,2228,False,0.5364712476730347
5033,2229,False,0.0
644,2230,False,0.0
4812,2231,False,0.5757337212562561
2299,2232,False,0.7444015145301819
2904,2233,True,0.8513855934143066
4552,2234,False,0.6729655861854553
4159,2235,False,0.0
4493,2236,True,0.520884096622467
4202,2237,False,0.0
4252,2238,False,0.6281434893608093
2651,2239,False,0.4366586804389953
4982,2240,False,0.0
1776,2241,False,0.0
978,2242,False,0.0
2639,2243,False,0.0
3058,2244,False,0.0
4965,2245,False,0.0
4001,2246,False,0.0
624,2247,False,0.5217258930206299
3484,2248,True,0.8686792850494385
959,2249,False,0.0
4030,2250,False,0.0
1758,2251,False,0.0
4713,2252,False,0.0
4165,2253,False,0.4460872411727905
608,2254,False,0.0
2350,2255,False,0.548802375793457
943,2256,True,0.5863906741142273
3536,2257,False,0.0
4397,2258,True,0.5493478178977966
706,2259,False,0.0
3688,2260,True,0.4722632467746734
1587,2261,True,0.8206986784934998
2182,2262,True,0.7705265283584595
766,2263,False,0.5246562361717224
3454,2264,False,0.5098074078559875
4057,2265,True,0.7115627527236938
3302,2266,False,0.0
1186,2267,False,0.0
2477,2268,False,0.0
2557,2269,False,0.0
5057,2270,False,0.4473254978656769
481,2271,False,0.0
3995,2272,True,0.4962567985057831
1953,2273,True,0.696892261505127
4829,2274,False,0.0
2166,2275,True,0.9999998807907104
3229,2276,False,0.0
2480,2277,False,0.0
1694,2278,False,0.0
2884,2279,False,0.0
1115,2280,True,0.6733745336532593
186,2281,False,0.0
3471,2282,False,0.4163493812084198
2453,2283,True,0.6341280937194824
4,2284,True,0.5919520854949951
3273,2285,True,0.7283505201339722
3868,2286,False,0.0
1320,2287,False,0.0
3449,2288,True,0.6448434591293335
5110,2289,True,0.7205390930175781
3153,2290,False,0.7976090312004089
2170,2291,False,0.0
4260,2291,False,0.0
221,2292,True,0.5808855891227722
996,2293,False,0.381173312664032
3346,2294,True,0.5584904551506042
4821,2295,False,0.0
4439,2296,True,0.8296017050743103
403,2297,False,0.0
3061,2298,False,0.0
4612,2299,False,0.8290282487869263
3326,2300,False,0.0
3467,2301,False,0.5847650766372681
4704,2303,False,0.4947031140327453
2679,2304,False,0.0
379,2305,True,0.8009135723114014
274,2307,True,0.863257646560669
369,2308,True,0.506662130355835
3860,2309,False,0.0
2407,2310,False,0.4662527441978454
4620,2311,False,0.6044226288795471
959,2312,False,0.0
1708,2313,False,0.5841566920280457
4235,2315,False,0.0
1130,2316,False,0.5241917371749878
3538,2317,True,0.5912729501724243
4031,2318,False,0.0
2147,2319,True,0.5983605980873108
1225,2320,True,0.6576381921768188
1369,2321,False,0.0
3603,2322,True,0.4690315127372741
5054,2323,False,0.7274919152259827
3082,2323,True,0.7097384333610535
566,2324,False,0.0
2918,2325,False,0.0
991,2326,True,0.5171612501144409
3441,2327,False,0.524139940738678
3665,2328,True,0.7443898320198059
4598,2329,False,0.0
4829,2330,False,0.0
967,2331,True,0.6006529927253723
228,2332,False,0.3937745094299316
984,2333,False,0.0
2223,2334,False,0.4887484312057495
5107,2335,False,0.0
4877,2336,False,0.0
1045,2337,True,0.615641713142395
2988,2338,True,0.752140462398529
609,2339,True,0.4451630115509033
4184,2340,False,0.8093754649162292
1203,2341,True,0.486752986907959
2304,2342,True,0.70136958360672
5048,2343,True,0.554085373878479
2049,2345,False,0.0
3096,2346,False,0.4975923895835876
361,2347,True,0.7134087085723877
2566,2348,True,0.6693840026855469
3753,2349,False,0.7645395398139954
2030,2349,False,0.775810182094574
1756,2349,False,0.7643623352050781
3009,2350,False,0.4137710928916931
3749,2351,True,0.5931512117385864
2872,2353,False,0.0
1568,2354,False,0.4793562591075897
2472,2355,True,0.7702381610870361
2101,2356,False,0.0
4809,2358,False,0.0
3023,2359,False,0.4829106330871582
4800,2360,False,0.0
3895,2361,False,0.5529357194900513
1474,2362,True,0.7437187433242798
1126,2363,True,0.4487009644508362
2718,2364,False,0.6864016056060791
2149,2365,True,0.3873398900032043
186,2366,False,0.4236287474632263
3779,2367,True,0.7581400871276855
4034,2368,False,0.0
3326,2368,False,0.0
2634,2369,False,0.0
676,2370,False,0.0
959,2371,False,0.4294323325157165
1706,2372,True,0.8899317383766174
1540,2373,True,0.5541730523109436
4193,2374,True,0.7469261884689331
1520,2375,False,0.4752910733222961
112,2376,True,0.3263565003871918
2256,2377,False,0.3537498116493225
2271,2378,True,0.7791184186935425
2718,2379,False,0.8114055395126343
1067,2380,True,0.7707354426383972
4848,2381,False,0.0
1986,2382,False,0.5152531862258911
1407,2383,False,0.0
2004,2384,False,0.5745901465415955
4143,2385,False,0.0
1074,2386,True,0.7035115361213684
1804,2387,True,0.7476498484611511
4655,2388,True,0.6804376840591431
4461,2389,False,0.0
3212,2390,False,0.6354733109474182
4053,2391,False,0.5517945289611816
3294,2392,False,0.0
4374,2393,True,0.6807927489280701
345,2394,False,0.4162327647209167
1517,2395,False,0.6251547336578369
4447,2396,False,0.0
3580,2397,False,0.0
2994,2398,True,0.5071197748184204
3076,2399,True,0.4764360785484314
1177,2400,False,0.0
3032,2401,False,0.6456727385520935
1524,2401,False,0.6231154799461365
1177,2402,True,0.5440869331359863
5068,2403,True,0.4212325513362884
2109,2404,False,0.0
3829,2405,True,0.68389493227005
5026,2406,False,0.5883625745773315
4077,2407,True,0.7452870607376099
446,2408,False,0.0
3381,2409,False,0.531029999256134
1486,2413,False,0.5448784828186035
4515,2414,True,0.8351075649261475
64,2415,True,0.8266816735267639
3121,2416,True,0.4462220668792724
4053,2417,True,0.7205209136009216
4292,2418,False,0.500952422618866
4559,2419,False,0.0
4184,2421,False,0.7818688154220581
1174,2422,False,0.8021049499511719
3701,2424,True,0.5077497363090515
2142,2425,False,0.4830520749092102
2403,2426,False,0.0
379,2427,False,0.0
3272,2428,False,0.0
2340,2429,False,0.0
1177,2429,False,0.0
1626,2430,False,0.513282060623169
1814,2431,False,0.0
2746,2433,False,0.0
249,2434,False,0.0
629,2435,False,0.0
2897,2436,True,0.8561892509460449
4598,2437,False,0.0
4046,2438,True,0.6508888602256775
4344,2439,True,0.8226942420005798
2668,2440,True,0.8301609754562378
2431,2441,True,0.8743069171905518
5097,2442,False,0.0
1174,2443,False,0.8194459080696106
4821,2444,True,0.4311176538467407
4430,2445,True,0.5885270833969116
3749,2446,False,0.0
1099,2447,False,0.400977224111557
4119,2448,True,1.0
2745,2449,False,0.7282389402389526
879,2450,True,0.6969558000564575
516,2451,True,0.7092962265014648
1315,2452,False,0.0
921,2452,False,0.0
1946,2453,False,0.6493833065032959
5117,2455,True,0.6761638522148132
1673,2456,False,0.0
1039,2457,False,0.5465960502624512
2565,2458,True,0.7751451730728149
3876,2460,True,0.5753154754638672
3489,2461,True,0.5995144844055176
2718,2462,False,0.7283974885940552
693,2463,True,0.7438452243804932
3682,2464,False,0.0
3082,2465,False,0.0
3749,2466,False,0.0
4478,2467,True,0.7838557958602905
4643,2468,False,0.0
3149,2469,True,0.8392630219459534
832,2470,False,0.0
432,2471,False,0.4957015514373779
3902,2472,False,0.0
3078,2473,False,0.0
910,2474,False,0.0
3450,2475,True,0.720425009727478
1630,2476,False,0.0
4609,2478,False,0.0
2540,2479,False,0.3772641718387604
4891,2480,True,0.4246450662612915
4177,2481,True,0.6242647171020508
1886,2483,True,0.5846046209335327
772,2484,True,0.8266158103942871
3102,2485,True,0.7502847909927368
1536,2486,True,0.6958365440368652
4239,2487,True,0.806357741355896
893,2488,False,0.6425092220306396
4416,2489,False,0.4814708530902862
4261,2490,False,0.7296427488327026
83,2491,False,0.0
811,2492,True,0.8529843688011169
2150,2494,True,0.8036864995956421
3661,2495,False,0.0
3406,2496,False,0.0
1565,2498,False,0.0
802,2499,True,0.6670159101486206
4460,2500,False,0.0
2540,2501,False,0.4972268939018249
2301,2502,False,0.0
216,2503,True,0.8822300434112549
1223,2504,True,0.8241329193115234
207,2505,True,0.771669864654541
4674,2506,False,0.0
1838,2507,True,0.4651510715484619
3471,2508,False,0.0
4900,2509,True,0.5785251259803772
910,2510,False,0.5025745630264282
642,2511,False,0.0
2308,2512,True,0.4580707550048828
1960,2513,False,0.0
1272,2514,True,0.56022047996521
4131,2515,False,0.0
1174,2516,False,0.7986813187599182
275,2517,True,0.5356848835945129
4393,2518,False,0.0
2845,2519,True,0.6050735712051392
3784,2521,False,0.6332908868789673
523,2522,False,0.0
3818,2523,True,0.5112771987915039
3082,2524,False,0.0
4040,2525,False,0.0
4597,2526,True,0.5953285098075867
641,2527,False,0.4997870326042175
2783,2528,True,0.7185059189796448
4876,2529,True,0.728932797908783
83,2530,False,0.0
3892,2531,True,0.7600124478340149
5024,2532,False,0.0
1037,2533,False,0.0
598,2536,False,0.0
1174,2537,False,0.781067967414856
4812,2538,False,0.6915128231048584
3411,2539,True,0.6515598297119141
3975,2540,False,0.781936526298523
3753,2540,True,0.8483263254165649
3975,2541,False,0.7729660868644714
2970,2542,True,0.8011846542358398
4623,2543,False,0.5133665800094604
2423,2544,True,0.5911382436752319
124,2545,False,0.0
3486,2546,False,0.0
3025,2547,False,0.0
613,2548,True,0.6595068573951721
1616,2549,False,0.0
3659,2550,True,0.702897846698761
5026,2551,False,0.5045363903045654
3404,2552,True,0.7165259122848511
4897,2553,True,0.626888632774353
4195,2554,True,0.4508696794509887
1963,2555,False,0.0
294,2556,True,0.7992281913757324
3471,2557,False,0.0
4530,2558,True,0.7474217414855957
3434,2559,False,0.0
3346,2560,False,0.0
3418,2561,True,0.78012615442276
4636,2562,True,0.6283857226371765
2652,2563,False,0.591780424118042
1698,2564,True,0.4917899966239929
4829,2565,False,0.0
1238,2566,True,0.6725929379463196
4423,2567,False,0.0
2248,2568,False,0.0
5051,2569,False,0.6989870071411133
2781,2571,True,0.6349272727966309
4245,2572,False,0.4689765572547912
1592,2572,False,0.5143684148788452
432,2573,True,0.4883872866630554
4215,2574,True,0.5794950127601624
4547,2575,False,0.0
1986,2576,True,0.8334379196166992
4547,2577,False,0.7896182537078857
3773,2578,True,0.8120532035827637
4128,2579,True,0.4855079352855682
994,2580,False,0.0
2734,2581,False,0.0
2345,2582,True,0.755260705947876
3937,2583,False,0.0
1264,2584,True,0.7686241269111633
1978,2585,True,0.6556287407875061
4619,2586,True,0.8309555053710938
638,2587,False,0.5414771437644958
2871,2588,False,0.0
4351,2589,True,0.5332422256469727
1127,2590,False,0.5198383927345276
2361,2591,True,0.5208027362823486
2887,2592,True,0.7433841228485107
3179,2593,False,0.4076054394245147
1568,2594,False,0.5174371004104614
3937,2595,True,0.4304624199867248
2002,2596,False,0.0
1375,2597,False,0.5299741625785828
490,2598,False,0.6297881007194519
3675,2599,False,0.4459666907787323
4745,2600,True,0.6546116471290588
1842,2601,True,0.6399258971214294
3191,2603,False,0.4856135249137878
1973,2603,True,0.5412826538085938
3899,2604,True,0.8262193202972412
34,2605,True,0.6510984897613525
2968,2606,True,0.4859715104103088
4796,2607,False,0.6990713477134705
138,2608,False,0.0
2547,2609,True,0.6436445713043213
4612,2610,False,0.4129158854484558
2667,2612,False,0.0
2126,2612,False,0.0
904,2613,False,0.5463996529579163
584,2614,True,0.7258975505828857
4708,2615,True,0.6172388195991516
4562,2616,False,0.0
3327,2617,False,0.0
1127,2618,False,0.8126159906387329
1301,2621,False,0.0
3886,2622,True,0.6125668883323669
2142,2623,True,0.7281438112258911
219,2624,True,0.6730027198791504
954,2625,False,0.4365708529949188
1756,2626,False,0.58985835313797
2679,2627,False,0.0
4034,2628,False,0.0
759,2629,True,0.8514399528503418
1050,2630,False,0.0
3925,2631,True,0.6223018765449524
5107,2632,True,0.8545622229576111
3238,2633,False,0.0
485,2634,True,0.9072449207305908
2522,2635,False,0.5361238121986389
959,2636,False,0.392643392086029
2585,2637,True,0.719687819480896
3753,2638,False,0.7683466672897339
2030,2638,False,0.7118295431137085
3241,2639,True,0.4904063940048218
1140,2640,False,0.5510373711585999
3074,2641,False,0.0
3499,2642,False,0.3948092460632324
1588,2643,True,0.7668147087097168
4829,2644,False,0.0
4228,2645,False,0.5065167546272278
1186,2646,False,0.0
1391,2647,False,0.5828478336334229
1434,2648,False,0.6108431816101074
287,2649,False,0.5495191812515259
1837,2650,True,0.9071955680847168
1315,2651,False,0.0
2942,2652,False,0.6619924902915955
345,2653,False,0.5161169767379761
4829,2654,False,0.0
4351,2655,False,0.0
1704,2656,False,0.0
420,2657,False,0.0
186,2658,False,0.0
4927,2659,True,0.791256308555603
4705,2660,False,0.0
1131,2661,True,0.6825776100158691
874,2662,False,0.4080756604671478
2677,2663,True,0.6568672060966492
3910,2664,False,0.0
3951,2666,True,0.5317056775093079
5013,2668,True,0.6185228824615479
2669,2669,False,0.0
5075,2670,False,0.5772061347961426
2352,2671,False,0.4585524499416351
1174,2672,False,0.7654622793197632
1601,2673,False,0.0
976,2674,False,0.0
1431,2675,False,0.4710453748703003
1395,2676,False,0.5422626733779907
2679,2677,False,0.0
3867,2679,False,0.0
910,2680,False,0.0
4865,2681,False,0.0
3752,2682,False,0.0
1210,2683,True,0.6395780444145203
3201,2684,True,0.8413472771644592
2185,2685,True,0.3974838852882385
2589,2686,False,0.0
2194,2687,False,0.4690806865692138
750,2688,True,0.5946245789527893
3326,2689,False,0.0
4184,2690,False,0.7753813862800598
3612,2691,False,0.0
3938,2693,False,0.4935364425182342
829,2694,True,0.7249631881713867
4654,2695,True,0.6430853009223938
347,2696,True,0.8531137108802795
4829,2697,False,0.0
3723,2698,True,0.5483061671257019
3635,2700,False,0.0
3574,2701,False,0.0
4821,2702,False,0.360774278640747
2669,2703,False,0.0
4904,2704,True,0.6743897199630737
4492,2705,True,0.7601542472839355
3300,2706,True,0.6368265151977539
4307,2707,False,0.0
3191,2708,False,0.0
1973,2708,False,0.4551341831684112
3326,2709,False,0.0
1049,2710,True,0.7802515625953674
345,2711,False,0.3982250094413757
4829,2712,False,0.0
3074,2713,False,0.4364190101623535
494,2714,False,0.0
454,2715,True,0.8523924350738525
3230,2716,True,0.4506416916847229
1177,2717,False,0.0
617,2718,True,0.6563929915428162
2083,2719,True,0.7232951521873474
3998,2720,True,0.4804728925228119
4771,2721,False,0.4206275939941406
1962,2722,False,0.0
4230,2723,False,0.5351593494415283
4093,2724,False,0.0
716,2725,True,0.7886600494384766
3381,2726,False,0.0
2427,2727,True,0.5160641074180603
4706,2728,False,0.5754778385162354
1405,2729,True,0.7567273378372192
4791,2730,True,0.7151573896408081
1369,2731,True,0.8787299990653992
4049,2732,False,0.0
910,2734,False,0.0
160,2735,False,0.479333221912384
1685,2736,False,0.0
4165,2737,False,0.0
2382,2738,True,0.416191816329956
2474,2739,False,0.5100557208061218
4978,2740,True,0.6258372068405151
5044,2741,True,0.697083592414856
3518,2742,True,0.6216846704483032
1264,2743,False,0.0
566,2744,False,0.0
4023,2745,False,0.0
1483,2746,False,0.0
4393,2747,False,0.0
2079,2748,False,0.0
4028,2749,False,0.4879051446914673
3381,2750,False,0.0
2058,2751,False,0.0
763,2752,True,0.8032166957855225
2131,2753,True,0.3747026622295379
599,2754,False,0.5565100312232971
3003,2755,False,0.479951798915863
91,2756,True,0.7655919790267944
44,2757,True,0.7262867093086243
4613,2759,True,0.7366932034492493
3923,2760,False,0.0
941,2760,False,0.0
2536,2761,True,0.6138399839401245
2502,2762,True,0.4780590534210205
1715,2763,False,0.4198406338691711
2122,2764,True,0.7055630087852478
126,2765,True,0.614250123500824
100,2766,True,0.665969729423523
909,2767,False,0.0
262,2768,True,0.6124359369277954
1246,2769,False,0.0
3125,2770,True,0.7678214907646179
5054,2772,False,0.4859668016433716
909,2773,False,0.0
2954,2774,True,0.5361884832382202
1415,2775,False,0.0
1250,2776,False,0.0
2294,2777,False,0.0
2898,2778,False,0.0
1708,2779,False,0.5360331535339355
4624,2780,False,0.0
2711,2781,True,0.6338233351707458
1142,2782,True,0.7125120759010315
4384,2783,True,0.4630337953567505
1060,2784,True,0.680253267288208
3975,2785,False,0.8069667220115662
4832,2786,False,0.0
707,2787,True,0.7643712162971497
1092,2788,False,0.0
1127,2790,False,0.0
4919,2791,False,0.0
4179,2792,False,0.0
4941,2793,True,0.8758761882781982
2094,2794,False,0.0
3048,2795,True,0.7539942860603333
2432,2796,True,0.8592036366462708
3360,2797,False,0.4966040849685669
295,2798,True,0.7890898585319519
2210,2799,False,0.0
4879,2800,True,0.5820297002792358
1072,2801,True,0.781876802444458
1380,2802,True,0.4695975482463836
2416,2803,False,0.0
4340,2804,False,0.0
2295,2805,True,0.8344528675079346
433,2806,True,0.551393985748291
1415,2807,False,0.0
1305,2808,True,0.5620411038398743
4095,2809,True,0.7806454300880432
5054,2810,False,0.5600606799125671
4146,2810,True,0.593364417552948
4135,2810,False,0.6006948947906494
3153,2811,False,0.565456211566925
1174,2811,False,0.5579600930213928
895,2811,False,0.0
2802,2812,True,0.5603700876235962
3326,2813,False,0.0
3055,2814,True,0.530440628528595
3209,2815,True,0.7199687957763672
2606,2816,True,0.6149056553840637
1037,2818,False,0.5234602689743042
2540,2819,True,0.6288015842437744
186,2820,False,0.0
3737,2821,False,0.0
2676,2822,True,0.7138744592666626
3980,2823,False,0.0
4393,2824,False,0.0
3212,2825,False,0.601638674736023
884,2826,True,0.5674998760223389
5051,2827,False,0.7841463685035706
1315,2828,False,0.0
3432,2829,False,0.0
4068,2830,True,0.599212646484375
1375,2831,True,0.5876989960670471
2804,2832,False,0.0
4030,2833,False,0.7258336544036865
4855,2834,True,0.6006566286087036
4270,2836,False,0.0
4256,2837,False,0.4870905876159668
2448,2838,True,0.5693938732147217
1806,2839,True,0.7790224552154541
3074,2840,False,0.0
3868,2841,False,0.4937732517719269
3457,2842,True,0.8654347062110901
1810,2843,True,0.8453752398490906
910,2844,False,0.0
2094,2845,False,0.0
1025,2846,True,0.5428712368011475
4955,2847,False,0.0
1557,2848,True,0.8005550503730774
3970,2849,True,0.6203432083129883
4425,2850,False,0.0
2793,2851,True,0.7504229545593262
2414,2852,True,0.7938483953475952
3181,2853,True,0.7106194496154785
1195,2854,False,0.5409700870513916
263,2855,True,0.634611189365387
3066,2856,False,0.0
4446,2857,True,0.7927523255348206
630,2858,False,0.0
2582,2859,True,0.431064248085022
25,2860,False,0.0
4598,2862,False,0.7529180645942688
1894,2863,False,0.0
4695,2865,True,0.6382305026054382
3983,2866,True,0.7312297821044922
1668,2867,True,0.6152743101119995
3580,2868,True,0.4715466499328613
387,2869,True,0.7205731868743896
1946,2870,True,0.6850805282592773
1520,2871,False,0.0
1062,2872,True,0.618454098701477
1563,2873,False,0.0
2174,2874,False,0.5320590734481812
931,2875,True,0.6993908882141113
3749,2876,False,0.0
3480,2877,False,0.4461947679519653
2030,2878,False,0.5442693829536438
1312,2879,True,0.5852012634277344
4705,2881,True,0.5762923359870911
1078,2882,True,0.797784686088562
2807,2883,True,0.8538362979888916
1937,2884,True,0.6667207479476929
35,2885,True,0.6184543371200562
2315,2886,True,0.6678365468978882
2038,2887,True,0.5628482103347778
2661,2888,False,0.0
2099,2889,False,0.0
1241,2890,True,0.7504045367240906
4955,2891,False,0.0
3047,2892,True,0.7794848084449768
2217,2893,False,0.5450074076652527
2884,2894,False,0.0
4917,2895,True,0.6692475080490112
2271,2896,False,0.577673614025116
684,2897,False,0.0
1757,2898,False,0.0
2538,2899,True,0.546227753162384
757,2900,True,0.6165144443511963
3900,2901,True,0.8062016367912292
4540,2902,False,0.4597353935241699
647,2903,True,0.8261272311210632
1006,2905,False,0.0
1842,2907,False,0.6275662183761597
2005,2908,False,0.0
4523,2909,True,0.5865728855133057
4531,2910,False,0.0
2892,2911,True,0.602213978767395
2625,2912,False,0.5239300727844238
2283,2913,True,0.7619015574455261
1599,2914,True,0.7950528860092163
1028,2915,True,0.7524340152740479
2216,2916,False,0.2809802293777466
1467,2917,True,0.3761138916015625
1174,2918,False,0.8074696063995361
5011,2920,False,0.5621891021728516
1935,2921,False,0.0
4829,2922,False,0.0
2745,2923,False,0.6779252290725708
2679,2924,False,0.0
3781,2925,True,0.672042727470398
3973,2926,True,0.5883473753929138
1001,2927,True,0.8467023968696594
4202,2928,True,0.4789745807647705
3609,2929,False,0.7199161052703857
40,2930,True,0.6639564037322998
532,2931,True,0.4270649552345276
4324,2932,True,0.3437488973140716
1842,2933,False,0.5700421333312988
1943,2934,False,0.0
2394,2935,False,0.4580487608909607
2349,2936,True,0.7337957620620728
271,2937,False,0.0
1465,2938,False,0.0
664,2939,True,0.4538512229919433
1882,2940,True,0.5660530924797058
4551,2941,False,0.0
1756,2942,False,0.7867088317871094
975,2943,True,0.5351897478103638
2384,2944,False,0.7809027433395386
3108,2945,False,0.0
345,2946,False,0.4191170334815979
481,2947,False,0.0
4715,2948,True,0.7254939675331116
3551,2949,True,0.723218560218811
3580,2950,False,0.0
1659,2952,False,0.0
4355,2953,True,0.7829659581184387
3155,2954,True,0.8202826976776123
4907,2955,True,0.7862290143966675
889,2957,True,0.6789786219596863
4066,2958,True,0.6535602807998657
2564,2959,True,0.6881349086761475
3368,2960,False,0.4938213527202606
1177,2961,False,0.0
996,2964,False,0.0
2987,2965,True,0.4758087396621704
1247,2966,False,0.6093364357948303
2897,2967,False,0.328807920217514
3746,2968,False,0.5914245843887329
1127,2969,False,0.8182130455970764
3337,2970,False,0.4339118599891662
994,2971,False,0.4616647660732269
910,2972,False,0.0
1816,2973,True,0.6873632073402405
1730,2974,True,0.6748239994049072
2882,2975,True,0.757966160774231
4583,2976,False,0.0
2249,2977,True,0.7633453607559204
2840,2978,False,0.0
2207,2979,True,0.6533278226852417
1938,2980,True,0.8116957545280457
4469,2981,True,0.5384200811386108
959,2982,False,0.0
4326,2983,True,0.7518954873085022
1409,2984,False,0.0
4753,2985,False,0.3264560401439667
1947,2986,True,0.6234002709388733
2980,2987,True,0.711097240447998
1568,2988,False,0.4969060122966766
240,2989,False,0.0
4189,2990,True,0.6960874199867249
639,2991,False,0.0
1039,2992,False,0.717555820941925
1884,2993,True,0.814393162727356
573,2994,True,0.6001920700073242
2402,2995,True,0.5817974805831909
1864,2996,False,0.0
4547,2997,False,0.7798169255256653
4184,2997,False,0.7816600203514099
1832,2998,False,0.3993442058563232
4612,2999,False,0.733955442905426
3877,3000,True,0.7348641157150269
676,3001,True,0.652172327041626
345,3002,False,0.4334988594055176
4612,3003,False,0.7893219590187073
4829,3004,False,0.0
3675,3005,False,0.0
2623,3006,False,0.7154874801635742
1568,3007,False,0.496410995721817
4414,3008,True,0.831678032875061
186,3009,False,0.0
3195,3010,False,0.0
314,3011,False,0.0
3177,3012,True,0.5979522466659546
3847,3013,True,0.6352862119674683
1151,3014,False,0.5480866432189941
1831,3015,True,0.7970882654190063
1549,3016,True,0.6800233125686646
2393,3017,True,0.7628756761550903
2477,3018,False,0.5803874731063843
3600,3019,False,0.0
119,3020,False,0.0
3612,3021,False,0.0
4566,3023,True,0.7480200529098511
939,3024,False,0.4824090898036957
4958,3025,True,0.8462342619895935
2100,3026,True,0.7062109708786011
4962,3027,False,0.0
2938,3028,True,0.626953125
3890,3029,False,0.5700305700302124
2249,3030,False,0.4932149052619934
2924,3031,True,0.6357111930847168
3001,3032,False,0.0
2899,3033,False,0.0
2020,3034,True,0.530491292476654
2079,3035,False,0.1885837167501449
910,3036,False,0.5425863265991211
940,3037,True,0.7829070091247559
1415,3038,False,0.0
2477,3039,False,0.6020633578300476
691,3040,False,0.0
838,3041,False,0.365593284368515
2343,3043,True,0.8628122806549072
895,3044,False,0.5454261898994446
3694,3045,True,0.5480378270149231
3329,3046,True,0.7161720395088196
169,3047,False,0.5312545299530029
1110,3048,False,0.6316596269607544
834,3049,False,0.4347785115242004
2320,3050,False,0.0
1415,3051,False,0.0
2430,3052,False,0.0
3298,3053,True,0.7513285875320435
3788,3054,True,0.6549466848373413
633,3055,False,0.4358685612678528
2732,3056,False,0.0
3995,3057,False,0.0
4640,3058,True,0.4278285503387451
2014,3059,False,0.6128647327423096
997,3060,True,0.5230452418327332
3760,3061,True,0.7698938250541687
559,3063,True,0.6564679145812988
4388,3064,True,0.5460788011550903
5090,3065,True,0.5002737045288086
2569,3066,True,0.6398212909698486
3162,3067,True,0.6235198378562927
1404,3068,True,0.5659343600273132
1051,3069,False,0.0
2009,3070,False,0.0
1478,3071,False,0.5817556381225586
3006,3072,False,0.0
3000,3073,False,0.7506004571914673
3145,3074,False,0.0
3341,3075,False,0.0
959,3076,False,0.0
3614,3077,True,0.3996258378028869
2127,3078,False,0.5845062136650085
1293,3079,True,0.6478754281997681
186,3081,False,0.0
2608,3082,False,0.0
33,3083,False,0.4673487842082977
2324,3084,False,0.0
99,3085,True,0.6566583514213562
1832,3086,False,0.0
2221,3087,True,0.6525778770446777
2998,3088,False,0.0
4077,3090,False,0.0
1797,3091,False,0.0
151,3092,False,0.0
3074,3093,False,0.0
3608,3094,True,0.7734342217445374
447,3095,False,0.5338802933692932
1460,3096,False,0.0
1309,3097,True,0.4298785626888275
3200,3098,False,0.6211155652999878
1847,3099,False,0.0
845,3100,False,0.0
4583,3101,False,0.4764969646930694
3938,3102,True,0.4971535205841064
2752,3103,True,0.8816832900047302
4391,3104,False,0.406896710395813
3229,3105,False,0.3776388764381408
3529,3106,False,0.0
3838,3107,False,0.0
4572,3108,True,0.5466160774230957
533,3109,True,0.671271800994873
970,3110,False,0.0
25,3111,False,0.5596890449523926
4321,3112,False,0.0
4582,3113,True,0.7727600336074829
1425,3114,True,1.0
166,3115,False,0.0
1977,3116,False,0.0
2856,3117,True,0.7910659909248352
2036,3118,False,0.0
1891,3119,False,0.0
2984,3120,False,0.5904902219772339
3557,3121,False,0.0
1513,3122,True,0.7673998475074768
576,3123,False,0.3745007216930389
2942,3124,False,0.6367509365081787
2326,3125,False,0.0
3857,3126,False,0.0
1204,3127,True,0.6722223162651062
1177,3128,False,0.0
3381,3129,False,0.3737426698207855
3341,3130,False,0.0
1831,3131,False,0.3977780342102051
3938,3132,False,0.5932984948158264
3000,3133,False,0.0
2857,3134,True,0.5014693140983582
4516,3135,True,0.763329267501831
1073,3136,False,0.5871779918670654
768,3136,True,0.6561791896820068
3975,3137,False,0.7902345657348633
1588,3138,False,0.6240918636322021
2775,3139,True,0.6354708671569824
4788,3140,False,0.8069984912872314
4723,3141,True,0.6778136491775513
4077,3142,False,0.2967301607131958
4972,3143,False,0.4297076761722564
1056,3144,False,0.0
3074,3145,False,0.0
2357,3147,False,0.0
2769,3148,True,0.8456064462661743
2166,3149,False,0.6519598364830017
5000,3150,False,0.4901260137557983
2424,3151,True,0.5231512188911438
3746,3152,False,0.4292083382606506
3341,3153,False,0.0
3676,3154,False,0.4415313601493835
3071,3155,True,0.8839801549911499
3775,3156,True,0.4321582913398742
3964,3157,True,0.3958647549152374
3881,3158,False,0.709966778755188
4093,3159,False,0.0
1214,3160,True,0.7302272319793701
1524,3161,False,0.644940972328186
1714,3162,False,0.3765352964401245
1456,3163,True,0.6527705788612366
1486,3164,False,0.5591963529586792
2450,3165,True,0.5885274410247803
2883,3166,True,0.6134191751480103
3753,3167,False,0.7970066666603088
5051,3168,False,0.7168213725090027
3318,3169,True,0.583462119102478
183,3170,True,0.5531246662139893
2510,3171,True,0.7291440963745117
959,3172,False,0.0
2917,3173,True,0.5822349786758423
4904,3174,False,0.4156433939933777
1073,3175,True,0.5909947752952576
4371,3176,True,0.4718453288078308
2884,3177,False,0.0
4657,3178,True,0.5901899337768555
1585,3179,False,0.0
340,3180,False,0.0
2407,3181,True,0.6257920265197754
987,3182,False,0.0
1535,3183,True,0.6698358058929443
2745,3184,False,0.510642409324646
151,3185,False,0.0
602,3186,True,0.7290784120559692
3796,3187,True,0.5905877351760864
5114,3188,True,0.6026250123977661
1304,3189,True,0.853484034538269
2494,3190,True,0.58744877576828
4340,3191,True,0.7099347710609436
1615,3192,False,0.0
1113,3193,True,0.8326503038406372
1916,3194,True,0.4262908101081848
4658,3195,True,0.8150831460952759
4386,3197,True,0.6149875521659851
5097,3198,True,0.7681726813316345
1434,3199,False,0.6424354910850525
2626,3200,True,0.725917637348175
1443,3201,False,0.4744767546653747
3997,3202,False,0.4837598800659179
1415,3203,False,0.0
4465,3205,False,0.0
2404,3206,True,0.674595832824707
1512,3207,True,0.7451869249343872
2560,3208,True,0.520958662033081
1297,3209,True,0.5934963822364807
3326,3210,False,0.0
1090,3211,True,0.6968491673469543
4829,3212,False,0.0
2542,3213,True,1.000000238418579
2667,3214,False,0.5842910408973694
2998,3215,False,0.0
2210,3216,False,0.4319958686828613
1102,3217,True,0.7343342304229736
4337,3218,False,0.5013688206672668
2685,3219,False,0.0
3753,3220,False,0.7119118571281433
2030,3220,False,0.732783854007721
1756,3220,False,0.0
1844,3221,True,0.6155056953430176
3357,3222,False,0.0
608,3223,False,0.0
2290,3224,True,0.6252026557922363
3752,3225,False,0.4369633197784424
4049,3226,False,0.0
3381,3227,False,0.0
2285,3228,True,0.5179987549781799
4829,3229,False,0.0
1552,3230,False,0.6035175919532776
4008,3231,False,0.0
718,3232,True,0.7309119701385498
1694,3233,False,0.0
4866,3234,False,0.4229622483253479
2548,3235,False,0.0
4608,3236,True,0.6417384743690491
691,3237,True,0.601876974105835
598,3238,True,0.8560950756072998
4776,3239,False,0.0
4747,3240,True,0.5923341512680054
2397,3241,False,0.0
1415,3242,False,0.0
4829,3243,False,0.0
994,3244,False,0.486828088760376
1242,3245,True,0.5918768644332886
3823,3246,True,0.50693678855896
1174,3247,False,0.8062757253646851
895,3247,False,0.8187415599822998
5081,3248,False,0.0
4955,3249,False,0.0
4285,3250,True,0.6660159230232239
3646,3251,True,0.7163146734237671
4641,3252,False,0.0
2749,3253,False,0.5343022346496582
4829,3254,False,0.0
345,3255,False,0.5070397853851318
4072,3256,False,0.0
4165,3257,False,0.0
3364,3258,True,0.7782313227653503
129,3259,False,0.0
629,3260,False,0.0
4202,3261,False,0.0
1657,3263,False,0.0
4470,3264,True,0.8477068543434143
1833,3265,True,0.6463571190834045
1415,3266,False,0.0
615,3267,False,0.5907220840454102
236,3268,True,0.6067936420440674
3307,3269,True,0.5394835472106934
481,3270,False,0.0
79,3271,True,0.8784659504890442
3086,3272,True,0.402467668056488
1969,3273,True,0.7563861608505249
1572,3274,True,0.7150721549987793
608,3277,True,0.5596711039543152
917,3278,False,0.0
271,3279,False,0.0
3037,3280,True,0.6559860706329346
23,3281,False,0.0
4870,3282,False,0.0
2988,3283,False,0.0
5037,3285,True,0.6629068851470947
1890,3286,True,0.8362108469009399
3395,3287,True,0.5463970899581909
1501,3288,True,0.7211082577705383
4717,3289,False,0.4260744452476501
723,3290,False,0.5225610136985779
4547,3291,False,0.0
2301,3292,False,0.0
2526,3293,False,0.0
4795,3293,False,0.0
2920,3294,True,0.7494402527809143
2728,3295,True,0.5364176034927368
3009,3296,False,0.6813255548477173
1849,3297,True,0.712782621383667
2612,3298,True,0.5019542574882507
2834,3299,False,0.0
1526,3300,False,0.0
4898,3301,False,0.0
4436,3302,True,0.7527188062667847
264,3303,False,0.0
3229,3304,False,0.0
3004,3305,False,0.0
3262,3306,False,0.0
1135,3307,True,0.7264523506164551
4914,3308,False,0.0
5056,3309,True,0.7353933453559875
3057,3310,False,0.3879854083061218
3099,3311,False,0.0
629,3312,False,0.0
3264,3313,True,0.8336354494094849
2467,3314,False,0.0
299,3315,False,0.0
3448,3316,False,0.0
393,3317,True,0.7926523685455322
1665,3318,False,0.5021403431892395
95,3319,True,0.6821219325065613
619,3320,False,0.0
3415,3321,True,0.4623941481113434
4719,3322,False,0.5262409448623657
722,3323,False,0.0
1715,3324,True,0.5700703263282776
2756,3325,False,0.8214259147644043
3749,3326,False,0.0
2930,3327,False,0.0
2069,3328,False,0.6391787528991699
527,3329,False,0.4790327548980713
3212,3330,False,0.5106266736984253
4184,3331,False,0.8071206212043762
4390,3332,True,0.7369521260261536
3032,3333,False,0.6522344946861267
1524,3333,False,0.6106141805648804
4451,3334,True,0.9277953505516052
8,3335,False,0.0
2939,3336,False,0.0
2181,3337,False,0.0
3412,3338,False,0.0
111,3339,False,0.0
1765,3340,False,0.5063096880912781
3302,3341,False,0.0
3141,3342,False,0.5996816754341125
1109,3342,False,0.4430118501186371
1982,3343,True,0.8443982005119324
46,3344,False,0.0
3923,3345,False,0.0
3460,3347,False,0.0
4464,3348,False,0.0
367,3349,False,0.0
249,3350,True,0.3891013860702514
1174,3351,False,0.7381976246833801
3975,3352,False,0.7676341533660889
97,3353,False,0.7948012351989746
962,3355,True,0.7722655534744263
883,3356,False,0.4369312822818756
4923,3357,False,0.0
4560,3358,False,0.0
4917,3359,False,0.0
1277,3360,False,0.0
4061,3361,True,0.6619665622711182
2528,3362,True,0.7802226543426514
487,3363,False,0.5587374567985535
4212,3364,False,0.0
572,3365,False,0.455567717552185
4769,3366,True,0.8171015381813049
3661,3367,False,0.3713019490242004
1543,3368,False,0.4868181645870209
676,3370,False,0.0
3289,3372,True,0.7040792107582092
583,3373,False,0.0
202,3374,False,0.474847674369812
2009,3375,True,0.4844486117362976
3979,3376,False,0.47537362575531
896,3377,False,0.0
2340,3379,False,0.0
4435,3380,False,0.0
2360,3381,False,0.0
1174,3382,False,0.8166757822036743
939,3383,True,0.6935434937477112
2783,3384,False,0.0
3404,3385,False,0.0
1952,3386,True,0.595098614692688
1805,3387,True,0.6722732782363892
432,3388,False,0.4647407233715057
4975,3389,False,0.6335399150848389
481,3390,False,0.0
2548,3391,False,0.0
4778,3392,True,0.632012128829956
4776,3393,False,0.0
587,3394,True,0.8297867178916931
3930,3395,True,0.5321604013442993
1529,3396,False,0.4284331202507019
4163,3397,False,0.0
1493,3398,False,0.0
3622,3399,False,0.5267256498336792
3230,3400,False,0.389847844839096
4753,3401,False,0.0
3937,3402,False,0.0
4787,3403,True,0.5982661247253418
4347,3404,False,0.4812110066413879
1606,3405,True,0.6969190835952759
2109,3406,False,0.0
4547,3407,False,0.0
1127,3407,False,0.0
3000,3408,False,0.7582600116729736
3330,3409,False,0.0
4085,3410,True,0.599778413772583
3498,3411,True,0.6258705854415894
2308,3412,False,0.0
334,3413,True,0.7140591740608215
4121,3414,True,0.7268010377883911
4610,3415,True,0.4928956925868988
2637,3416,False,0.0
3666,3417,True,0.60246342420578
1773,3418,True,0.5627105236053467
4829,3419,False,0.0
3343,3420,True,0.6361920833587646
3087,3421,False,0.5398916602134705
5030,3422,True,0.9350519180297852
93,3423,False,0.0
651,3424,True,0.4935460686683655
3409,3425,True,0.7342523336410522
4829,3426,False,0.0
3689,3427,False,0.0
4328,3428,False,0.4506659209728241
315,3429,True,0.5923611521720886
3661,3430,False,0.366254985332489
1848,3431,False,0.0
3937,3432,False,0.3666456937789917
3941,3433,False,0.3013370633125305
2429,3435,True,0.5602753758430481
1694,3436,False,0.0
1186,3436,False,0.0
1177,3436,False,0.0
3471,3437,True,0.567867636680603
4206,3438,True,0.739909291267395
798,3439,False,0.0
3302,3440,False,0.0
1429,3441,False,0.0
2760,3442,False,0.5176416039466858
3765,3444,True,0.6837925910949707
959,3445,False,0.0
3116,3446,True,0.3794121444225311
1759,3447,False,0.5248144865036011
4854,3448,False,0.5072200298309326
4116,3450,True,0.7821372747421265
3076,3451,False,0.0
202,3452,False,0.5749015212059021
1756,3453,False,0.5689401626586914
2030,3453,False,0.5810619592666626
3753,3453,False,0.5721527934074402
1127,3454,False,0.81208336353302
2675,3455,True,0.723805844783783
3165,3456,True,0.695953369140625
1287,3457,True,0.8182907700538635
1186,3458,False,0.0
3796,3459,False,0.0
4847,3460,True,0.8888511657714844
1441,3461,True,0.6742134690284729
2630,3462,True,0.4706526696681976
615,3463,False,0.5619966387748718
3109,3465,True,0.8826786279678345
3219,3466,True,0.7748005390167236
3749,3467,False,0.0
1209,3468,True,0.4503922462463379
4539,3469,False,0.0
3229,3470,False,0.0
1705,3471,False,0.0
2473,3472,False,0.0
1437,3473,True,0.6832007169723511
3153,3474,False,0.7737888097763062
3572,3475,True,0.736021101474762
333,3476,True,0.7063785791397095
1357,3477,False,0.5152978897094727
2829,3478,True,0.6383259892463684
352,3479,False,0.0
2892,3481,False,0.5184814929962158
3000,3482,False,0.0
2438,3483,False,0.0
2264,3484,False,0.0
2965,3485,True,0.7609654068946838
714,3486,True,0.6085904836654663
1127,3487,False,0.8047097325325012
3297,3488,True,0.7109220027923584
4829,3489,False,0.0
935,3490,True,0.6727208495140076
1861,3491,True,0.7626179456710815
4456,3492,False,0.0
2746,3493,False,0.0
602,3494,False,0.6037650108337402
641,3495,True,0.7381759285926819
4258,3496,True,0.6463967561721802
4800,3497,False,0.0
3675,3498,False,0.0
3881,3499,True,0.5260817408561707
2899,3500,False,0.0
3784,3501,False,0.6422387361526489
2329,3502,False,0.4030001163482666
1334,3503,False,0.0
4378,3504,True,0.5363507270812988
3746,3505,False,0.5048267245292664
2634,3506,True,0.4836717545986175
1699,3507,True,0.5943425893783569
1421,3508,True,1.0000001192092896
1694,3509,False,0.0
1186,3509,True,0.3235830664634704
1610,3510,False,0.4217899441719055
2925,3511,False,0.4526656866073608
3258,3512,True,0.7803249955177307
1429,3513,False,0.0
3837,3514,False,0.5378609895706177
1465,3515,False,0.0
3262,3516,False,0.0
4665,3517,True,0.6938145160675049
4817,3518,True,0.85032719373703
949,3519,False,0.0
3294,3520,True,0.6501652002334595
4395,3521,True,0.8516572713851929
1638,3522,False,0.7495459318161011
5048,3523,False,0.0
3710,3524,False,0.0
3000,3525,False,0.7791955471038818
5051,3526,False,0.7046678066253662
4253,3527,False,0.569895327091217
2061,3528,True,0.571718156337738
2081,3529,False,0.0
1978,3530,False,0.5652479529380798
4776,3531,False,0.4360304772853851
4732,3532,True,0.761217474937439
3975,3533,False,0.0
2754,3533,False,0.0
4495,3534,False,0.0
186,3535,False,0.0
3367,3536,True,0.5579617619514465
1263,3537,True,0.605513334274292
4446,3539,False,0.0
3915,3540,False,0.5614395141601562
4620,3541,False,0.0
2023,3542,True,0.660380482673645
2480,3543,False,0.5566081404685974
3753,3544,False,0.8063840270042419
1127,3545,False,0.7938690781593323
3979,3546,False,0.0
4776,3547,False,0.0
4551,3547,False,0.0
602,3547,False,0.0
3074,3548,False,0.0
202,3549,False,0.5077340006828308
1741,3550,False,0.6766860485076904
1360,3551,True,0.716744601726532
345,3552,False,0.5048181414604187
3000,3553,False,0.4903105795383453
619,3554,False,0.0
3343,3555,False,0.0
737,3556,True,0.6243759393692017
2062,3557,True,0.5489896535873413
3604,3558,False,0.0
1132,3559,True,0.8094714879989624
4540,3560,False,0.0
2433,3561,False,0.0
3034,3562,False,0.5343414545059204
3053,3563,False,0.0
173,3564,True,0.5394473671913147
572,3565,True,0.6949564218521118
3561,3566,True,0.7922243475914001
4920,3568,False,0.0
3980,3569,True,0.8103624582290649
2969,3569,False,0.8033668398857117
4165,3571,False,0.0
2651,3572,False,0.3307721614837646
1864,3573,True,0.724619448184967
2195,3574,True,0.6989287734031677
1019,3575,True,0.5252422094345093
1042,3576,True,0.6608812212944031
2177,3577,True,0.7912240624427795
964,3578,False,0.4969545602798462
2079,3579,False,0.0
3940,3580,False,0.0
3609,3581,False,0.7213286757469177
4583,3582,False,0.0
3753,3583,False,0.7010237574577332
2030,3583,False,0.6962442994117737
1507,3584,True,0.3665491938591003
576,3585,True,0.6566829085350037
191,3586,False,0.4332160949707031
2766,3587,True,0.6746615171432495
3408,3588,False,0.0
4786,3589,True,0.8042720556259155
3163,3590,True,0.6923768520355225
4387,3591,False,0.0
968,3592,False,0.5651499032974243
1092,3593,True,0.5142836570739746
4821,3594,False,0.3026899695396423
5089,3595,True,0.6417258977890015
2900,3596,False,0.583613395690918
2679,3597,False,0.0
1688,3598,False,0.0
3609,3599,False,0.0
3302,3601,False,0.0
900,3602,False,0.4991910755634308
2623,3603,False,0.0
110,3604,True,0.728653073310852
695,3605,True,0.7715139389038086
345,3607,False,0.4801414012908935
4829,3608,False,0.0
1738,3609,True,0.7613551020622253
3777,3611,False,0.5434616208076477
5088,3612,False,0.4144197702407837
4130,3613,False,0.0
4373,3614,False,0.0
4274,3615,True,0.6921367645263672
2446,3615,False,0.6991126537322998
115,3616,True,0.6682067513465881
482,3617,True,0.7038930058479309
2981,3618,False,0.0
2109,3619,False,0.0
1168,3620,True,0.6377037167549133
3868,3622,False,0.545667290687561
349,3623,False,0.0
3689,3624,False,0.0
3749,3625,False,0.0
3436,3626,True,0.899043083190918
4980,3627,True,0.6746231913566589
843,3628,True,0.8733447790145874
304,3629,True,0.7771884799003601
3009,3630,False,0.5490763783454895
3794,3631,True,0.616370677947998
3923,3632,False,0.0
941,3632,False,0.0
4321,3633,True,0.580501914024353
4523,3634,False,0.6109520196914673
5051,3635,False,0.794816255569458
4612,3636,True,0.8038311004638672
4840,3637,True,0.6269664764404297
3741,3638,True,0.6117364168167114
1948,3639,False,0.0
3202,3640,False,0.6199585795402527
2468,3641,True,0.3982085883617401
445,3642,False,0.5063580870628357
4135,3643,False,0.0
3153,3644,False,0.8068535923957825
3076,3645,False,0.0
1691,3646,False,0.4589755535125732
3612,3647,False,0.0
2113,3648,True,0.7065441608428955
2605,3649,True,0.7513330578804016
2183,3650,False,0.0
4033,3651,True,0.7045448422431946
2636,3652,True,0.7873060703277588
329,3653,False,0.0
2095,3654,False,0.0
4184,3655,False,0.8058798909187317
3922,3656,False,0.0
4821,3657,False,0.3400324881076813
1276,3658,True,1.0
25,3660,False,0.4916349947452545
2912,3661,False,0.0
4938,3662,False,0.4567464888095855
2518,3663,True,0.7319661974906921
2414,3664,False,0.5701946020126343
676,3665,False,0.0
4505,3666,False,0.0
3380,3667,True,0.7543781995773315
1035,3668,True,0.8640936613082886
5109,3669,True,0.7006299495697021
3533,3670,True,0.7630027532577515
1474,3671,False,0.3967847228050232
1612,3672,False,0.0
1183,3673,True,0.741764485836029
2301,3674,True,0.8061001300811768
3435,3675,True,0.6173714399337769
2748,3676,True,0.5385321974754333
1784,3677,False,0.5300003886222839
537,3678,True,0.60834139585495
1699,3679,False,0.3844865262508392
2239,3680,False,0.0
5054,3681,False,0.0
3082,3681,False,0.0
994,3682,False,0.5440744161605835
2197,3683,True,0.6485174894332886
2844,3684,False,0.0
111,3685,True,0.5479689836502075
4169,3686,False,0.0
4165,3687,False,0.0
2618,3688,False,0.0
4467,3689,False,0.5863983035087585
3506,3690,True,0.6588773727416992
2669,3691,False,0.3970279395580292
1438,3692,True,0.5871285796165466
2277,3693,False,0.4786143898963928
1777,3694,False,0.0
50,3695,True,0.7679340839385986
1725,3696,True,0.6632182598114014
2263,3697,False,0.0
4174,3698,False,0.4363841116428375
2983,3699,False,0.0
1316,3702,False,0.0
2933,3703,True,0.9239603877067566
4547,3704,False,0.805770754814148
74,3705,False,0.5802670121192932
3111,3706,False,0.0
1787,3707,True,0.7894483804702759
1353,3708,True,0.7970861196517944
3661,3709,False,0.0
2114,3710,True,0.7204016447067261
2388,3711,True,0.5353320240974426
926,3712,False,0.4247543215751648
4232,3713,True,0.7305804491043091
194,3714,False,0.4436266422271728
1410,3715,True,0.502852201461792
1136,3716,True,0.7177866101264954
2942,3717,False,0.5033409595489502
974,3718,True,0.7477571964263916
1665,3719,False,0.5688642859458923
3043,3720,True,0.6729758381843567
4903,3721,False,0.0
3109,3722,False,0.0
2913,3723,False,0.4936182200908661
2481,3724,True,0.8074966669082642
509,3725,True,0.4913787245750427
3895,3726,True,0.8484199047088623
675,3727,True,0.8404140472412109
4463,3728,True,0.6676522493362427
1179,3729,True,0.637567400932312
615,3730,False,0.4613260626792907
1295,3731,True,0.4119028151035309
2804,3732,False,0.0
3083,3733,False,0.0
499,3734,True,0.7237062454223633
1527,3735,True,0.4227492213249206
784,3736,False,0.0
1370,3737,True,0.6057884693145752
1377,3738,True,0.7318391799926758
3838,3739,False,0.0
431,3740,False,0.0
621,3741,True,0.5803949236869812
3153,3743,True,0.8241180777549744
2812,3744,False,0.0
3749,3745,False,0.4124698042869568
4805,3746,False,0.6286353468894958
3851,3747,True,0.807032585144043
3000,3749,False,0.0
1700,3750,False,0.0
3580,3751,False,0.0
4510,3752,False,0.0
3908,3754,True,0.5620888471603394
355,3755,True,0.6590240597724915
1867,3756,True,0.788709282875061
3148,3757,True,0.5830913186073303
333,3759,False,0.5592976808547974
4173,3760,True,0.4980426728725433
3005,3761,False,0.0
4683,3762,False,0.0
2788,3763,True,0.5918104648590088
4784,3764,True,0.7084397673606873
2350,3765,False,0.0
2036,3766,False,0.0
463,3767,True,0.5755828619003296
3910,3768,False,0.0
1568,3769,False,0.3981069028377533
4796,3769,False,0.0
1461,3770,False,0.0
1756,3771,False,0.7883332967758179
4737,3772,False,0.0
3602,3772,False,0.0
4788,3773,True,0.8573319911956787
3000,3774,False,0.7770652174949646
1789,3775,True,0.6157909631729126
2102,3776,False,0.5375025868415833
3423,3777,False,0.0
1926,3778,False,0.4217769801616668
3265,3779,True,0.5745867490768433
1883,3780,True,0.5702390670776367
269,3781,False,0.4779028296470642
3203,3782,False,0.0
4522,3783,False,0.5254738926887512
1186,3784,False,0.0
293,3785,True,0.7512822151184082
4497,3786,True,0.744753897190094
74,3787,False,0.5424562692642212
1224,3789,True,0.7232272028923035
2533,3790,True,0.5021060705184937
1803,3791,False,0.6808422207832336
2850,3792,False,0.0
4829,3793,False,0.0
2161,3794,True,0.4106990694999695
1734,3795,False,0.0
612,3796,True,0.5729460716247559
1194,3797,True,0.7019685506820679
2030,3798,False,0.5344072580337524
3753,3798,False,0.5315203070640564
4416,3799,False,0.5603433847427368
4030,3800,False,0.7289636135101318
2310,3801,True,0.6978458762168884
4368,3802,False,0.3772538602352142
3082,3803,False,0.0
1986,3804,False,0.0
4184,3805,False,0.8064247965812683
3504,3806,False,0.5349414944648743
1824,3807,True,0.8500158786773682
2196,3809,True,0.5741006135940552
3000,3810,False,0.7847909927368164
3503,3811,False,0.555204451084137
3074,3812,False,0.0
3708,3813,False,0.4263468086719513
1821,3814,False,0.0
994,3815,False,0.6546790599822998
4461,3816,True,0.7984508275985718
676,3817,False,0.0
5002,3818,False,0.848131537437439
2030,3819,False,0.8201582431793213
1071,3820,False,0.5439983010292053
2415,3821,True,0.7846423983573914
4829,3822,False,0.0
3909,3823,True,0.6040674448013306
3341,3824,False,0.0
4558,3825,True,0.6844342947006226
2834,3826,False,0.5151317119598389
1866,3826,False,0.5993431806564331
2782,3827,True,0.7021520733833313
4587,3828,False,0.0
2373,3829,False,0.4643712341785431
3013,3830,True,0.825026273727417
4829,3831,False,0.0
4184,3832,False,0.8098942637443542
4237,3833,False,0.5260570049285889
1694,3834,False,0.0
324,3835,True,0.7445988059043884
4952,3836,True,0.5051169395446777
3565,3837,True,0.5247589349746704
3753,3838,False,0.7543462514877319
2030,3838,False,0.7656908631324768
1428,3839,False,0.5989908576011658
979,3840,True,0.7155900597572327
4147,3841,True,0.6880938410758972
1968,3842,True,0.4792988300323486
3283,3843,True,0.689539909362793
1896,3844,True,0.5502320528030396
2600,3845,False,0.0
4854,3846,True,0.6612030863761902
214,3847,True,0.5488371849060059
5051,3848,False,0.7169893980026245
1186,3849,False,0.0
2956,3850,False,0.0
4565,3851,False,0.0
3211,3852,True,0.7188599109649658
3079,3853,False,0.0
658,3854,True,0.8592638969421387
2293,3855,True,0.6563069820404053
481,3856,False,0.0
2079,3857,False,0.0
4697,3858,True,0.6853956580162048
203,3859,True,0.5622342228889465
3212,3860,False,0.4297912716865539
3874,3861,True,0.3831337690353393
3200,3862,False,0.0
2804,3863,False,0.0
1818,3864,False,0.5548846125602722
4829,3865,False,0.0
1186,3866,False,0.0
707,3868,False,0.0
31,3869,True,0.6939626932144165
3000,3870,False,0.6832691431045532
3896,3871,False,0.0
127,3872,True,0.6925628781318665
4096,3873,True,0.6412866115570068
345,3874,False,0.5694081783294678
4829,3875,False,0.0
1691,3876,True,0.882169246673584
1866,3877,False,0.0
2679,3878,False,0.0
2302,3879,True,0.8151839971542358
2597,3880,False,0.0
2299,3882,True,0.6162817478179932
4656,3883,True,0.7442688345909119
630,3884,False,0.0
4563,3885,False,0.4527764320373535
4540,3886,False,0.0
1688,3887,True,0.4795014262199402
4252,3888,False,0.7075338363647461
1341,3889,True,0.5939561128616333
484,3890,False,0.0
1186,3891,False,0.0
2092,3892,True,0.8053763508796692
2922,3893,False,0.0
707,3894,False,0.0
3059,3895,True,0.5523980259895325
3753,3896,False,0.7419081926345825
3705,3897,False,0.5802213549613953
5026,3898,False,0.5751240253448486
3000,3899,False,0.7356427907943726
2022,3900,False,0.0
4271,3901,True,0.7862651348114014
1415,3902,False,0.0
2001,3903,False,0.0
2139,3904,True,0.7785716652870178
686,3905,False,0.3094082474708557
3958,3906,True,0.7467845678329468
5054,3907,True,0.7279018759727478
3082,3907,False,0.7094635963439941
3087,3908,False,0.6147912740707397
610,3909,True,0.890366792678833
1766,3910,True,0.789742112159729
1428,3911,False,0.0
5048,3912,False,0.0
500,3914,True,0.4630526602268219
1928,3915,True,0.7834278345108032
4821,3916,False,0.3450445532798767
13,3917,False,0.6206293702125549
2740,3918,True,0.7572382092475891
5051,3919,False,0.7235771417617798
488,3920,False,0.6137098670005798
345,3921,False,0.5611140131950378
1841,3922,True,0.6047478914260864
4829,3923,False,0.0
2655,3924,True,0.7209947109222412
3819,3925,True,0.4913331866264343
3953,3926,False,0.5099560022354126
1135,3927,False,0.0
1764,3928,True,0.8264142274856567
4202,3929,False,0.0
2995,3930,True,0.503267765045166
2240,3931,False,0.0
1317,3932,False,0.0
4612,3933,False,0.5067939758300781
4508,3934,True,0.7647616863250732
1486,3935,False,0.4715118408203125
2311,3936,False,0.0
3004,3937,False,0.0
1822,3938,False,0.4846970438957214
2004,3939,False,0.0
4422,3940,True,0.6842688322067261
4886,3941,False,0.0
2422,3942,True,0.893410861492157
2277,3943,True,0.6399030685424805
4433,3944,True,0.6665160059928894
4074,3945,False,0.7430374622344971
2560,3946,False,0.6118841767311096
4165,3947,False,0.0
120,3948,True,0.6643410325050354
887,3949,True,0.6492490172386169
2962,3950,False,0.0
3076,3951,False,0.4477315545082092
2992,3952,True,0.7382245063781738
993,3953,True,0.7594693899154663
2804,3954,False,0.0
186,3955,False,0.0
3675,3956,True,1.000000238418579
676,3957,False,0.0
4292,3958,True,0.7844207286834717
2957,3959,False,0.0
1357,3960,False,0.4230197072029114
965,3961,True,0.9086988568305968
619,3962,True,0.7269124984741211
2235,3963,True,0.7950022220611572
1655,3965,True,0.8369084000587463
3710,3966,False,0.0
2923,3967,True,0.7602394819259644
632,3968,True,0.6218265295028687
4549,3969,True,0.6491150856018066
3476,3970,False,0.0
1205,3971,True,0.7501137852668762
769,3972,True,0.61640864610672
3511,3973,True,0.6127889752388
1289,3974,True,0.7860601544380188
3415,3975,False,0.5158041715621948
3441,3976,False,0.6009684801101685
1740,3978,True,0.7474220991134644
3082,3979,False,0.0
1929,3980,True,0.7892903089523315
3580,3981,False,0.0
1665,3982,False,0.0
1018,3983,False,0.0
3366,3984,True,0.8405275344848633
4618,3985,True,0.7411067485809326
816,3986,False,0.5413296818733215
3975,3987,False,0.7722089290618896
4241,3988,False,0.0
1910,3989,True,0.7230818867683411
29,3990,False,0.0
3933,3991,True,0.7356104850769043
1174,3992,False,0.0
2950,3993,False,0.0
2340,3995,False,0.0
3786,3996,True,0.7268502712249756
3661,3997,False,0.0
4329,3998,True,0.6190690398216248
160,3999,True,0.7067943215370178
3044,4000,False,0.5287591814994812
4793,4001,True,0.7505279183387756
1681,4002,True,0.6298151016235352
4886,4003,True,0.8417950868606567
2395,4004,True,0.8848665952682495
1147,4005,True,0.427464097738266
711,4006,True,0.5887327194213867
1148,4007,True,0.5821056962013245
432,4008,False,0.5113139152526855
2281,4009,True,0.5787221193313599
728,4010,True,0.8220431208610535
3477,4011,False,0.0
4280,4012,False,0.0
1415,4013,False,0.0
1066,4014,True,0.7419621348381042
3120,4015,False,0.6097695827484131
3328,4016,True,0.7724594473838806
2575,4017,True,0.6457589268684387
1591,4018,True,0.8671144843101501
1357,4019,True,0.4737520515918731
5054,4020,False,0.4671849012374878
4146,4020,False,0.5194635391235352
4135,4020,False,0.514040470123291
4741,4021,True,0.6597572565078735
263,4022,False,0.5010716915130615
1756,4023,False,0.5966769456863403
3939,4024,False,0.0
2375,4025,False,0.0
3338,4026,False,0.0
4539,4027,False,0.0
4393,4028,False,0.0
798,4029,False,0.0
5051,4030,False,0.733263373374939
4115,4031,True,0.5095428824424744
2427,4032,False,0.4818484783172607
3708,4034,False,0.4043411612510681
3599,4035,False,0.0
2767,4036,False,0.0
3565,4037,False,0.0
4366,4038,True,0.5996920466423035
3050,4039,True,0.4872922301292419
2340,4040,False,0.0
644,4041,False,0.0
481,4042,False,0.0
1715,4043,False,0.0
1583,4044,True,0.847604513168335
3612,4045,False,0.0
2897,4046,False,0.0
2848,4047,True,0.8580269813537598
2326,4048,False,0.0
1336,4049,False,0.6144212484359741
3676,4050,False,0.6257877349853516
3057,4051,False,0.56029212474823
1517,4052,False,0.5524967312812805
3064,4053,False,0.0
1326,4054,True,0.7335385084152222
2489,4055,True,0.4736558794975281
852,4056,True,0.6068217158317566
5067,4057,False,0.5121198296546936
3280,4058,False,0.0
3914,4059,True,0.7464597225189209
3311,4060,True,0.6530407071113586
2850,4061,False,0.0
2194,4062,True,0.5633545517921448
2137,4063,False,0.6910402178764343
1976,4063,True,0.6932483911514282
895,4064,True,0.8411043882369995
4904,4065,False,0.3655861020088196
4994,4066,False,0.5208292603492737
1127,4067,False,0.7440384030342102
2047,4068,False,0.0
2330,4068,False,0.0
3322,4069,True,0.467306911945343
2081,4070,False,0.0
4539,4071,False,0.0
3811,4072,True,0.6609861850738525
2804,4073,False,0.0
4751,4074,True,0.8139510154724121
894,4075,True,0.5939999222755432
1341,4076,False,0.5138353109359741
4036,4077,False,0.0
2283,4078,False,0.5138683319091797
1357,4079,False,0.4670219421386719
3059,4080,False,0.2734090983867645
3371,4081,False,0.5951675772666931
4955,4082,False,0.0
2532,4083,True,0.7021393775939941
3269,4084,False,0.0
1864,4085,False,0.0
2831,4086,True,0.7594037055969238
3525,4087,False,0.532048225402832
1071,4088,True,0.4812533557415008
33,4089,False,0.4720751941204071
2745,4090,True,0.5995661616325378
2695,4091,False,0.0
1163,4092,True,0.8333410620689392
443,4093,False,0.385283887386322
4839,4094,False,0.0
3903,4095,False,0.0
2746,4096,False,0.0
2983,4097,True,0.5698709487915039
2341,4098,True,0.8567039370536804
4344,4100,False,0.0
4288,4101,False,0.0
1808,4102,True,0.5217694044113159
1174,4103,False,0.7998931407928467
3972,4104,True,0.7194526195526123
202,4105,False,0.563325822353363
4904,4106,False,0.3503891229629516
3812,4107,True,0.5833718776702881
2239,4108,False,0.4883953332901001
2267,4109,True,0.5999425053596497
3203,4110,False,0.0
4829,4111,False,0.0
3749,4112,False,0.0
4025,4113,True,0.6186583638191223
346,4114,False,0.0
2609,4115,True,0.7553259134292603
859,4116,True,0.4577623009681701
2718,4117,False,0.6891494989395142
25,4118,True,0.7499157190322876
4341,4119,False,0.480984091758728
3007,4120,True,0.5368932485580444
4213,4121,True,0.6103875041007996
1815,4122,True,0.7407729625701904
333,4123,False,0.0
2066,4124,False,0.6646358966827393
1174,4125,False,0.7967989444732666
3016,4126,True,0.722365140914917
4682,4127,True,0.7775884866714478
4612,4128,False,0.7180564999580383
717,4129,False,0.6080265641212463
1568,4130,False,0.4412638247013092
3108,4131,False,0.0
345,4132,False,0.456451952457428
1415,4133,False,0.0
4829,4134,False,0.0
3979,4136,False,0.6877924203872681
2616,4137,False,0.0
3580,4138,False,0.0
559,4139,False,0.0
3262,4140,False,0.0
2262,4141,False,0.0
3884,4142,True,0.6870298385620117
661,4144,False,0.0
889,4145,False,0.0
4098,4146,True,0.6525387167930603
536,4147,False,0.3659920394420624
1735,4148,True,0.3903610706329345
1552,4149,False,0.0
4761,4150,False,0.4515881240367889
74,4151,False,0.7062278985977173
2347,4152,True,0.6384202241897583
4428,4153,True,0.7176777720451355
1519,4154,True,0.4106755256652832
3127,4155,True,0.4836729764938354
1541,4156,True,0.7550540566444397
2746,4157,False,0.0
3000,4158,False,0.7663679122924805
3211,4159,False,0.0
1439,4160,False,0.0
2313,4161,True,0.5499842166900635
2258,4162,False,0.0
2328,4163,False,0.0
72,4163,False,0.0
13,4164,False,0.6099371910095215
4393,4165,False,0.0
4935,4166,False,0.5627378225326538
705,4167,False,0.4619630873203277
3463,4167,False,0.0
2866,4168,False,0.0
2679,4169,False,0.0
3497,4170,False,0.0
298,4171,True,0.4315684735774994
4252,4172,False,0.6341636776924133
223,4173,True,0.4617413878440857
955,4174,True,0.5279978513717651
4794,4175,True,0.8686860799789429
2718,4176,False,0.7737616300582886
1409,4177,True,0.5838313102722168
218,4178,True,0.8148720264434814
883,4179,False,0.0
4120,4180,True,0.4191096127033233
3441,4181,False,0.5324662327766418
891,4182,True,0.7611113786697388
3697,4183,True,0.8139616250991821
3021,4184,True,0.7430505752563477
4551,4185,False,0.0
3326,4186,False,0.0
2984,4187,False,0.6006403565406799
193,4188,True,0.8518941402435303
754,4189,False,0.7973902225494385
3609,4190,False,0.7463240623474121
2435,4191,True,0.5152079463005066
480,4192,True,0.6566991806030273
345,4193,False,0.4778223931789398
4829,4194,False,0.0
3675,4195,False,0.0
1158,4195,False,0.0
1335,4197,True,0.7730647325515747
4166,4198,True,0.5547410249710083
3973,4199,False,0.0
3208,4200,True,0.7422657608985901
5022,4201,False,0.6872166395187378
226,4202,True,0.7008559703826904
1965,4203,True,0.8607631921768188
1565,4204,True,0.72633957862854
2777,4205,True,0.5625813007354736
354,4206,True,0.6156325936317444
2930,4208,True,0.7060205936431885
3447,4210,True,0.7064405083656311
1978,4211,False,0.0
4009,4212,True,0.5353342294692993
2669,4213,False,0.4578913450241089
1800,4214,False,0.0
3936,4215,False,0.0
2003,4217,True,0.5507716536521912
901,4218,True,0.6058908700942993
4862,4219,False,0.0
826,4220,True,0.7603771686553955
3191,4221,False,0.4808394312858581
3746,4222,False,0.4502408802509308
404,4223,False,0.5833131670951843
4458,4224,False,0.0
4884,4225,True,0.5984334945678711
2414,4226,False,0.0
1715,4227,False,0.4515630006790161
910,4228,False,0.4402011632919311
3392,4229,False,0.4633641242980957
213,4230,True,0.6248139142990112
676,4231,False,0.0
3403,4232,False,0.4660647809505462
3057,4233,False,0.494600385427475
1478,4234,False,0.6235771179199219
2874,4235,True,0.8075400590896606
3699,4236,True,0.614719569683075
3597,4238,True,0.8083956837654114
3189,4239,False,0.4770224988460541
3645,4239,False,0.4771819710731506
3093,4240,False,0.4317403435707092
4184,4241,False,0.3866705894470215
1127,4241,False,0.0
97,4241,False,0.0
3006,4242,False,0.0
2417,4243,False,0.0
4611,4244,True,0.5993747115135193
3883,4245,False,0.4382945299148559
1111,4246,False,0.0
3609,4247,False,0.7479724884033203
2621,4248,False,0.0
4081,4250,True,0.4826220571994781
4609,4251,True,0.3879275918006897
4829,4252,False,0.0
836,4253,False,0.5022170543670654
798,4254,False,0.0
1174,4255,False,0.8012921214103699
1287,4256,False,0.4616234302520752
4650,4257,True,0.4664508104324341
3534,4259,True,0.4383181631565094
4369,4260,True,0.8978000283241272
5054,4261,False,0.5957787036895752
2814,4262,False,0.465272307395935
3787,4263,True,0.8458315134048462
3002,4264,True,0.722389817237854
3153,4265,False,0.5721648335456848
1540,4266,False,0.0
3625,4267,False,0.4161261320114136
3678,4268,True,0.6439685225486755
452,4269,False,0.0
4560,4270,False,0.0
1986,4271,False,0.78645920753479
4729,4272,False,0.0
2921,4273,False,0.0
4921,4273,False,0.0
599,4275,True,0.6461422443389893
4829,4276,False,0.0
4393,4277,False,0.0
2399,4278,False,0.0
202,4279,False,0.4676867127418518
186,4280,False,0.0
4393,4281,False,0.0
2934,4282,True,0.5860042572021484
1986,4283,False,0.8064594268798828
1034,4284,False,0.0
636,4285,True,0.500460684299469
4945,4287,False,0.0
3074,4289,False,0.0
2718,4290,False,0.745337963104248
781,4291,False,0.4320322871208191
1484,4292,False,0.0
1618,4293,True,0.7689780592918396
945,4294,True,0.6561481356620789
196,4295,False,0.0
3101,4296,True,0.5657055377960205
625,4296,False,0.6044216156005859
4922,4297,False,0.3118084073066711
5079,4299,False,0.0
4141,4300,False,0.0
1322,4301,False,0.0
1199,4302,True,0.5635325908660889
1556,4303,False,0.4951494634151459
2530,4304,True,0.6892798542976379
752,4305,False,0.0
309,4306,True,0.7423143982887268
1409,4307,False,0.0
599,4308,False,0.0
3841,4309,True,0.7810038924217224
2443,4310,True,1.000000238418579
4092,4311,True,0.5350453853607178
2089,4312,True,0.6766293048858643
3957,4313,False,0.0
390,4314,True,0.6718806028366089
2259,4315,True,0.6272571086883545
3247,4316,True,0.6981179118156433
1217,4317,False,0.0
2726,4318,False,0.0
3111,4319,False,0.0
391,4320,True,0.5567091107368469
4776,4321,False,0.4542378187179565
4551,4321,False,0.4400826692581177
602,4321,False,0.4322335720062256
1998,4323,False,0.0
676,4324,False,0.0
3212,4325,True,0.7633771896362305
1859,4326,False,0.0
3528,4327,True,0.5908169150352478
4829,4328,False,0.0
1756,4329,False,0.8089940547943115
3000,4330,False,0.7913991808891296
2249,4331,False,0.5129914879798889
3328,4332,False,0.0
4077,4333,False,0.2639878988265991
3576,4334,True,0.6994993686676025
4967,4335,False,0.5056673884391785
3074,4336,False,0.0
2896,4337,False,0.0
2804,4338,False,0.0
1549,4339,False,0.6178206205368042
4193,4340,False,0.0
311,4341,False,0.4883981943130493
752,4342,True,0.820417046546936
4311,4343,True,0.4607759118080139
4856,4344,True,0.5132175087928772
1539,4345,False,0.6164560914039612
2427,4346,False,0.0
1384,4347,True,0.7763326168060303
4324,4348,False,0.3116670250892639
3941,4349,True,0.8962221741676331
3200,4350,False,0.3982668220996856
4818,4351,True,0.3864225745201111
1064,4352,False,0.0
1137,4353,False,0.0
5048,4354,False,0.0
4832,4355,False,0.407963752746582
3938,4356,False,0.4611295461654663
3732,4357,True,0.7106937170028687
3039,4358,False,0.0
974,4359,False,0.0
2607,4360,False,0.5324745178222656
1568,4361,False,0.5482898950576782
463,4362,False,0.4973973929882049
3539,4364,True,0.4670433402061462
3557,4365,False,0.431891918182373
4476,4366,False,0.5407644510269165
2721,4367,True,0.6490223407745361
3719,4368,True,0.723234236240387
1952,4369,False,0.0
4077,4370,False,0.2995826005935669
1346,4371,True,0.637779951095581
2095,4372,False,0.4958690404891968
66,4373,True,0.7126305103302002
1756,4374,False,0.7056406736373901
4788,4375,False,0.8035562038421631
2760,4376,False,0.0
2204,4377,True,0.4560481905937195
959,4378,False,0.0
3893,4379,True,0.5224881768226624
510,4380,False,0.0
269,4381,True,0.7170242071151733
3000,4382,False,0.7634960412979126
3078,4383,False,0.0
2477,4384,False,0.0
1756,4385,False,0.583662748336792
2153,4386,False,0.0
1694,4386,False,0.0
1186,4386,False,0.0
1586,4387,False,0.0
2270,4388,False,0.0
2479,4389,False,0.4289462566375732
2508,4391,False,0.494504302740097
773,4392,False,0.0
2283,4393,False,0.0
1756,4394,False,0.7841182351112366
18,4395,False,0.4334931373596191
2789,4396,True,0.4826933145523071
4381,4397,True,0.7904810905456543
4143,4398,True,0.699492335319519
1700,4399,True,0.5330918431282043
4763,4400,True,0.5533831119537354
242,4401,False,0.0
1063,4402,True,0.7812407612800598
273,4403,False,0.5753135681152344
798,4404,True,0.4917190074920654
3538,4405,False,0.0
3087,4406,False,0.5568795800209045
1834,4407,False,0.0
810,4408,False,0.46981942653656
4859,4409,False,0.4600224196910858
2477,4410,True,0.613013744354248
4528,4411,False,0.0
4077,4412,False,0.3476707339286804
49,4413,True,0.6892825961112976
3747,4414,False,0.0
1415,4415,False,0.0
2746,4416,False,0.0
3159,4418,True,0.648078203201294
4829,4419,False,0.0
2970,4420,False,0.0
2998,4421,False,0.0
706,4422,False,0.477225661277771
2991,4424,True,0.5964853167533875
1844,4424,False,0.6017051339149475
1853,4425,True,0.6815645694732666
608,4426,False,0.0
3749,4427,False,0.0
3345,4428,True,0.4403756260871887
4030,4429,False,0.4852356910705566
5101,4430,False,0.0
58,4431,False,0.0
3381,4432,False,0.0
3508,4433,False,0.0
1934,4434,True,0.623026430606842
1777,4435,True,0.8169316053390503
1508,4436,False,0.0
2007,4437,True,0.5168212652206421
2934,4438,False,0.4901418089866638
4967,4439,False,0.5737895369529724
4829,4440,False,0.0
1258,4441,True,0.6329094171524048
2692,4442,True,0.545424222946167
1547,4443,True,0.7974520921707153
1503,4444,False,0.6537495851516724
4788,4445,False,0.7285846471786499
3861,4446,False,0.0
2293,4447,False,0.6098916530609131
3075,4448,True,0.6133930683135986
4607,4449,False,0.0
558,4450,True,0.6981073617935181
4729,4451,False,0.0
3305,4452,True,0.7222810983657837
3459,4453,True,0.5620924830436707
1949,4454,True,0.5273571014404297
1913,4455,False,0.4276026785373688
256,4456,False,0.5423191785812378
2246,4457,False,0.0
2059,4458,False,0.0
4829,4459,False,0.0
3881,4461,False,0.0
676,4462,False,0.0
3096,4463,False,0.0
3166,4465,True,0.8352749943733215
3006,4467,False,0.0
2713,4468,True,0.8396077156066895
569,4469,True,0.8085536360740662
2961,4470,True,0.5287174582481384
2937,4471,True,0.6418664455413818
432,4472,False,0.5502128601074219
2389,4473,False,0.4863231182098388
2998,4474,False,0.0
3522,4475,True,0.6560788750648499
1552,4477,False,0.5898907780647278
1195,4478,True,0.5773657560348511
4114,4479,True,0.6030226349830627
4252,4480,True,0.7113959789276123
676,4481,False,0.0
3001,4482,True,0.6435114145278931
2284,4483,True,0.6129661798477173
4829,4484,False,0.0
917,4485,False,0.0
3838,4487,False,0.6198353171348572
2679,4488,False,0.0
1758,4489,True,0.4298203587532043
4583,4490,False,0.0
25,4491,False,0.0
1942,4491,False,0.0
1445,4492,False,0.0
1393,4493,True,0.7929732203483582
4165,4494,True,0.6515830159187317
4520,4495,True,0.7833097577095032
3096,4496,True,0.7518072128295898
1650,4497,False,0.6124011874198914
4315,4498,False,0.0
5051,4499,False,0.7133378982543945
1118,4500,True,0.7921982407569885
3444,4501,True,0.7452656626701355
3403,4502,False,0.456428200006485
4328,4503,True,0.6286657452583313
3074,4504,False,0.0
4911,4505,True,0.595645546913147
397,4506,False,0.0
1146,4507,False,0.0
3609,4508,False,0.7522997856140137
2036,4509,True,0.749706506729126
1003,4510,True,0.5295697450637817
4800,4511,True,0.7168239951133728
1920,4512,False,0.5900824666023254
4972,4513,True,0.7715467214584351
3100,4514,False,0.0
1732,4515,True,0.7108879089355469
959,4516,False,0.0
679,4517,False,0.0
794,4518,True,0.6056074500083923
4656,4519,False,0.0
3612,4520,False,0.0
5006,4521,True,0.808855414390564
3940,4522,False,0.0
1563,4523,False,0.0
3696,4524,False,0.0
3068,4525,True,0.780541181564331
3707,4526,True,0.8216732740402222
5,4527,False,0.3422417044639587
1903,4528,False,0.5198125243186951
4932,4529,True,0.561099648475647
3371,4530,True,0.8154104948043823
3006,4531,False,0.0
791,4532,False,0.0
3923,4533,False,0.0
941,4533,False,0.0
2428,4534,True,0.5455751419067383
2730,4535,True,0.5580933690071106
3111,4537,False,0.0
3923,4538,False,0.0
941,4538,False,0.0
3641,4539,True,0.7273929119110107
2969,4540,False,0.8317639827728271
4584,4541,True,0.6866920590400696
4333,4542,True,0.5493489503860474
306,4543,True,0.8790956735610962
1018,4544,False,0.0
562,4545,False,0.5874574184417725
1748,4546,True,0.655249834060669
2586,4547,False,0.4891484379768371
643,4548,True,0.6313508749008179
4252,4549,False,0.5664819478988647
1407,4550,True,0.5195935964584351
2109,4551,False,0.4551543593406677
3860,4552,True,0.56370609998703
3935,4553,True,0.7421826720237732
830,4554,False,0.4281033873558044
5087,4555,False,0.0
994,4556,False,0.4368823170661926
189,4557,True,0.5585716366767883
2650,4559,True,0.8069040775299072
1694,4560,False,0.7594677209854126
4583,4561,False,0.4465977549552917
3975,4562,False,0.7436358332633972
2216,4563,False,0.0
1127,4564,False,0.8104293346405029
4658,4565,False,0.0
3153,4566,False,0.8048492074012756
1174,4566,False,0.8242024779319763
3483,4567,True,0.6889205574989319
4521,4568,False,0.0
3868,4568,False,0.0
4458,4569,True,0.7311080694198608
3073,4570,True,0.7164723873138428
939,4571,False,0.0
2467,4572,False,0.5017380714416504
2055,4573,True,0.8355125188827515
1895,4574,False,0.0
1721,4575,True,0.6646906137466431
419,4576,True,0.8398284316062927
4481,4577,False,0.0
13,4578,False,0.502897322177887
3661,4579,False,0.0
1792,4580,False,0.0
2897,4581,False,0.0
876,4583,False,0.0
1739,4584,False,0.0
2079,4584,False,0.0
2738,4584,False,0.0
1885,4585,True,0.6372097730636597
1652,4586,True,0.6141474843025208
572,4587,False,0.5648096203804016
175,4589,True,0.8538366556167603
2842,4590,True,0.7654540538787842
3388,4591,False,0.5132656097412109
2340,4592,False,0.0
1061,4593,True,0.7283802628517151
4308,4594,False,0.0
4152,4594,False,0.0
1307,4594,False,0.0
1174,4595,False,0.8036732077598572
994,4596,False,0.6023204922676086
3609,4597,False,0.7637616395950317
3253,4598,False,0.0
2580,4599,True,0.8197224140167236
8,4600,False,0.0
730,4601,True,0.5857685804367065
648,4602,False,0.0
3200,4603,False,0.0
1486,4604,False,0.5299670696258545
2216,4605,True,0.6336305737495422
2275,4606,True,0.5128854513168335
2804,4607,False,0.0
2480,4608,True,0.8543452024459839
1287,4609,False,0.5735482573509216
188,4610,True,0.6961753964424133
1758,4611,False,0.0
4049,4612,False,0.0
2652,4613,False,0.492432177066803
451,4614,False,0.5379332900047302
4808,4615,False,0.0
1960,4616,False,0.0
2785,4617,True,0.6491947174072266
1986,4618,False,0.7919149398803711
3383,4619,True,0.5897354483604431
1946,4620,False,0.58775395154953
3669,4621,True,0.8262436389923096
4868,4622,False,0.4674320816993713
1584,4623,True,0.7231293320655823
910,4624,False,0.5491392612457275
2538,4625,False,0.0
3988,4626,True,0.7549300193786621
2698,4627,True,0.2925954461097717
2302,4628,False,0.0
2467,4629,False,0.5115727782249451
4038,4630,False,0.0
3661,4631,False,0.3149423599243164
2225,4632,False,0.0
936,4633,False,0.0
710,4634,True,0.7412419319152832
4245,4635,False,0.4405970573425293
1592,4635,False,0.430223286151886
4847,4636,False,0.0
4506,4637,False,0.0
1626,4638,True,0.5972331166267395
4886,4639,False,0.4766794145107269
2260,4639,False,0.4356146156787872
1127,4640,False,0.8092588782310486
1357,4641,False,0.0
4429,4642,False,0.0
834,4643,False,0.0
4920,4644,False,0.0
3924,4645,False,0.0
3997,4646,False,0.5425001382827759
4464,4647,False,0.0
1398,4648,False,0.0
2353,4649,True,0.7025518417358398
5081,4650,False,0.0
4872,4652,False,0.468311071395874
158,4653,False,0.3399417400360107
2315,4654,False,0.4399006366729736
1186,4655,False,0.0
4373,4656,False,0.0
1378,4657,True,0.7174643278121948
1794,4658,False,0.5900313854217529
3832,4659,False,0.420897901058197
5057,4660,True,0.8155364990234375
4126,4661,False,0.0
3892,4662,False,0.0
1484,4663,False,0.0
2359,4665,False,0.0
3250,4666,True,0.6063195466995239
624,4667,True,0.3869669437408447
2850,4668,False,0.0
4844,4669,False,0.0
2340,4671,True,0.6491280794143677
1516,4673,True,0.575696587562561
1845,4674,False,0.0
5051,4675,False,0.0
4535,4676,True,0.7158218622207642
3000,4677,False,0.7465089559555054
4829,4678,False,0.0
1821,4679,False,0.0
1051,4680,True,0.7164853811264038
1039,4681,False,0.6773073673248291
3344,4682,True,0.6615567803382874
320,4683,True,0.5716928243637085
1035,4684,False,0.4686646461486816
3000,4685,False,0.7324140071868896
3326,4686,True,0.6410565376281738
2307,4687,False,0.568237841129303
2329,4688,True,0.4881798923015594
736,4689,True,0.7535539865493774
2177,4690,False,0.0
3256,4691,True,0.7556454539299011
4445,4692,False,0.4720620512962341
343,4693,False,0.0
2725,4694,True,1.0000003576278689
388,4695,True,0.6675646901130676
1186,4696,False,0.0
4608,4697,False,0.6213228702545166
4132,4698,True,0.6807371377944946
1429,4699,False,0.0
1367,4700,False,0.621740460395813
1186,4701,False,0.0
1320,4702,True,0.6758922934532166
1252,4703,True,0.7996459007263184
4829,4704,False,0.0
429,4705,False,0.0
3955,4706,True,0.3513082861900329
2998,4707,True,0.553740382194519
3284,4708,True,0.5651736855506897
2817,4709,False,0.0
1350,4710,True,0.8726497888565063
4807,4711,True,0.4903889894485473
1756,4712,False,0.7846074104309082
994,4713,False,0.5953566431999207
4184,4714,False,0.7936365604400635
4829,4715,False,0.0
2410,4716,False,0.0
2452,4717,False,0.4318204820156097
4387,4719,True,0.8693870306015015
3753,4720,False,0.0
2832,4721,False,0.5613732933998108
1991,4722,True,0.7296656966209412
4547,4723,False,0.7863876819610596
1263,4724,False,0.0
1267,4725,True,0.7392783761024475
2894,4726,False,0.4277958273887634
2538,4727,False,0.4199484288692474
1150,4728,True,0.7185809016227722
1482,4729,True,0.6637811660766602
4539,4730,False,0.0
181,4731,False,0.0
776,4732,False,0.0
3938,4733,False,0.6137977242469788
1304,4734,False,0.0
4829,4735,False,0.0
2192,4736,False,0.0
917,4737,False,0.0
4439,4738,False,0.2277826070785522
1361,4739,True,0.4606537222862243
2679,4740,False,0.0
481,4741,False,0.0
737,4742,False,0.4432684183120727
3193,4743,True,0.7200347185134888
5078,4744,True,0.9063005447387696
3476,4745,False,0.4469534158706665
3451,4746,False,0.0
4547,4747,False,0.0
1338,4748,True,0.6503629088401794
1151,4749,True,0.458189308643341
4529,4750,True,0.7865938544273376
4720,4751,True,0.8856590986251831
271,4752,False,0.0
2360,4753,True,0.5325836539268494
4445,4754,True,0.739665687084198
1174,4755,True,0.8131013512611389
1755,4756,True,0.4613918364048004
4266,4757,True,0.7891750335693359
2559,4759,True,0.7176131010055542
432,4760,False,0.5051572918891907
486,4761,True,0.7106844186782837
3229,4763,False,0.5003551840782166
1825,4764,True,0.6210037469863892
1009,4765,False,0.582604169845581
1845,4766,True,0.8018490076065063
4393,4767,False,0.0
4971,4768,False,0.4651073813438415
3753,4769,False,0.7323248386383057
2030,4769,False,0.7331959009170532
2502,4770,False,0.5000540614128113
3750,4771,True,0.8825891017913818
3097,4772,True,0.5250880122184753
676,4773,False,0.0
345,4774,False,0.0
3251,4775,True,0.594630241394043
2518,4776,False,0.5808300375938416
4184,4777,True,0.8296537399291992
2614,4778,True,0.4771700799465179
3838,4780,False,0.0
466,4781,True,0.7404490113258362
345,4782,False,0.0
4829,4783,False,0.0
1818,4784,False,0.5075384378433228
4560,4785,False,0.0
4172,4786,False,0.4741740226745605
4373,4787,False,0.0
1415,4788,False,0.0
4565,4789,True,0.5488256216049194
248,4790,True,0.7393373250961304
4826,4791,True,0.599374532699585
4630,4792,False,0.4630059003829956
4978,4793,False,0.0
481,4794,False,0.0
4880,4795,False,0.0
426,4796,False,0.5197340250015259
2604,4797,True,0.3903448581695556
2561,4798,True,0.5844725966453552
3648,4800,True,0.9159221649169922
2260,4801,False,0.5685462355613708
2075,4801,False,0.5049804449081421
3288,4802,True,0.7634171843528748
1013,4803,True,0.7771443128585815
3009,4804,False,0.4606456160545349
1731,4805,False,0.0
1127,4807,False,0.7998558282852173
1756,4808,False,0.7983739972114563
432,4809,False,0.4669755101203918
2005,4810,False,0.5185585021972656
3365,4811,False,0.0
4359,4812,False,0.0
4252,4813,False,0.571897029876709
2834,4814,False,0.0
1866,4814,False,0.4843010008335113
4442,4815,True,0.5041041970252991
4506,4816,False,0.0
445,4817,False,0.5035448670387268
1855,4818,True,0.5283222198486328
2760,4820,False,0.0
1275,4820,False,0.0
4971,4821,True,0.8496016263961792
2597,4822,False,0.0
2778,4823,True,0.8160243630409241
3443,4824,True,0.5472190976142883
1106,4825,True,0.7647587656974792
1408,4826,True,0.8721458911895752
2283,4827,False,0.0
1321,4827,False,0.0
3618,4828,False,0.0
2898,4829,False,0.0
4612,4830,False,0.0
2487,4831,False,0.5577311515808105
591,4832,False,0.0
2974,4833,True,0.5236285924911499
2830,4837,False,0.0
45,4838,False,0.5115811824798584
3612,4839,False,0.0
2850,4840,True,0.7556482553482056
4370,4841,False,0.0
2412,4842,True,0.8636486530303955
1701,4843,True,0.7749453783035278
2554,4844,False,0.0
508,4845,True,0.7809680104255676
4808,4847,False,0.0
2602,4848,True,0.5012279748916626
2384,4849,True,0.6885430216789246
426,4850,False,0.6044535040855408
959,4853,False,0.0
1486,4854,False,0.4981251955032348
2679,4856,False,0.0
5106,4857,True,0.5907684564590454
959,4858,False,0.0
4743,4859,True,0.8290916085243225
3057,4860,True,0.5078445672988892
3072,4861,False,0.5176267623901367
724,4862,True,0.6959877610206604
4889,4863,True,0.5612224340438843
994,4864,False,0.458315908908844
3753,4865,False,0.7936925292015076
4165,4867,False,0.0
2263,4869,False,0.0
311,4870,False,0.4976146817207336
3388,4871,False,0.0
1517,4872,False,0.5467496514320374
4150,4873,True,0.7665501832962036
2524,4874,False,0.4112356305122375
3835,4875,False,0.0
4017,4876,True,0.4752644896507263
976,4876,False,0.4388315081596374
2420,4877,False,0.4532822072505951
4086,4878,True,0.4637032747268677
2746,4879,True,0.2818891704082489
3849,4880,True,0.725305438041687
2323,4881,True,0.7831993699073792
2023,4882,False,0.5540748238563538
1716,4883,True,0.7958382368087769
1931,4884,True,0.8540676236152649
3916,4885,True,0.6995420455932617
3576,4886,False,0.0
1552,4887,True,0.6489280462265015
3327,4888,True,0.8316054344177246
21,4889,True,0.7204132080078125
1501,4890,False,0.0
3505,4891,True,0.6251453161239624
4599,4892,True,0.6652885675430298
1259,4893,False,0.5444381237030029
3060,4895,True,0.7089307308197021
202,4896,False,0.5502196550369263
1415,4897,False,0.0
697,4898,True,0.5721118450164795
1460,4899,False,0.0
1433,4900,True,0.8946207761764526
3403,4901,False,0.0
1726,4902,False,0.0
3783,4904,True,0.8471132516860962
3439,4905,True,0.7801169753074646
4447,4906,True,0.5452307462692261
2679,4907,False,0.0
938,4908,True,0.5431301593780518
1264,4909,False,0.5137695074081421
4539,4910,False,0.0
1428,4911,False,0.4938839972019195
3839,4911,False,0.0
2834,4912,False,0.0
1866,4912,False,0.5236730575561523
491,4913,False,0.0
2969,4914,False,0.7963821291923523
2069,4915,False,0.5176393985748291
1220,4916,True,0.3405303955078125
3749,4917,False,0.3247078061103821
5039,4918,True,0.70351243019104
2099,4919,False,0.0
4616,4920,True,0.7209383249282837
4030,4921,False,0.4910281598567962
3262,4922,False,0.0
2583,4924,True,0.5029709339141846
1544,4926,True,0.8116832375526428
68,4927,True,0.7524594068527222
3229,4928,True,0.8334600925445557
2009,4929,False,0.4406712651252746
83,4930,False,0.0
375,4931,False,0.3812558650970459
2161,4932,False,0.5564053654670715
4097,4933,False,0.0
312,4934,True,0.600563645362854
3280,4935,False,0.4757860004901886
2897,4936,False,0.0
3643,4937,True,0.7398266792297363
1823,4938,False,0.0
4776,4939,True,0.6335044503211975
661,4940,False,0.0
4681,4941,False,0.4601102769374847
1383,4942,True,0.5130005478858948
2737,4943,False,0.0
3000,4944,False,0.8459399342536926
3000,4945,True,0.832477331161499
588,4946,False,0.0
3808,4947,True,0.7060135006904602
1415,4948,False,0.0
2782,4949,False,0.3928478062152862
1311,4950,False,0.504952073097229
661,4951,True,0.8415212631225586
4378,4952,False,0.0
5098,4953,True,0.7320186495780945
4541,4954,True,0.5952284336090088
2809,4955,True,0.669560432434082
1336,4957,False,0.6462567448616028
2545,4958,True,0.6668192744255066
1186,4960,False,0.0
1177,4960,False,0.0
4661,4961,True,0.7589797973632812
2846,4962,True,0.6723694801330566
3132,4963,False,0.6926007866859436
4015,4964,True,0.6208176612854004
3058,4965,True,0.6017613410949707
528,4966,True,0.6997601985931396
3734,4967,False,0.5197259187698364
453,4968,True,0.7901308536529541
292,4969,True,0.7494461536407471
3102,4970,False,0.0
2486,4970,False,0.0
109,4970,False,0.0
4829,4971,False,0.0
3868,4972,False,0.5321200489997864
1461,4973,False,0.0
895,4974,False,0.8183081150054932
1807,4975,True,0.5769023895263672
3961,4976,True,0.6616430282592773
4943,4977,False,0.0
2164,4978,False,0.5171041488647461
1522,4979,False,0.0
4808,4980,False,0.0
2420,4981,False,0.4569309055805206
1459,4982,False,0.0
1218,4983,True,0.8411995768547058
3089,4984,True,0.4863941669464111
1868,4985,False,0.5188080668449402
3397,4986,True,0.8778954148292542
2219,4987,True,0.4249134063720703
5051,4988,False,0.7716718912124634
4622,4989,True,0.6250742077827454
3426,4990,True,0.8765274286270142
1413,4991,False,0.0
310,4991,False,0.0
952,4992,False,0.5378097295761108
256,4993,True,0.6778233051300049
25,4994,False,0.580635130405426
2009,4995,False,0.0
3302,4996,False,0.0
4618,4997,False,0.0
1986,4998,False,0.750055193901062
3975,4999,False,0.8051326274871826
2030,5000,False,0.8311190605163574
181,5001,True,0.4292153120040893
4445,5002,False,0.4807653129100799
2098,5003,True,0.6682350635528564
2030,5004,False,0.5766640305519104
3753,5004,False,0.0
2427,5005,False,0.0
1018,5006,False,0.0
1692,5007,True,0.7008911371231079
1351,5008,True,0.6941655874252319
3404,5009,False,0.5889537334442139
2047,5010,True,0.8292231559753418
4779,5011,True,0.6190943717956543
3164,5012,False,0.0
1385,5013,True,0.8616302013397217
4530,5014,False,0.4340315461158752
2925,5015,True,0.6514425277709961
168,5016,False,0.493048220872879
2943,5017,True,0.5872483849525452
3975,5018,False,0.7498362064361572
2754,5018,False,0.7576693296432495
1428,5019,False,0.5382063388824463
4026,5020,True,0.7538881897926331
17,5020,False,0.7489277124404907
1759,5021,False,0.5025961995124817
3975,5022,False,0.7355414628982544
2754,5022,True,0.7056681513786316
2679,5023,False,0.0
3302,5025,False,0.0
23,5026,True,0.8474622964859009
3145,5028,True,0.5448011159896851
4094,5029,True,0.597200870513916
581,5030,False,0.4957826733589172
3000,5031,False,0.7775009870529175
4557,5032,True,0.6614060997962952
4276,5033,True,0.4890623688697815
2174,5034,False,0.3840952515602112
2804,5035,False,0.0
966,5036,False,0.4978134930133819
2280,5037,True,0.6050246357917786
3738,5038,False,0.4483668208122253
1442,5039,False,0.0
345,5040,True,0.729555606842041
2582,5041,False,0.0
1186,5042,False,0.0
641,5043,False,0.0
2816,5044,True,0.6866345405578613
1336,5045,False,0.0
3758,5046,False,0.0
2529,5047,False,0.0
1448,5048,True,0.5672911405563354
2229,5049,True,0.6100546717643738
1731,5050,True,0.6713995933532715
2651,5051,False,0.0
452,5052,False,0.0
2308,5053,False,0.0
2340,5054,False,0.0
4165,5055,False,0.0
930,5056,True,0.7021399736404419
2360,5057,False,0.0
3003,5058,False,0.0
1819,5059,True,0.7095057368278503
3990,5060,False,0.5236932635307312
3894,5061,True,0.6933526992797852
1990,5062,True,0.3614881336688995
1984,5063,True,0.3404061496257782
1046,5064,True,0.4406504034996032
2827,5065,False,0.4390865564346313
2646,5066,True,0.7266145348548889
3753,5067,False,0.5806881189346313
186,5067,False,0.0
1905,5068,True,0.7795783281326294
4784,5069,False,0.5842139720916748
423,5070,True,0.5815905332565308
4542,5071,False,0.5313169360160828
3519,5071,False,0.5581972599029541
1525,5072,True,0.6932263374328613
3860,5073,False,0.0
1249,5074,True,0.732340931892395
759,5075,False,0.0
1543,5076,False,0.4472173154354095
4245,5077,False,0.5124509930610657
1592,5077,False,0.0
3864,5078,False,0.0
4367,5079,False,0.5649361610412598
1472,5080,True,0.3190559446811676
1039,5082,True,0.6000826358795166
4184,5083,False,0.8036473393440247
4368,5084,True,0.4782002568244934
2679,5085,False,0.0
1186,5086,False,0.0
1511,5087,False,0.0
5054,5088,False,0.7491917014122009
3082,5088,False,0.0
927,5089,True,0.6322180032730103
3434,5091,True,0.6983955502510071
3286,5092,True,0.7786486744880676
4443,5093,True,0.6481157541275024
4090,5094,False,0.4592911303043365
1127,5095,False,0.7932334542274475
1356,5096,False,0.0
2077,5096,False,0.4146638214588165
1697,5097,True,0.7673454880714417
2113,5098,False,0.0
2066,5099,False,0.5487297177314758
2906,5100,True,0.4672760963439941
4821,5101,False,0.3563809394836426
1208,5102,True,0.525788426399231
385,5103,True,0.7125508785247803
10,5104,True,0.763752281665802
5051,5105,False,0.794195294380188
593,5106,True,0.4732967019081116
4072,5107,True,0.6493613719940186
395,5108,True,0.7369785904884338
4829,5110,False,0.0
2340,5111,False,0.0
4587,5112,True,0.8346222043037415
3415,5113,False,0.3399845063686371
559,5114,False,0.0
1705,5115,False,0.0
3727,5116,True,0.901522696018219
1747,5117,True,0.6312007904052734
3609,5118,False,0.6410672664642334
1983,5119,False,0.0
4679,5120,False,0.5873702168464661
1772,5121,False,0.0
2322,5122,False,0.5300300121307373
151,5124,True,0.5967887043952942
416,5125,False,0.0
2495,5126,True,0.7200934290885925
3726,5128,True,0.8001887202262878
1913,5129,True,0.8821359872817993
1099,5130,False,0.0
3398,5131,True,0.7153987884521484
4165,5132,False,0.4507765173912048
1487,5133,False,0.0
1561,5135,False,0.0
2745,5136,False,0.6152434349060059
4800,5137,False,0.5389100909233093
163,5138,True,0.6325780153274536
2427,5139,False,0.487456202507019
959,5140,False,0.0
1722,5141,True,0.6285350918769836
3612,5142,False,0.0
296,5143,False,0.5440018177032471
1178,5144,True,0.7892016172409058
477,5145,True,0.8542224764823914
4560,5146,False,0.0
4785,5147,True,0.4663464725017547
4343,5148,True,0.5339287519454956
1527,5149,False,0.0
329,5150,True,0.5837198495864868
3440,5151,True,0.6154358386993408
165,5152,False,0.0
1853,5153,False,0.4442554414272308
2015,5154,True,0.7016431093215942
4126,5155,True,0.8226238489151001
2966,5156,True,0.5393948554992676
1724,5157,False,0.4902396202087402
2894,5158,True,0.802717924118042
375,5159,False,0.0
2589,5160,True,0.5301131010055542
4315,5161,True,0.8197096586227417
321,5162,True,0.796173632144928
1835,5163,True,0.8229444026947021
3695,5165,True,0.6303204298019409
1177,5166,False,0.0
622,5167,True,0.6748618483543396
4560,5168,False,0.0
3357,5169,True,0.8023651838302612
4399,5170,False,0.5714449882507324
2864,5171,True,0.861395001411438
2896,5172,True,0.7182630896568298
3705,5173,True,0.6644041538238525
3188,5174,False,0.0
3975,5175,False,0.7606576085090637
1315,5176,True,0.7552922964096069
1462,5177,True,0.7145432829856873
4487,5178,False,0.0
1160,5179,False,0.6342349052429199
4763,5180,False,0.0
959,5181,False,0.0
2190,5182,False,0.4932768940925598
3807,5183,False,0.0
3381,5184,False,0.411192387342453
2101,5185,False,0.0
2538,5186,False,0.0
2905,5187,False,0.4577049612998962
2411,5188,False,0.0
3363,5189,True,0.4962542057037353
26,5190,True,0.7632163763046265
114,5191,True,0.8782569169998169
212,5192,False,0.5726860165596008
640,5193,False,0.4446443915367126
4004,5194,True,0.4722049832344055
4935,5195,False,0.5240282416343689
490,5196,False,0.6782561540603638
4679,5197,True,0.6644700765609741
1704,5198,False,0.0
2803,5199,True,0.5691063404083252
3371,5200,False,0.4939303696155548
1846,5201,True,0.7229025959968567
4965,5202,False,0.0
1626,5203,False,0.6661816835403442
1084,5204,True,0.6154146790504456
285,5205,True,0.74761962890625
611,5206,True,0.8919287919998169
3778,5207,False,0.0
538,5208,True,0.825174868106842
315,5209,False,0.0
5054,5210,False,0.5397223234176636
4146,5210,False,0.5840880870819092
4135,5210,False,0.5908515453338623
3481,5211,True,0.6293720006942749
345,5212,False,0.0
3918,5214,True,0.8459261059761047
1478,5215,False,0.0
3923,5216,False,0.0
941,5216,False,0.0
3006,5217,False,0.0
1895,5217,False,0.0
1228,5218,False,0.4090373814105987
2078,5219,False,0.0
4587,5220,False,0.0
433,5221,False,0.4722176790237427
4330,5221,False,0.0
1007,5222,False,0.5015257596969604
2000,5223,True,0.5348185300827026
3795,5224,False,0.0
3262,5225,False,0.0
1140,5226,True,0.5941503047943115
255,5227,True,0.8508090972900391
481,5228,False,0.0
1177,5229,False,0.0
1127,5230,False,0.8005872964859009
3174,5231,True,0.6040447950363159
3909,5232,False,0.3051431179046631
3053,5232,False,0.0
4030,5233,False,0.7162306308746338
4788,5234,False,0.0
862,5235,True,0.4344978928565979
3899,5236,False,0.6708965301513672
1171,5237,False,0.0
1916,5238,False,0.0
2913,5239,True,0.5955697298049927
1174,5240,False,0.0
3751,5241,True,0.7795898914337158
1937,5242,False,0.4404396116733551
3814,5243,False,0.484474778175354
3749,5244,False,0.338830828666687
3074,5245,False,0.0
493,5246,True,0.8796568512916565
4235,5247,True,0.3797164857387543
2094,5248,False,0.0
4598,5249,True,0.9703895449638368
4251,5250,True,0.6712158918380737
4154,5251,True,0.515745222568512
3471,5252,False,0.0
1847,5253,True,0.86573326587677
4594,5254,True,0.7027068138122559
986,5255,True,0.8081468939781189
4297,5256,True,0.5782676935195923
717,5257,True,0.6216215491294861
1277,5258,True,0.7055882215499878
608,5259,False,0.0
90,5260,True,0.7828311920166016
3838,5261,False,0.0
3559,5262,True,0.6712803244590759
1429,5263,True,0.4803258180618286
3622,5264,True,0.6209303736686707
5116,5265,True,0.7598943710327148
4238,5266,False,0.0
4270,5267,True,0.4538743197917938
310,5268,True,0.4894842207431793
404,5269,False,0.0
919,5270,True,0.6319498419761658
1866,5271,False,0.6516048908233643
937,5272,False,0.0
3732,5273,False,0.0
4348,5274,True,0.6796532869338989
2506,5275,False,0.0
3164,5276,False,0.0
1435,5277,True,0.7511818408966064
1527,5278,False,0.6133607625961304
1895,5279,True,0.3500511050224304
1243,5280,True,0.5644071102142334
3247,5281,False,0.4951416254043579
4275,5282,True,0.6347513794898987
3795,5283,False,0.0
2137,5284,True,0.7069128751754761
4165,5285,False,0.0
1925,5286,True,0.616855263710022
2652,5287,False,0.0
4393,5288,False,0.0
2698,5289,False,0.0
1077,5290,True,0.6605613231658936
2613,5291,False,0.0
3132,5292,False,0.5090270638465881
1984,5293,False,0.0
4069,5295,True,0.8011188507080078
1763,5296,True,0.5777297616004944
1720,5297,True,0.6895326972007751
1256,5298,True,0.8750555515289307
2436,5299,False,0.0
3686,5300,False,0.0
4036,5301,True,0.4931889772415161
4347,5302,False,0.0
1415,5303,False,0.0
2702,5304,False,0.4835105538368225
1548,5305,True,0.7275373935699463
2516,5306,True,0.694907546043396
1784,5308,False,0.5704202055931091
3521,5309,True,0.664372444152832
2573,5310,True,0.6894115805625916
1243,5311,False,0.0
73,5312,True,0.5640683770179749
524,5313,False,0.0
2732,5315,False,0.5719414949417114
3675,5316,False,0.0
2950,5317,False,0.0
3239,5318,False,0.4628646373748779
3797,5319,True,0.6663406491279602
4002,5320,True,0.5087494850158691
430,5321,True,0.6790421009063721
815,5322,True,0.7955557107925415
3477,5323,False,0.0
3326,5324,False,0.0
2256,5325,True,0.3970828354358673
1759,5326,False,0.5163838267326355
4655,5327,False,0.0
4829,5328,False,0.0
4783,5329,True,0.6340224742889404
2828,5330,False,0.0
3354,5331,True,0.6533277034759521
3225,5332,False,0.0
836,5333,False,0.3453434705734253
2787,5334,True,0.7755746841430664
185,5335,False,0.6199787259101868
4644,5336,True,0.566133975982666
322,5337,True,0.7235535383224487
3772,5338,False,0.0
4565,5339,False,0.0
4339,5340,True,0.6523373126983643
3152,5341,False,0.4250966906547546
1500,5342,True,0.8766981363296509
4776,5343,False,0.0
3229,5344,False,0.4197012186050415
4142,5345,True,0.5426925420761108
4829,5346,False,0.0
4547,5347,False,0.7691453099250793
2414,5348,False,0.6943340301513672
2371,5349,True,0.4964118003845215
1451,5350,True,0.7420099973678589
3015,5351,True,0.454224944114685
1310,5352,False,0.5811537504196167
3160,5354,True,0.7395225763320923
5046,5355,True,0.6815083622932434
3024,5356,True,0.7444800138473511
2292,5357,True,0.517740786075592
4612,5359,False,0.7302373647689819
1832,5360,False,0.0
4970,5361,True,0.6556451916694641
4165,5362,False,0.0
1094,5363,False,0.0
4808,5364,False,0.0
3569,5365,False,0.0
3824,5366,False,0.597050666809082
2508,5367,False,0.4583059251308441
3293,5368,False,0.0
2957,5369,False,0.0
3580,5370,False,0.0
3096,5371,False,0.0
2952,5372,True,0.4475052952766418
2540,5373,False,0.5376459956169128
3602,5374,True,0.3121702075004577
4844,5375,False,0.0
3497,5376,True,0.6846836805343628
268,5377,True,0.517465353012085
4444,5378,True,0.7524062395095825
2969,5379,True,0.8346378803253174
1527,5380,False,0.6728652119636536
602,5381,False,0.0
4853,5382,True,0.6381502151489258
4829,5383,False,0.0
2914,5384,True,0.781374454498291
639,5385,False,0.6196863651275635
4829,5386,False,0.0
616,5387,False,0.5881902575492859
3749,5389,False,0.2790779769420624
94,5390,False,0.4675578474998474
4937,5390,False,0.5081231594085693
4245,5391,False,0.0
1535,5392,False,0.5986875891685486
4338,5393,True,0.7912092804908752
2154,5394,True,0.4317017197608948
2066,5395,False,0.5547661781311035
1790,5396,True,0.6020668745040894
1715,5397,False,0.0
2871,5398,False,0.0
3278,5399,False,0.0
4040,5400,False,0.0
4583,5401,False,0.3586544096469879
987,5402,True,0.6245089769363403
1137,5403,False,0.5246378779411316
4341,5404,False,0.4423530697822571
4184,5405,False,0.7894466519355774
4612,5406,False,0.7229917049407959
3609,5406,False,0.7283209562301636
4598,5407,False,0.0
1700,5408,False,0.0
830,5409,True,0.61457359790802
3580,5410,False,0.0
3591,5411,True,0.8825687170028687
2302,5412,False,0.0
4524,5413,True,0.8520363569259644
4239,5414,False,0.7036842703819275
2138,5415,True,0.6800633668899536
3971,5416,True,0.7315320372581482
2718,5417,False,0.7753933668136597
2246,5418,True,0.4385421276092529
1593,5419,False,0.0
3189,5420,False,0.5770691633224487
4165,5421,False,0.0
2438,5422,False,0.0
145,5423,False,0.5407772064208984
697,5424,False,0.5695108771324158
4547,5425,False,0.7992977499961853
5054,5426,False,0.6096339821815491
4552,5427,True,0.8234700560569763
1427,5428,True,0.7629374265670776
4165,5429,False,0.0
3350,5430,False,0.4181858897209167
1318,5431,True,0.6786020994186401
5051,5432,False,0.7489955425262451
2183,5433,False,0.0
4566,5434,False,0.5739810466766357
4803,5435,False,0.0
1415,5436,False,0.0
1158,5437,False,0.0
2257,5438,True,0.5860514640808105
994,5439,False,0.5125813484191895
1699,5440,False,0.0
2937,5441,False,0.4697594940662384
2752,5442,False,0.0
1849,5442,False,0.0
3678,5443,False,0.5772300958633423
3601,5444,True,0.8257787823677063
2239,5446,False,0.0
4885,5447,False,0.0
74,5448,False,0.5467904806137085
408,5449,True,0.6175139546394348
4614,5450,True,0.893700361251831
3980,5451,False,0.6040743589401245
3153,5451,False,0.6155939698219299
1174,5451,False,0.6065057516098022
895,5451,False,0.5921165347099304
97,5451,False,0.6249521374702454
4373,5452,False,0.0
3596,5453,True,0.7228289842605591
3609,5454,False,0.7492438554763794
1125,5455,False,0.5780544877052307
3450,5456,False,0.3585590422153473
859,5457,False,0.0
2513,5458,True,0.5797554850578308
932,5459,True,0.6776002645492554
1461,5460,True,0.8527522087097168
2345,5461,False,0.3917098641395569
4985,5462,True,0.8564655780792236
5029,5463,False,0.0
4405,5464,False,0.4837906062602997
1236,5465,True,0.6740646362304688
3074,5466,False,0.0
537,5467,False,0.0
2969,5468,False,0.8158482313156128
4560,5469,False,0.0
2079,5470,False,0.0
1704,5471,False,0.0
1558,5472,True,0.6836866140365601
3612,5473,False,0.0
1903,5474,False,0.5430186986923218
2377,5475,True,0.4957607686519623
4774,5476,True,0.5315642356872559
226,5477,False,0.0
2969,5478,False,0.7609740495681763
4962,5479,False,0.0
2095,5480,True,0.5133060216903687
767,5481,True,0.7342332601547241
1834,5482,False,0.0
631,5484,True,0.5839813351631165
3038,5485,False,0.0
4806,5486,False,0.0
4312,5487,True,0.7342764139175415
2734,5488,False,0.0
4252,5489,False,0.6096506118774414
4451,5490,False,0.0
1518,5490,False,0.0
2094,5491,False,0.0
3939,5492,True,0.523887038230896
1502,5493,True,0.5801531672477722
1043,5494,False,0.5700377225875854
2718,5495,False,0.8618892431259155
1914,5496,True,0.5823008418083191
4719,5497,False,0.4402322173118591
3746,5498,False,0.5536263585090637
3153,5499,False,0.4838352799415588
2889,5500,True,0.4685949981212616
4022,5501,False,0.0
1568,5502,False,0.4897293448448181
421,5503,True,0.667286217212677
627,5504,False,0.4607200026512146
3327,5506,False,0.1695564836263656
1036,5507,True,0.5470208525657654
3416,5508,True,0.855957567691803
2248,5509,True,0.7795938849449158
1877,5510,True,0.7735764980316162
3236,5511,True,0.5642401576042175
1733,5512,False,0.0
2688,5513,False,0.0
2587,5514,True,0.6683675050735474
1917,5515,False,0.0
488,5516,True,0.7622350454330444
2689,5517,True,0.7687703371047974
4024,5518,True,0.655799925327301
2983,5519,False,0.0
676,5521,False,0.0
159,5522,True,0.4687811136245727
4671,5523,True,0.6589849591255188
2815,5524,True,0.7687159776687622
2282,5525,True,0.6512113213539124
3502,5526,False,0.5727420449256897
959,5527,False,0.0
1398,5528,False,0.0
4030,5529,False,0.7966063618659973
1737,5530,True,0.7893462181091309
1430,5531,False,0.0
3684,5532,False,0.0
1338,5533,False,0.2480716407299041
2804,5534,False,0.0
3074,5535,False,0.0
4868,5536,False,0.4695130586624145
2955,5537,True,0.8903151750564575
3266,5538,True,0.5402050018310547
3094,5539,True,0.742388129234314
2328,5540,False,0.0
148,5541,False,0.0
3200,5542,False,0.6369197368621826
2156,5543,False,0.0
423,5544,False,0.0
3197,5545,False,0.0
1381,5545,False,0.0
1478,5546,False,0.0
77,5547,True,0.6893410682678223
5048,5548,False,0.0
560,5549,True,0.4575039446353912
4880,5550,False,0.0
1110,5551,False,0.0
4814,5553,True,0.748907744884491
2988,5554,False,0.0
2195,5555,False,0.4405410289764404
3949,5556,True,0.6331362128257751
206,5557,False,0.5962620973587036
4415,5558,True,0.5944464206695557
800,5559,True,0.7406196594238281
5070,5560,True,0.7483787536621094
440,5561,False,0.7026382684707642
2722,5562,False,0.4833047091960907
4077,5563,False,0.3669213354587555
3738,5564,False,0.0
3315,5566,True,0.5066115260124207
676,5567,False,0.0
1564,5568,False,0.0
266,5568,False,0.0
3000,5569,False,0.7938810586929321
266,5570,False,0.0
4268,5571,True,0.490363210439682
4904,5572,False,0.4064913392066955
2999,5573,True,0.5581562519073486
3997,5574,False,0.5414568781852722
4484,5575,True,0.712510883808136
528,5576,False,0.0
304,5577,False,0.0
2277,5578,False,0.0
1035,5579,False,0.0
4808,5579,False,0.0
4077,5580,False,0.4259030818939209
4426,5581,False,0.5073566436767578
4729,5583,False,0.0
720,5584,True,0.7337537407875061
1985,5585,True,0.6406087875366211
2648,5588,True,0.9138602018356324
4434,5589,True,0.7369423508644104
2770,5590,True,0.3502830266952514
3345,5591,False,0.3364367187023163
3765,5592,False,0.0
1285,5593,True,1.000000238418579
3391,5594,True,0.6792875528335571
3657,5595,False,0.5938071012496948
4965,5596,True,0.5554120540618896
1527,5597,False,0.5934008359909058
4413,5598,False,0.0
3018,5599,True,0.6974650621414185
2826,5600,True,0.5264755487442017
567,5601,False,0.0
4077,5602,False,0.2936423718929291
232,5603,True,0.7692371606826782
1736,5604,True,0.5099237561225891
4182,5605,True,0.6523120403289795
2691,5606,True,0.5270087122917175
4829,5607,False,0.0
4320,5608,True,0.7503317594528198
1704,5609,False,0.0
3503,5610,True,0.9999997615814208
3963,5611,True,0.614109992980957
3346,5612,False,0.0
4768,5613,False,0.5734751224517822
2226,5614,True,0.7423315048217773
3865,5615,True,0.5309177041053772
1559,5616,True,0.6283748745918274
3180,5617,False,0.0
639,5618,False,0.718583345413208
2022,5619,False,0.0
1701,5619,False,0.0
1552,5620,False,0.7469141483306885
4829,5621,False,0.0
917,5622,False,0.4930386543273926
953,5623,False,0.0
1694,5624,False,0.0
1186,5624,False,0.0
2804,5625,True,0.487770140171051
2731,5626,False,0.0
4994,5627,False,0.5762722492218018
4341,5628,False,0.4738930761814117
3827,5629,True,0.9015394449234008
381,5630,True,0.8189980983734131
3471,5631,False,0.0
1756,5632,False,0.773553729057312
934,5633,True,0.555706799030304
4547,5634,False,0.0
2331,5635,False,0.0
661,5636,False,0.0
3238,5637,False,0.4411338269710541
959,5638,True,0.4145886600017547
4943,5639,True,0.8660800457000732
1174,5640,False,0.7628102898597717
1982,5642,False,0.7344247102737427
2376,5643,False,0.0
3128,5644,True,0.6521660685539246
4216,5645,True,0.5244489908218384
1478,5646,False,0.0
3585,5647,True,0.8217720985412598
3679,5648,False,0.801494836807251
2724,5648,True,0.6960018277168274
1493,5649,False,0.0
1475,5650,True,0.6370517611503601
445,5651,True,0.6912744641304016
4393,5652,True,0.4755392074584961
1465,5653,True,0.7732343673706055
1186,5654,False,0.0
2828,5655,False,0.0
2898,5656,False,0.0
3882,5657,True,0.7509909868240356
1446,5658,True,0.8821733593940735
3711,5659,False,0.0
3779,5660,False,0.4522005915641784
64,5661,False,0.0
2804,5662,False,0.0
3335,5663,True,0.855779767036438
929,5664,True,0.5739420652389526
3313,5665,False,0.5068596601486206
1593,5666,False,0.0
3229,5667,False,0.4542573988437652
4562,5668,False,0.4111878275871277
3247,5669,False,0.0
1971,5670,True,0.6897959113121033
4245,5671,False,0.4473977386951446
1592,5671,True,0.5312934517860413
2942,5672,False,0.5436144471168518
4640,5673,False,0.0
676,5674,False,0.0
428,5675,True,0.6902623176574707
798,5676,False,0.0
5023,5677,False,0.5521085262298584
3679,5678,True,0.5948761701583862
702,5679,True,0.6718137860298157
1415,5680,False,0.0
917,5681,False,0.389592558145523
25,5682,False,0.7133212089538574
4254,5683,False,0.4236122965812683
1818,5684,False,0.0
4409,5685,False,0.7658418416976929
4491,5686,True,0.6335948705673218
1432,5687,True,0.7375721335411072
1364,5688,True,0.6302680969238281
446,5689,True,0.8356124758720398
2430,5690,True,0.482683390378952
4550,5691,True,0.7061339616775513
3326,5692,False,0.0
253,5693,False,0.0
4125,5694,True,0.6284657716751099
1929,5695,False,0.0
4130,5696,False,0.0
2171,5697,True,0.8496502637863159
4804,5698,True,0.723882257938385
1741,5699,False,0.5272026062011719
3074,5700,False,0.0
1843,5701,True,0.7712767720222473
1431,5702,True,0.8728030920028687
2942,5703,True,0.707319974899292
3609,5704,False,0.7471258044242859
4648,5705,True,0.7216157913208008
273,5706,False,0.400266021490097
2651,5707,True,0.445211261510849
2821,5708,False,0.0
1825,5708,False,0.0
3821,5708,False,0.0
3923,5709,False,0.0
4757,5710,True,0.5315792560577393
970,5711,False,0.0
1689,5712,True,0.4525646567344665
639,5713,False,0.5656255483627319
2745,5714,False,0.5243686437606812
2608,5715,True,0.4048933088779449
4140,5716,False,0.3871491551399231
629,5717,False,0.0
2001,5718,False,0.0
3854,5719,True,0.7890152335166931
3594,5720,False,0.3693373203277588
4235,5721,False,0.0
3352,5722,True,0.7758294939994812
2471,5723,True,0.9154452085494996
2232,5724,True,0.8069363832473755
1403,5725,True,0.897965669631958
3039,5726,False,0.5585294961929321
3006,5727,False,0.0
1895,5727,False,0.0
4393,5728,False,0.0
1950,5729,False,0.0
4176,5730,True,0.7565189599990845
233,5731,False,0.0
4770,5732,False,0.0
2871,5733,False,0.0
5015,5734,True,0.7070186734199524
3229,5735,False,0.4838761687278747
3111,5736,False,0.0
3389,5737,True,0.852563738822937
2165,5738,False,0.0
3337,5739,True,0.3725197315216064
2747,5740,True,0.470561683177948
174,5741,True,0.4190723299980163
4075,5742,False,0.7141913175582886
2776,5743,True,0.6605501770973206
2683,5744,False,0.0
3704,5745,False,0.0
2109,5746,False,0.0
1462,5747,False,0.3719910085201263
2783,5748,False,0.5779598355293274
1432,5749,False,0.0
4858,5750,False,0.0
3164,5751,True,0.5101536512374878
4849,5752,False,0.6313024759292603
1624,5753,True,0.8031318783760071
4547,5754,False,0.5857706069946289
2339,5755,False,0.0
3074,5756,False,0.0
497,5757,True,0.560886025428772
570,5758,True,0.5747785568237305
2587,5759,False,0.4866375923156738
4805,5760,True,0.6899504661560059
3000,5761,False,0.8014121651649475
822,5762,True,0.5536128282546997
3753,5763,False,0.8161628246307373
1756,5765,False,0.8102121353149414
4042,5766,True,0.5707643628120422
1480,5767,True,0.7689884901046753
3153,5768,False,0.8115072250366211
4829,5770,False,0.0
1336,5771,False,0.5923537611961365
1277,5772,False,0.4273787438869476
5051,5773,False,0.0
560,5774,False,0.0
773,5775,True,0.5584403276443481
200,5776,False,0.0
1814,5777,True,0.5521894693374634
1617,5778,True,0.8505131602287292
4861,5779,True,0.9006419777870178
2059,5780,True,0.7071422934532166
4598,5781,False,0.0
345,5781,False,0.3397912979125976
2101,5782,False,0.0
111,5782,False,0.0
951,5783,True,0.6940970420837402
4958,5784,False,0.5543994903564453
4457,5785,False,0.414176344871521
2165,5786,True,0.7071176767349243
4069,5787,False,0.5269846320152283
2942,5788,False,0.5088373422622681
4071,5789,True,0.7263932228088379
1849,5790,False,0.0
1336,5791,False,0.0
2669,5792,True,0.5705020427703857
3749,5793,False,0.0
994,5794,False,0.5055358409881592
3975,5795,False,0.8034189939498901
1395,5796,True,0.5689793229103088
2358,5797,True,0.8885844349861145
652,5798,True,0.3430706560611725
4354,5799,True,0.6873503923416138
631,5800,False,0.0
3857,5801,False,0.0
3302,5802,False,0.0
3769,5804,False,0.0
1311,5805,True,0.7898283004760742
1365,5806,False,0.0
4789,5807,False,0.5049948692321777
4210,5808,False,0.0
2957,5809,False,0.0
3381,5810,False,0.3834525644779205
2987,5811,False,0.4711950719356537
4776,5812,False,0.3974685072898865
1428,5814,False,0.0
2900,5815,True,0.7035006284713745
4373,5816,False,0.4675990045070648
4771,5817,False,0.4496400952339172
4413,5818,False,0.528765082359314
536,5819,False,0.0
3423,5820,False,0.0
937,5821,True,0.7846828103065491
4184,5822,False,0.7977852821350098
1660,5823,False,0.0
4456,5824,False,0.0
909,5825,False,0.0
3540,5826,True,0.7509283423423767
1127,5828,False,0.0
1879,5829,True,0.6323419809341431
1974,5830,True,0.6749899983406067
4803,5831,False,0.0
59,5832,True,0.427620530128479
2084,5833,False,0.5139702558517456
2467,5834,False,0.5359575748443604
4808,5836,True,0.4431722164154053
481,5837,False,0.0
3661,5838,False,0.3751370310783386
4883,5840,False,0.0
3908,5841,False,0.4334006011486053
1700,5842,False,0.478598028421402
1174,5843,False,0.726046621799469
1174,5844,False,0.76331627368927
846,5845,True,0.487480103969574
3683,5846,False,0.0
1933,5847,False,0.0
3870,5848,True,0.502281665802002
3979,5849,False,0.0
733,5850,False,0.6377463340759277
3056,5851,True,0.6400332450866699
1102,5852,False,0.4473597705364227
1398,5853,False,0.0
3142,5854,True,0.8704110383987427
1186,5855,False,0.0
2422,5856,False,0.0
2285,5857,False,0.4687364101409912
1367,5858,False,0.6022675037384033
4991,5859,False,0.0
1054,5860,False,0.0
4193,5861,False,0.0
430,5862,False,0.0
1056,5863,False,0.4946151375770569
2485,5864,True,0.4042777419090271
4272,5865,True,0.623178243637085
2098,5866,False,0.0
916,5867,True,0.5935816168785095
1986,5868,False,0.3280118107795715
542,5869,True,0.7425824999809265
3913,5870,False,0.0
3081,5871,True,0.5859183073043823
3158,5872,False,0.0
4167,5875,True,0.5302542448043823
1316,5876,False,0.0
3753,5877,False,0.0
694,5878,False,0.0
3471,5879,False,0.0
3025,5880,True,0.658759593963623
2969,5881,False,0.8065046072006226
1127,5881,False,0.7646294236183167
2096,5882,False,0.6045692563056946
4829,5883,False,0.0
40,5884,False,0.0
4328,5885,False,0.4857885539531708
2415,5886,False,0.6763033866882324
223,5887,False,0.0
2553,5888,True,0.624849796295166
1186,5889,False,0.0
1810,5890,False,0.0
1110,5891,False,0.6677777767181396
4248,5892,False,0.4561521410942077
4551,5893,False,0.0
271,5894,True,0.6030470728874207
4551,5895,True,0.4496330618858337
4306,5896,True,0.7787408828735352
959,5897,False,0.0
3321,5898,True,0.5958449840545654
636,5898,False,0.5945668816566467
432,5899,False,0.0
951,5900,False,0.408918023109436
2931,5901,True,0.7288251519203186
2374,5902,True,0.7298427224159241
4301,5903,True,0.5403918027877808
2936,5904,False,0.4230612814426422
350,5905,False,0.0
2069,5906,False,0.652821958065033
2617,5907,True,0.7774532437324524
2030,5908,False,0.5926102995872498
3753,5908,False,0.6061778664588928
2743,5909,False,0.0
2427,5910,False,0.381123423576355
3153,5911,False,0.7581760287284851
1174,5911,False,0.7683860063552856
895,5911,False,0.7718165516853333
2164,5912,True,0.5941248536109924
2868,5913,False,0.6529502868652344
1186,5914,False,0.0
3523,5915,True,0.860075831413269
699,5916,True,0.8505914807319641
496,5917,True,0.7443669438362122
4277,5918,True,0.488365113735199
25,5919,False,0.631428062915802
3938,5920,False,0.6192694306373596
81,5921,True,0.9195994138717652
228,5922,True,0.4856590926647186
287,5923,False,0.0
3753,5924,False,0.742210865020752
2732,5925,False,0.0
2461,5926,False,0.0
2603,5927,True,0.60060715675354
4101,5928,True,0.7641467452049255
4393,5929,False,0.0
5060,5930,False,0.5082558393478394
3111,5931,False,0.0
734,5932,False,0.0
562,5933,False,0.5524036884307861
1477,5934,True,0.895439624786377
3864,5935,False,0.0
3753,5936,False,0.0
2350,5937,True,0.765072226524353
556,5938,True,0.477562665939331
1687,5939,True,0.583687961101532
679,5940,True,0.7214924097061157
4519,5941,True,0.6441624164581299
4612,5942,False,0.5537083148956299
272,5943,False,0.5585943460464478
2146,5944,True,0.6409841775894165
1527,5945,False,0.7315662503242493
481,5946,False,0.0
1745,5947,True,0.5654746294021606
427,5948,True,0.7606515288352966
1756,5949,False,0.8267970085144043
3178,5950,True,0.5244993567466736
3200,5951,False,0.0
799,5952,False,0.0
4776,5953,False,0.0
4551,5953,False,0.0
2881,5954,False,0.0
4288,5955,False,0.0
4391,5956,False,0.0
2883,5957,False,0.5229559540748596
2988,5958,False,0.0
3809,5959,True,0.8564731478691101
345,5960,False,0.6194512248039246
4829,5962,False,0.0
2172,5963,False,0.0
4679,5964,False,0.0
4711,5965,False,0.0
228,5966,False,0.0
2263,5967,False,0.3827647566795349
3837,5968,True,0.6146392226219177
1686,5969,False,0.0
1091,5970,False,0.5199189782142639
1887,5971,True,0.5837889313697815
2638,5972,True,0.568837583065033
4319,5973,True,0.4267585277557373
4899,5974,False,0.0
1684,5975,True,0.4561046361923218
4681,5976,True,0.7319626808166504
959,5977,False,0.0
5051,5978,False,0.7515343427658081
3923,5979,False,0.0
941,5979,False,0.0
4393,5980,False,0.0
2821,5981,True,0.5923615097999573
2524,5982,False,0.0
3120,5983,False,0.4605052769184112
3274,5984,True,0.8171352744102478
3009,5985,True,0.7555800676345825
4547,5986,False,0.7501598596572876
4342,5987,True,0.73267662525177
4704,5989,False,0.4549424946308136
2728,5990,False,0.4920313358306885
2118,5991,True,0.4176792204380035
481,5992,False,0.0
4967,5993,False,0.0
3975,5994,False,0.7989715337753296
4036,5995,False,0.0
2680,5996,True,0.7453733682632446
1982,5997,False,0.6267024278640747
4806,5998,True,0.4022604823112488
4905,5999,True,0.411672979593277
4382,6001,True,0.6675233840942383
686,6002,False,0.0
4829,6003,False,0.0
3338,6004,True,0.4678784906864166
2355,6005,False,0.0
1497,6007,False,0.0
3254,6008,True,0.5366367101669312
773,6009,False,0.0
672,6011,True,0.623329222202301
2828,6012,True,0.7955009937286377
4338,6013,False,0.4469213783740997
945,6014,False,0.0
1073,6015,False,0.6035574078559875
38,6016,False,0.0
3939,6017,False,0.0
1962,6018,True,0.4714391827583313
3063,6019,True,0.6282525658607483
2598,6020,True,0.7245234847068787
4670,6021,True,0.8099855184555054
2135,6022,True,0.7689463496208191
1147,6023,False,0.0
4184,6024,False,0.7657037377357483
3683,6025,False,0.0
2487,6026,False,0.7320696115493774
2765,6027,True,0.768929123878479
1756,6028,False,0.7965503931045532
2462,6029,True,0.7253185510635376
2101,6030,False,0.0
2783,6031,False,0.5473422408103943
455,6032,True,0.6142712235450745
5038,6033,False,0.6773501634597778
2240,6034,False,0.4648356437683105
1776,6035,True,0.6604571342468262
796,6036,False,0.556501030921936
1634,6037,True,0.4871269464492798
2109,6038,False,0.7038182020187378
4965,6039,False,0.5667837858200073
3777,6040,False,0.3286433815956116
2389,6041,True,0.64576655626297
2501,6042,True,0.8314511179924011
4674,6043,True,0.848833441734314
890,6044,True,0.8001368641853333
14,6045,False,0.0
862,6046,False,0.4338619709014892
676,6047,False,0.0
4801,6048,True,0.7714071273803711
5055,6049,True,0.5274301171302795
4992,6050,False,0.0
2526,6051,True,0.6219147443771362
1394,6052,True,0.7605932950973511
2060,6053,False,0.0
3737,6054,True,0.6166667938232422
3580,6055,False,0.0
